-0,03442876
0,02033156
0,03291215
-0,009187956
0,01668666
0,03249737
-0,005052845
-0,03490954
0,01317286
0,03081143
-0,0004792752
-0,01205057
0,01845287
0,003135788
0,01395248
0,003404038
0,02375362
0,03524039
-0,02312694
0,002296227
0,009493606
0,03919323
-0,01477868
0,05194949
0,02253685
0,04183723
-0,008427375
0,0152872
0,04053634
0,006522773
-0,0001765077
0,006434324
0,04436491
0,01536234
0,02822608
-0,008124488
0,02078802
-0,004924099
0,01358301
0,02988192
0,01335014
-0,02082018
0,002355266
-0,02082693
0,01447271
-0,01083275
0,006219346
-0,0248517
-0,03256986
0,01161137
0,01716833
0,006489005
-0,00372621
-0,007644424
-0,02404553
-0,01862698
-0,01573735
0,01899659
0,004503863
0,02172586
-0,004956785
0,02883883
-0,05302926
-0,03094385
-0,002556504
-0,01290096
-0,01306488
-0,01138903
-0,01556193
-0,01862265
0,01698857
0,01414195
0,01009977
-0,02609513
0,005092796
0,007359685
-0,02847033
-0,005887677
0,002372334
0,0330564
-0,02526508
0,01859705
-0,02581014
-0,04842285
0,01842571
0,01827469
0,03283166
-0,002644746
-0,03570195
-0,004347546
-0,02392222
-0,02714666
0,0090544
0,002447669
-0,01223467
0,006124378
0,02156138
-0,01302926
0,02004605
0,001746086
-0,01251632
0,001068635
0,0001988798
-0,015658
0,008725838
-0,01331424
0,00757813
0,001458142
-0,01534221
-0,02632695
-0,04525965
-0,01095871
-0,03133453
0,004882538
-0,02284565
-0,002771114
-0,01074183
-0,0331958
0,02260543
0,02798372
-0,01766189
0,02584838
0,01862917
0,0262869
-0,009854486
-0,01383306
-0,02162675
-0,001533452
0,0239598
0,02241809
0,02161054
-0,01011204
-0,03113207
-0,01543679
-0,008963931
-0,006593375
-0,02429223
0,01434492
0,03062931
-0,004168783
0,02306945
0,03205545
0,009696578
0,03014396
-0,0006706135
-0,01489026
-0,005954609
0,0135712
0,01108934
0,04658272
0,005030813
0,04581597
0,005345515
0,01274181
-0,0009739326
0,0172876
-0,02222145
-0,01456757
0,04951555
0,01939597
-0,00456199
-0,00390166
-0,0255881
0,01890618
0,00612112
-0,0119233
0,007775343
-0,01587798
0,02596529
0,01802014
0,02813074
0,01535471
-0,00538018
-0,01097025
-0,03941787
0,01904986
0,03160388
0,03423846
0,01029358
0,03657162
-0,03143646
0,03340038
-0,03998834
-0,01943642
0,001150946
-0,01101478
3,35007E-06
-0,007733483
0,007305489
-0,01633109
-0,0001011997
0,0385655
-0,002012715
-0,02342494
-0,01430181
-0,01037107
0,02360917
0,001536602
-0,02112426
0,02004297
0,007572874
0,01337759
0,005783132
-0,000875171
0,03460253
0,02080206
0,008906879
0,00801117
0,02933622
0,03115301
-0,03812718
-0,03219599
-0,01324133
-0,02871495
-0,01075025
-0,01153861
-0,02684711
0,009572593
-0,02874513
0,0355315
-0,01939239
0,003308351
-0,03506164
-0,005719471
0,01955007
0,0108785
0,01444198
-0,01301397
-0,009666029
0,02434755
0,004441165
-0,03570542
0,007091213
-0,0005543181
-0,04355234
0,005851818
-0,02119378
-0,02599989
-0,03383596
0,01821505
-0,02165693
0,01012128
-0,01723792
-0,06008156
0,002206456
-0,006175127
-0,02151906
0,001832091
0,01116272
0,01950468
-0,0176615
-0,0370211
-0,03733782
-0,0232312
-0,008478857
-0,009024838
-0,02034172
-0,0105863
-0,05153128
-0,00505816
0,01947693
-0,01054707
-0,007058951
-0,05724912
-0,04231309
-0,04171913
-0,01841118
0,01633162
-0,04443499
-0,01608598
-0,01508826
0,008527933
-0,01052166
0,003163243
-0,000853876
0,01318181
-0,01799838
-0,04595383
0,004321849
-0,01579543
0,003451084
0,007128449
0,003480895
-0,03099628
-0,02553479
0,001091072
-0,03117445
0,004688541
-0,01026951
0,02877594
-0,00176562
-0,02095842
-0,02007914
-0,03723822
-0,01036544
0,005399192
0,01245319
-0,02052593
0,004248092
0,01028388
0,03373195
-0,0141995
-0,04391038
-0,04716817
-0,01971266
0,0008684994
0,007962734
-0,01628511
-0,03008777
0,01704424
0,009012436
-0,02969579
-0,05652335
0,01092448
-0,01531656
-0,0301445
-0,01177838
-0,02507091
-0,05247789
-0,01259769
0,01596048
0,01598004
-0,01203616
-0,01106095
0,03055234
-0,009597103
0,01483711
-0,01968687
-0,04999133
-0,01879853
0,002127738
-0,02519573
-0,03171257
-0,02825797
-0,02916911
-0,01504831
0,01511154
0,02016547
-0,04692986
0,01966959
-0,01603526
0,006358099
-0,02676027
-0,007041208
0,01429626
-0,02552718
-0,01838518
-0,0119401
-0,02723074
0,01243599
-0,01468937
-0,005158552
-0,007296284
-0,0003659979
-0,03820308
-0,03542102
-0,02373319
0,006173059
-0,01734637
-0,002386956
0,01255383
-0,03264119
-0,01909126
-0,03343327
0,02178236
-0,01843694
0,002627952
0,004758888
-0,03149616
0,01230558
-0,003207803
0,008193253
-0,01117999
-0,01365219
-0,04389483
-0,0482187
0,02872531
-0,007007231
0,01466023
0,03522369
0,03159666
-0,006519195
-0,02085738
-0,01701488
0,01747577
-0,03799951
0,01274216
0,01017572
-0,01719334
-0,02219454
-0,0292297
-0,02336762
-0,001869807
0,01382655
0,01835649
-0,02105778
0,02652865
-0,02439842
0,0279761
0,01651459
-0,02283127
0,005990588
-0,001295396
0,009259903
-0,03877965
0,001621032
-0,02974486
-0,03830667
0,01351389
-0,01903737
-0,02016845
0,004383869
-0,02256484
0,001690622
-0,01149983
0,003016127
0,0401428
0,0106136
0,006121046
0,02470312
-0,004082881
-0,01209067
0,01662424
0,0257919
0,01825276
-0,006253173
-0,02320165
0,006435285
-0,01824094
0,02797254
0,01184802
0,03216852
-0,006187805
0,03227448
0,02542741
0,01847382
0,02737871
0,004662453
0,008850398
0,009257197
0,02243662
0,01058157
-0,01805496
-0,01188427
-0,03481053
0,005346251
-0,03015514
-0,007646254
-0,03523931
-0,02191614
-0,006363858
0,03711188
0,02484239
0,03044365
-0,001935196
0,03420364
0,02226019
0,02005202
0,04138029
0,03007456
-0,01002479
0,01470254
0,02697019
0,02364909
0,01539584
0,01065249
-0,01650061
-0,02259797
-0,03017515
0,02191159
-0,01239996
0,01341425
-0,01502348
0,02837334
0,01469218
0,01770288
-0,0164726
0,03171441
0,02321749
0,03476529
-0,02464602
0,01708596
-0,004190831
-0,01118762
-0,001129104
-0,01375394
0,02518206
0,003103278
0,0114493
-0,01744752
-0,004403539
-0,02402236
0,01972094
0,02298867
-0,01936054
-0,01307837
-0,008768214
0,009442727
-0,001965797
-0,007488964
0,0005525635
0,04794654
-0,001795716
0,02796641
0,02993866
0,01415566
0,01532015
0,03282087
-0,01072349
0,01011358
0,01124459
0,00425444
0,008343774
0,02014815
-0,01341566
-0,03120408
0,007510244
-0,005868825
-0,01741298
0,04139519
0,001241683
-0,008865484
0,01627989
4,716502E-05
-0,01631343
-0,006921273
0,0227985
-0,0171849
-0,01192984
0,006223564
0,00921503
0,02855781
-0,00949644
0,01072623
-0,004064944
-0,02509459
-0,003859056
-0,02022777
-0,001079449
0,03236043
0,01572746
-0,02347614
0,04328434
0,002808992
0,0004355655
0,01449937
-0,006978605
0,001434444
-0,01677738
0,00268445
0,01049461
0,01947339
-0,01436613
0,02296132
-0,003583947
-0,01238409
0,01318903
0,005601609
0,02410712
0,02447878
0,01084098
-0,01235307
0,01449099
0,01699501
0,03445142
0,01728795
-0,005976011
-0,02060061
-0,003304084
-0,0187355
0,006209342
-0,01259904
-0,01604624
-0,006423513
0,01612167
0,0006990517
-0,02845696
0,004747228
0,04132169
0,0149226
0,01289882
-0,009871054
-0,01996395
0,001243384
0,02441071
-0,03942221
0,01905955
0,006539276
0,007772105
0,02838
0,01038591
0,006485638
-0,006805277
-0,01244345
-0,04136575
-0,0005467433
-0,03315878
-0,02453509
0,01766825
0,01631116
-0,02175798
-0,01383932
0,02712565
-0,01896476
-0,03771161
-0,005744639
0,01717724
0,01697252
0,01747931
0,04005456
-0,02198708
-0,006493121
0,02260128
-0,004327938
-0,03857006
-0,03392357
-0,0277976
-0,0211233
0,02629558
0,03014785
-0,03535498
0,02685273
-0,01064741
-0,005203963
-0,01448906
-0,04255166
0,03162458
0,02070244
-0,0111509
-0,03125608
-0,006995924
0,01415363
-0,01029119
-0,003128067
-0,03813933
-0,003856325
-0,01320773
-0,004642297
-0,005510279
0,007166164
-0,01350116
0,009287801
0,0009159884
0,01947536
-0,004333416
-0,03203855
0,03744883
-0,01872997
-0,01979232
0,004236206
-0,009136482
0,01986926
0,008274942
0,003183172
-0,03988372
-0,005583181
0,0204236
-0,0213456
0,02583885
-0,01068945
-0,02349683
-0,003374331
-0,00715521
0,001585838
-0,009632191
0,005030653
-0,01171863
-0,005228306
-0,02717525
-0,01189887
0,02235103
0,002005479
0,02298183
-0,01245668
-0,03107963
-0,008011701
-0,004974624
-0,001444974
0,02260526
0,01105679
-0,01564276
0,01150975
-0,009967962
0,0007658671
-0,003205009
0,006005017
-0,01640156
0,007664131
-0,001696773
-0,0263887
-0,0336587
-0,03944708
-0,03506836
-0,01707659
0,02188494
0,01679786
0,002473346
-0,0350585
-0,0003196874
-0,0009332243
0,009667256
-0,02021271
0,01160455
-0,03635819
0,003900569
-0,03039152
-0,03135668
-0,02336447
0,01268149
0,0171033
-0,05027812
-0,05184782
-0,01191314
-0,007338859
0,01272259
-0,001099681
-0,005914527
-0,002667037
0,02544654
-0,006620568
-0,0210698
0,006030664
-0,04370927
-0,04311586
-0,02448042
0,01601389
-0,03720589
0,001628819
0,001826718
-0,005252987
0,02279441
-0,03525357
-0,009929319
0,006412178
-0,003722876
0,0006491355
0,01830236
-0,01044467
0,03854491
0,01261423
-0,006450294
-0,03526739
0,02620488
-0,001202335
-0,03971297
-0,02284863
-0,0007010078
0,00643076
0,008894257
0,002720156
-0,02410811
0,01636083
-0,02333134
-0,03319637
0,02169187
0,01819427
-0,01354459
0,02206516
0,01907141
0,03572391
0,01942042
-0,01883869
0,02037005
-0,02485296
0,01618775
0,01227765
0,007956015
0,00264306
0,02884179
0,02644267
0,009026534
-0,02985017
0,007529731
0,002419809
0,01326716
-0,02415629
0,004887359
0,007029964
-0,01466512
-0,02535309
-0,02872442
0,02134611
0,0432911
0,01179879
-0,0396321
-0,02061875
0,01764307
-0,02066574
0,02602142
0,007879808
-0,003875553
-0,0276354
0,005713632
-0,02774975
0,001813279
0,02286747
-0,01651353
0,03527765
0,01006019
-0,02653685
-0,01553176
0,02273183
0,02709457
0,00921686
0,02254575
-0,02302694
0,03393711
0,018861
0,01491853
0,03349073
-0,005451109
0,02530243
0,02251177
-0,002585028
0,03267217
-0,004448668
0,006307304
0,02546057
-0,02502171
0,002789963
-0,02405735
0,000853426
-0,01134149
-0,0207865
0,001005109
-0,001757272
-0,0006295594
0,009754356
0,01735658
0,02350861
0,04320063
0,02287852
0,01851287
0,01076528
0,01562495
-0,009431444
0,0171337
-0,02141571
-0,01758012
0,01246165
-0,01360891
-0,02104293
0,01440861
-0,019727
0,001291303
0,0008930285
-0,0128877
0,01783142
-0,03252264
-0,0006768372
0,009920709
0,01104851
0,03717472
0,02797811
0,03705416
0,03403584
0,01000437
-0,01046579
-0,01983749
-0,02297286
0,01728719
-0,0151552
0,02174428
0,006127211
0,0222522
-0,02090415
0,02836902
0,03968706
0,03613129
0,03074255
-0,008667995
-0,02046681
0,01164393
-0,02214509
-0,009943133
0,03331579
0,01486848
-0,03720475
0,02050421
0,02050326
0,002250527
0,01035444
-0,002735779
-0,01480944
-0,02659119
-0,01192008
-0,01361911
0,04253756
0,01361008
-0,01756567
-0,008296175
-0,02592189
0,01299293
-0,03390309
-0,03232683
-0,01105793
-0,03034803
-0,03137912
-0,01442347
-0,01250388
0,02571329
-0,01307273
-0,02563369
-0,01201507
-0,02055244
-0,0198411
0,01643563
-0,015029
0,01972139
0,02983695
0,01612793
0,02092966
0,02194813
-0,002536946
-0,01248419
-0,0294705
-0,001521926
0,007822102
-0,004249407
-0,01870166
0,03115668
0,02909577
0,035511
-0,01270287
-0,01797381
0,02995774
-0,008405526
-0,003237125
-0,008360625
-0,01308524
0,02848676
0,03586042
0,0227017
0,01401124
-0,02335481
-0,02088992
0,01052243
-0,0357265
0,02783494
0,01430265
0,03619944
0,008810312
-0,04731245
0,005567444
0,007846141
-0,003636495
-0,01176948
-0,02149139
-0,003559018
-0,03267869
-0,004973935
-0,003298495
-0,005086825
-0,02061059
-0,02786158
0,003133605
-0,01744865
-0,005938382
-0,03297304
-0,0259832
-0,02275692
-0,02509274
-0,03400889
0,009413198
-0,01099414
0,02692709
-0,02693965
-0,02089703
-0,004119955
0,005783755
0,01022431
0,003618932
0,01147389
0,01912055
-0,0001294934
-0,013149
0,01406632
0,01782711
0,01398217
0,002595131
-0,008634255
0,02756117
-0,02746077
-0,002727035
0,01980658
-0,01631427
-0,008126133
0,00793284
-0,01352631
-0,02187985
0,02542555
0,02608457
0,03983293
0,01283932
0,0152919
0,004078014
0,009773625
0,01206297
0,007330714
0,009004066
-0,004043981
-0,005248932
-0,01779276
0,02518163
0,01476028
-0,02739814
0,02156386
0,03295475
0,01126389
-0,005744542
-0,01211396
0,009771019
0,0265215
-0,002023736
0,02905712
-0,01416884
-0,03470712
0,02664135
-0,03095915
0,009633523
-0,008602693
-0,004777912
0,007024161
0,01168324
0,01971135
0,01004059
-0,001934046
-0,01066868
0,03461705
0,01957609
-0,003992921
-0,01604206
-0,01213707
-0,0205115
-0,009392428
-0,02284234
0,0178508
-0,018831
0,01658561
-0,0008246956
0,03125703
0,01687865
0,01870298
-0,02256026
-0,009087109
-0,001890041
-0,02732816
0,01523233
0,01557199
0,0153877
-0,0005259004
0,03118889
0,00145798
0,02999985
-0,02294216
-0,03053685
-0,01287169
-0,02578249
-0,00625809
0,02046972
0,01978227
0,02199063
0,01242413
0,03299615
0,04543915
-0,0171446
-0,02829366
0,02447443
-0,01076695
0,02303694
-0,04009072
0,01246394
-0,01337126
-0,003371163
-0,04441755
0,009901506
0,003543972
0,029204
0,01353292
-0,02412004
0,01698735
0,02258772
-0,04183261
-0,04058761
-0,02910435
-0,01554233
-0,008405298
-0,01573566
0,0186902
-0,02799962
-0,003775142
0,01418597
0,02833421
0,01846498
0,02224265
0,01705345
0,005272455
-0,02968654
-0,03020874
-0,02326089
-0,01785036
0,005505445
-0,02384929
-0,03293384
-0,005189792
0,007142381
0,004137829
0,01948049
-0,009448095
0,009107962
0,006191682
0,006513712
-0,004894564
-0,02931024
-0,02333339
0,02207788
-0,009725987
0,01072672
0,007155513
-0,0009573605
0,007321513
-0,01855996
0,00289769
-0,03798979
0,02964515
-0,009569918
0,0186177
-0,003957908
-0,01386216
-0,01039239
-0,02979433
-0,01030495
0,02830501
-0,001306253
-0,02593526
-0,0188408
-0,003093692
0,04560492
-0,001999462
-0,01649651
0,02244281
0,008235895
-0,007941172
-0,01954355
-0,005235502
-0,01779242
-0,00518279
0,01898704
0,005218281
-0,00244959
0,002715713
0,02324638
-0,01103104
-0,003115772
0,01962077
0,04912791
0,04180568
0,005585607
-0,01940767
-0,02125424
0,03722623
-0,003596185
0,001911514
-0,005475987
-0,006537636
-0,002961374
0,01003182
0,03239698
-0,02516244
-0,01433564
-0,01698083
0,005985585
-0,004851707
0,009051844
0,04953317
0,03046275
0,0147806
-0,0163789
0,008708909
0,01309344
-0,01596711
-0,03760887
0,01951738
-0,02440353
0,02780818
-0,004119329
-0,02432868
-0,02170203
-0,005656117
-0,03555125
-0,02398486
0,009348193
0,006755209
0,002169227
-0,0002669721
-0,01388246
-0,02311991
-0,02383571
0,02640119
0,02569599
0,01089139
-0,01454527
0,01003015
0,0002136738
-0,0340687
0,02749196
-0,009688539
0,002892728
-0,01034406
0,02043306
-0,02552434
-0,01499223
0,008680441
0,01304647
-0,002667953
0,02763121
0,02219954
-0,0223376
-0,01210767
-0,04192411
-0,01608085
-0,001704822
-0,02649847
-0,01402454
0,04462611
-0,008941416
0,02624064
0,02594975
0,04870649
0,02967131
0,02422327
0,01839377
-0,005830532
0,01829951
0,002509407
0,01453781
-0,009970958
-0,02102348
-0,02486252
0,01259093
0,01913036
-0,009986431
0,01954551
-0,03914324
0,02131424
0,008640481
-0,02533875
-0,01341168
-0,02618589
-0,01628902
-0,03118517
0,02134049
-0,0007252475
0,02509152
-0,004296291
-0,03642183
-0,02784741
0,005752291
0,005618814
-0,006084733
-0,02192888
0,0003976976
0,01844435
0,01605666
0,03698076
0,01115459
0,03276039
-0,01693962
-0,04843632
-0,007636091
0,001600388
0,02929565
-0,02438562
0,002453452
-0,0269719
-0,03145739
-0,007285645
-0,03110935
-0,01709686
0,02111329
-0,01805173
-0,0009336107
0,01253435
0,004845045
0,008241771
0,0254642
-0,01532973
0,02074868
-0,02796352
-0,0233755
0,007904284
0,01938779
0,005445426
0,006190564
0,01169827
-0,01952173
-0,009850474
-0,02877133
-0,03589074
-0,02178521
-0,01898244
-0,02781378
-0,02975927
-0,01815973
0,02069792
-0,03466779
0,004263201
-0,04036577
-0,01950298
-0,01108671
-0,01122366
-0,04127962
-0,01608484
0,0006373018
-0,01421555
0,01463442
0,01277168
-0,01532484
0,02250298
0,02734857
0,01016601
-0,02303135
-0,03329753
0,01953218
-0,01178984
0,01051083
0,0004741169
-0,01053531
0,005924241
-0,04851054
0,01497365
-0,01938236
-0,01616838
-0,03960761
0,01059476
-0,03494956
-0,02054302
-0,02056703
-0,00321511
-0,01026759
-0,01878786
0,02115668
-0,02979086
-0,007340244
0,01010049
-0,01508754
-0,003577911
-0,01198292
-0,04584379
-0,04158511
0,002170718
0,007694804
-0,02199257
-0,04155782
-0,005088125
0,03193934
-0,02316018
-0,005929923
-0,0005454284
-0,007568149
0,01703401
-0,01607019
0,009183292
0,01220362
0,03681202
-0,009427227
0,02268611
-0,02813352
0,004840574
-0,01702722
0,01023325
0,004137424
0,01439525
-0,006635574
0,01354347
0,01474483
-0,0102807
0,01275728
-0,02410292
0,01302035
0,02210899
0,02767173
0,008334564
0,004640176
0,008098743
0,01695779
-0,02751004
0,01937925
-0,01362908
0,01561166
0,03298654
-0,04124403
0,008344965
-0,02840094
0,005827966
-0,02982377
-0,001406706
-0,003169591
0,01072118
-0,00161368
-0,008736799
0,008545409
0,00466989
-0,02133206
0,0005820137
-0,000406447
-0,0441868
0,006106081
-0,03053251
0,02336899
0,01317257
-0,01992656
-0,027791
0,01340036
-0,01101928
0,01955435
-8,237211E-05
0,00185774
0,03040334
0,02493303
-0,01873875
-0,0218841
-0,02367352
0,009802485
-0,0107266
-0,02418556
0,008325635
0,006572075
0,01022853
0,02352623
-0,005866215
0,01808734
-0,03414034
0,007295724
-0,002776739
-0,001742454
0,0258577
-0,03503328
0,01930134
0,001439815
0,02692597
-0,005851996
-0,005478307
0,01649333
-0,01946968
-0,00736188
0,002357071
0,002929388
-0,003307865
0,01633653
-0,0005118832
0,02151272
-0,002554975
0,01601341
-0,01012727
0,006271458
-0,02583149
-0,02757126
0,02417409
-0,006238875
-0,02256115
0,001019466
0,01653172
0,002942528
0,02066536
-0,00622422
0,005482959
-0,00372918
0,005602285
-0,01732397
0,03927212
0,01626161
0,02686189
0,008273845
-0,00932521
-0,02776256
-0,008969687
0,02982054
0,02582357
-0,01296831
-0,0008946535
-0,02849065
0,012742
-0,02669312
-0,01680645
-0,006631339
-0,01866519
-0,01131422
0,001961445
0,01509919
-0,02066315
0,03079294
-0,02388063
0,01521675
0,01133415
-2,716401E-05
0,004479122
0,03261858
0,0282765
-0,02016724
0,01855472
-0,02013663
-0,03547607
0,02961684
0,04411862
0,03243638
0,02966563
-0,007004424
0,0233865
-0,01669602
0,03967165
-0,003038956
0,01085338
0,02529309
0,02755777
-0,01772051
0,001220659
0,03444459
0,009400673
0,002173264
0,02652612
0,004425293
-0,03383009
0,04328549
0,04124039
0,02539472
0,005479654
0,01880858
0,02472496
-0,00240273
0,008993039
-0,005297125
-0,02100321
0,001522263
-0,01541194
0,00398284
0,02813402
-0,01360309
-0,01443615
0,002972168
0,01413001
0,006022656
0,04234465
0,01101137
0,03052275
0,006563289
-0,00426041
-0,002002724
0,02794326
0,00482432
0,00305745
0,00567994
0,02316409
-0,01611658
-0,0009107414
0,01293205
-0,01134519
-0,02968238
0,02510196
-0,02692684
-0,02186071
0,002387249
-0,00808653
-0,005989559
0,01508367
-0,009868322
-0,01329435
-0,03401665
-0,01919858
-0,007975079
-0,02690604
-0,02226765
0,02079722
0,02007456
0,04322907
0,01915875
0,004033674
-0,00451603
-0,00448001
-0,01562224
0,0002095627
0,006010479
0,01793921
0,02004394
0,005065511
0,03219969
-0,0310468
0,01973367
-0,03135889
0,01804051
-0,03320501
0,02706806
-0,00571484
0,02241053
-0,01320214
-0,02072093
0,009202293
-0,001913934
0,03801804
0,0002801694
0,007039912
0,004976684
0,027806
-0,004557789
0,01310669
-0,0006003312
0,00680045
-0,002042903
-0,02972652
0,01033094
-0,03133431
0,01125266
0,02928735
0,00817753
0,005851786
0,002373212
-0,008922568
-0,0267722
0,02021848
0,00233029
-0,006335817
-0,001634483
0,01605745
0,002907181
-0,002970356
-0,01635367
-0,01952705
0,01067609
0,002668876
0,0129262
-0,04716538
0,005396885
0,006859778
0,01149081
-0,000708858
-0,03202995
-0,01850604
0,01915145
-0,04168166
-0,02167402
-0,01511103
-0,005320691
0,002471124
-0,00865995
-0,003208193
-0,02418615
0,01307534
-0,03728569
-0,01215967
-0,003477883
0,01532555
0,01275909
0,0112254
-0,01855331
-0,03443486
-0,03033696
-0,001161164
-0,01108979
0,008455697
-0,01397271
0,01905496
0,02796171
0,02870321
0,004081375
0,0218279
0,01016591
-0,02696856
-0,007729133
-0,0162976
-0,01000774
0,0004713437
-0,002223157
-0,04511147
0,001974765
-0,01047293
0,02446306
0,01033877
-0,008275331
-0,01306253
0,03366192
-0,005235078
0,01140939
0,002053872
-0,01989583
0,02086551
-0,01244661
-0,03439282
-0,01373815
0,02183281
-0,02214276
-0,001868103
-0,02264615
-0,03094024
0,03092002
-0,006629687
-0,01164849
-0,01065746
-0,01927053
0,02286267
-0,02018038
-0,009433206
0,01094918
0,03212469
0,0009982494
0,0031231
-0,03998119
-0,008521108
-0,03318602
0,0213725
-0,03786116
-0,03974366
0,003970418
-0,04576745
-0,005843127
-0,004375499
0,004381455
0,006343835
-0,009719023
-0,01043582
-0,01508852
-0,001982665
0,002736151
0,009413301
0,01628954
-0,008776375
-0,0005570119
-0,01761082
-0,02141727
-0,01240102
-0,03800023
-0,02487003
-0,003142004
-0,006332677
-0,03855768
-0,02651316
0,02261272
-0,01211822
-0,007890706
0,007558803
0,02036887
0,01203948
0,001453172
-0,027607
-0,0128998
0,02228207
0,003477644
-0,0486697
0,009272798
-0,04290004
-0,03220661
5,499839E-05
-0,04712686
0,008907272
0,01255271
-0,009677927
0,01532137
0,01333643
-0,03267067
0,002549182
-0,02608801
0,006856269
-0,0291949
-0,01087619
-0,001994586
0,01205721
0,00132504
-0,03197973
0,03804467
-0,02305328
-0,02848304
0,008913528
0,02956814
0,01761997
0,00152731
-0,03287255
-0,01735973
-0,0117699
-0,04443272
-0,002602262
-0,003503241
-0,005950064
0,004841899
-0,009694409
-0,02893249
-0,002003436
-0,02235891
-0,03053346
-0,02241027
-0,004126172
0,01860241
0,01830209
-0,01573057
0,03000353
0,009841381
0,01162211
-0,0008782443
-0,02959119
-0,01001971
-0,00445968
-0,004405245
-0,005291076
-0,03542105
-0,03380621
-0,02523575
-0,01911539
0,001193335
-0,02341036
0,01670081
-0,01204889
-0,03340765
-0,01279846
0,02774979
0,01807917
-0,01192777
-0,01852069
-0,02275687
-0,008142198
0,01440087
-0,02305088
0,004850328
-0,001154125
-0,02854938
-0,02565912
-0,005637756
-0,01880338
0,01088912
-0,04055811
0,01468381
0,03099903
0,01476195
-0,01363853
0,01325784
-0,001273934
-0,004129634
0,01284025
-0,02038882
-0,01786508
0,0220039
-0,02677112
0,02554831
0,02549516
-0,00891865
0,006021078
0,004765266
0,002984241
-0,04114058
-0,00721596
0,005883022
-0,02292728
-0,0005490112
0,02369962
0,004890303
0,00605342
-0,002708119
0,0094826
0,00117334
0,02108998
0,03770215
0,05573491
-0,002124926
0,004834249
0,01255295
0,01413286
0,004004485
0,0004480121
-0,03730255
-0,02599479
-0,0212872
0,003168458
-0,03569825
-0,016573
-0,004253075
-0,00729447
-0,009438415
-0,005306162
0,003177963
0,007862792
0,03718903
0,03910194
-0,005314507
-0,009441135
0,018032
-0,002061927
-0,02380704
0,001795639
0,01961879
-0,02049476
-0,04697841
-0,01265956
-0,03112263
-0,01226544
-0,007743397
-0,004965422
0,002078216
-0,01673161
-0,008224422
-0,01480196
-0,01807978
0,01239319
-0,01808266
0,01084909
-0,01615833
0,003818627
-0,03242874
-0,03002208
-0,02642955
-0,005655764
0,02587267
0,01727797
-0,01672507
-0,03702302
0,01746844
0,01533465
-0,005543435
0,01733545
-0,01026883
0,01039615
-0,003307191
-0,02309742
0,01979537
0,02432702
-0,004172093
0,004567419
-0,01055633
0,01462567
0,02866393
0,02362711
0,03751191
-0,001207112
-0,003937596
-0,01363215
0,0006313095
0,03118151
0,01944745
-0,0001405595
-0,04663007
-0,0399469
-0,02001896
-0,00052306
0,01525415
-0,01614416
0,008436162
-0,01871255
-0,004394205
0,01823459
0,02631905
0,01904134
-0,01489238
0,04105753
0,03057379
0,01680727
0,007334163
0,0006320389
-0,00929059
-0,02607758
-0,01648957
0,002675836
-0,03189457
-0,00837307
0,001952619
0,000617402
0,03088064
0,0478388
0,04181645
0,03799177
0,05361386
-0,006152972
0,001622243
-0,002476719
0,03882002
0,02811143
-0,01085567
0,03902439
-0,001387174
0,008519205
0,03268565
-0,00423075
-0,01537488
0,03613901
0,0237071
-0,01091187
0,01485361
-0,008710046
0,007730928
0,009615191
-0,001841704
-0,040859
-0,01552783
-0,01252291
-0,02555646
-0,02349808
-0,005772734
0,001674313
-0,003763738
-0,01692965
-0,01760147
0,003185012
-0,01347828
-0,03404048
0,01433438
1,001853
