-0,0278986
-0,0170382
0,01746049
0,008449366
-0,01151181
-0,002282623
-0,01638972
-0,02172378
-0,004277853
0,01915957
-0,01870748
-0,004330276
-0,0216034
0,0175171
-0,008642344
0,0084984
-0,01190417
0,00630791
-0,01666741
0,005590823
-0,02465261
0,02668118
-0,002528141
0,004311809
-0,01280935
-0,01690477
0,01392386
0,02810029
-0,0150752
-0,001757297
-0,02054292
0,02119749
-0,01162273
0,005143177
0,002124898
-0,02697973
0,0147258
0,03586043
0,01890417
0,003648184
-0,02600161
0,006713548
0,006901947
0,01987351
0,01845799
-0,01857506
-0,02602259
0,002445872
0,0041391
-0,01501889
0,02593732
0,02287474
0,02557333
-0,02738414
0,005489017
-0,02166949
0,01427978
-0,01710258
-0,005396884
-0,02317243
0,01820927
-0,00778061
0,02695568
-0,01846268
0,01131198
-0,022314
0,02717403
0,008035675
-0,01009045
-0,01101942
-0,0319913
-0,01641866
0,01911437
0,01189154
0,003379865
0,001603124
-0,01573561
0,007674169
0,01868774
-0,02805615
-0,02198336
-0,0177369
-0,009264358
-0,03038956
0,006271058
-0,02241378
0,02253123
-0,01187316
0,02553585
-0,01362028
-0,012934
-0,004605353
0,007141604
0,007931416
0,01663502
0,007682045
0,004686872
0,002821826
-0,01987347
0,007352371
-0,01573214
0,0001826853
-0,02239737
-0,01721863
-0,02045428
0,0001909183
-0,02619591
-0,01411935
0,008084146
-0,01654692
0,02547041
-0,02348886
-0,007003702
-0,01294016
0,02610721
0,001581612
0,02856165
0,03143256
0,01015193
0,006867402
-0,01730564
0,01053569
0,01669784
0,03069266
-0,02068133
0,01318483
0,01934545
-0,01294134
0,02737337
0,02742656
0,01850741
0,005487156
0,003570017
-0,01624612
0,01646382
0,007886343
-0,02680607
-0,007933515
0,02634392
0,0287192
-0,02909576
0,008694696
0,0138886
0,0154882
-0,005296173
-0,01526333
-0,02940895
-0,01167279
0,009522382
-0,01304017
0,00817525
0,01342269
-0,02796006
0,008022143
-0,003053841
0,00637809
0,01610035
-0,01428934
-0,02332212
0,001570944
0,02054768
0,02682014
-0,003501918
0,005695578
-0,01662081
-0,003585333
0,008440656
-0,01283247
0,002324945
-0,008424045
0,004945127
0,017254
-0,02278962
0,009322678
0,005056756
0,007762413
0,02026141
0,02157179
0,001780725
0,01913106
0,005003832
-0,004609637
0,006094505
0,007259875
-0,01770229
-0,01725488
0,008745767
0,02369257
0,02010812
-0,01761759
0,02328515
0,02116907
-0,02597
-0,01218989
-0,0257291
-0,02377743
-0,01301213
-0,02158597
-0,0001543525
-0,03196918
0,008262387
0,01821493
0,01917858
-0,0161246
0,007771647
0,02535292
0,006895608
-0,007888792
-0,02578098
0,01044638
0,01387553
0,0267205
-0,004543962
-0,01346731
0,03116324
-0,004652651
-0,009063617
0,006060683
-0,009326811
-0,02508668
0,01571839
0,01276232
-0,00150378
-0,008502229
-0,005827788
0,01934481
0,01715957
0,01462182
0,00435629
-9,124283E-05
-0,008983824
0,01697552
-0,008429451
0,004535126
-0,009334624
0,01306869
0,01385465
-0,01647894
-0,02979197
-0,004226406
0,005843497
-0,0188417
0,0298631
-0,02394705
-0,005744596
0,03259279
-0,01393675
0,01960661
-0,01139083
0,006206769
0,009019973
0,003239044
0,009699391
-0,005106894
-0,01954134
0,01855578
-0,006084704
-0,01412406
0,01851728
0,02357474
-0,01544114
0,02249521
0,0226684
0,002728805
-0,01004025
0,02820904
0,006696762
0,03188135
0,02955304
-0,02041347
0,01270556
-0,02012586
-0,006515067
0,02991728
0,0003239612
0,0006101623
0,02363562
-0,007070402
0,02294111
-0,003142325
-0,002189035
0,01646577
-0,01324832
0,02230666
0,01749514
0,01245353
-0,0297272
0,02835792
-0,006688848
-0,0006313747
-0,003540041
-0,006253536
-0,005116063
-0,01609352
-0,02026629
0,01628871
-0,002960574
-0,008775456
0,01293879
0,006395202
-0,005110736
-0,01333345
0,02000462
-0,01617963
0,0244031
-0,003264709
-0,02727555
0,01389551
0,03025534
0,01130519
-0,0327876
-0,02834562
0,0001537648
5,987459E-05
-0,007292895
-0,01166954
0,001533222
0,02672655
0,01345066
0,01134705
0,01348457
0,001631011
0,004687198
0,005972038
0,01976109
-0,003514855
0,02444483
-0,01635907
0,02642646
0,0195947
-0,01784237
-0,0001557834
0,007294982
-0,01253165
0,02697092
-0,01863885
0,03005664
-0,02639088
0,0237771
-0,007411027
-0,003426409
-0,01420257
0,02820717
0,005446069
-0,008517581
-0,01194705
0,02235977
0,01539951
0,0273684
0,01575731
-0,02132713
-0,005661177
0,01404607
-0,02256432
0,01429197
0,0272945
0,01546873
-0,01318822
-0,002192772
0,005940518
0,005161214
-0,03827828
0,02351334
-0,01605604
-0,0004840902
0,003807576
-0,003151232
-0,02633096
-0,004208336
-0,02395968
-0,004088602
-0,00194369
-0,03209417
-0,009111293
-0,01533727
-0,0036439
0,005991149
0,02378727
-0,02036443
0,004273025
0,000190367
-0,0337236
-0,008466
-0,01955718
0,01247563
0,01329306
0,01878335
0,00616513
0,002268329
0,02515249
-0,005507345
0,009785558
0,008930238
-0,01564843
0,01074436
0,001513196
-0,001044072
0,01687694
-0,02421639
0,02518967
0,02059668
0,008924969
-0,01055555
0,008249265
-0,00955143
0,001972919
-0,002790459
-0,01417166
0,02008207
-0,01242777
-0,01116672
0,01818166
-0,02679829
0,02349714
-0,01893971
0,01442869
0,01098379
0,01280812
0,005814176
0,02637912
0,01388718
0,02015283
0,006789254
-0,004067629
0,01219777
0,008834611
0,03100148
0,01514363
0,01419031
0,01471034
-0,02680273
0,0208401
0,01785203
-0,01391566
0,01216139
0,01122808
0,004051744
-0,003563441
0,01642057
-0,01900855
-0,01055173
0,006513938
0,01541202
-0,01245552
0,005547542
0,003676981
0,01033026
0,01510278
-0,01297745
-0,02294936
0,01031746
0,004231173
-0,02331166
-0,01894841
-0,01985977
0,02921048
-0,02143987
0,01732687
-0,02913324
0,005224393
0,001637279
0,00444316
0,003159307
-0,0193334
-0,02604893
0,003613836
-0,02234833
0,01548412
-0,01410703
-0,01170165
0,02516904
-0,01411245
0,02995311
-0,002409152
-0,003963291
-0,02389264
-0,02645348
-0,01745761
0,02213858
-0,02315424
-0,02613962
-0,01739762
0,004686852
0,01209013
0,02531022
-0,003710727
0,006702049
0,0007190093
-0,0142493
0,007477026
0,006380176
0,02416538
0,001334931
-0,01342668
0,0007412676
0,01460257
-0,03113008
0,005855203
-0,01688121
-0,02149833
0,003949428
0,02659672
-0,001122965
0,02873335
-0,0310497
-0,003792884
0,003522108
0,009001787
0,01541849
0,02843338
0,02292948
0,02709178
0,02187523
0,02432511
0,004714549
-0,01130517
-0,03447735
0,01817764
-0,01601269
0,01779997
0,01830442
0,0002990516
0,00336971
0,01556249
0,01264843
-0,01927315
0,0126083
0,01497209
0,03090251
0,01772828
-0,01856607
0,01381046
-0,02373222
0,02217104
0,005251485
-0,02016897
0,01429293
0,009717495
0,0107381
0,003926471
0,01887712
0,03311251
0,02352674
-0,01043445
0,0217795
0,01015961
-0,03184411
0,01386752
0,01585798
-0,01968266
0,02023924
-0,0102593
-0,009440027
0,004162699
-0,01261091
-0,02565277
-0,01280013
0,01555857
-0,01429341
-0,02639356
0,014757
0,01976609
0,01640963
-0,02369726
0,01999599
-0,01755895
0,02302589
-0,02401485
-0,0001021559
-0,01058491
0,002829497
-0,003272537
-0,02379262
0,01316593
0,01495765
0,02273087
0,01930942
-0,02211617
0,01750068
0,03247175
-0,02924523
-0,02811886
-0,02303705
0,02168973
0,02250034
0,01754533
-0,01359992
0,005163365
0,007232586
0,0002680334
0,01380046
0,02351871
-0,009257905
0,002774735
0,005414386
0,03119639
-0,01248967
0,01141107
-0,0007229489
0,01232243
0,01655215
0,0315532
-0,0112988
-0,01518404
0,00716603
-0,006805887
-0,0173844
0,01892297
0,01718174
-0,007753105
-0,02219194
-0,0243917
-0,03186288
-0,01351393
0,02828036
0,0194209
0,02164826
0,02436957
-0,0250284
-0,02339936
0,0272624
-0,005895278
-0,008744165
0,01888845
0,008236831
0,009019563
0,02854216
-0,0008786253
-0,02665259
0,01524226
0,002206027
-0,02730359
0,01512253
-0,01835847
-0,01916839
-0,02383996
0,02077543
0,01804102
-0,0202612
0,005157528
0,008588334
0,01042158
0,02129425
-0,01429471
-0,01520699
0,004950196
0,02806053
-0,02078007
0,01259856
0,02288934
-0,01885915
-0,006695678
0,002605963
-0,002631018
0,00964562
-0,00337777
0,0020963
-0,01037697
0,005659152
-0,02573757
0,004927937
0,01075254
0,009294447
0,0227971
0,01299606
-0,03034278
-0,005848906
0,02154887
-0,02169123
0,01872829
0,01903355
-0,03007397
0,01083482
0,003010541
-0,009324848
-0,01204449
-0,002778152
-0,02513088
0,0001886818
-0,0221365
0,006002597
0,02148356
0,01319887
-0,03172664
0,006902479
-0,01852021
0,007157316
-0,01031617
-0,003043494
0,01383082
0,005803552
0,002508189
-0,02569382
-0,02653354
-0,03153919
0,02694181
0,02964969
0,03339649
0,001581745
-0,01506685
-0,02671364
-0,02473286
-0,02845828
0,0111926
-0,02883302
-0,02751373
0,01576755
0,03284699
-0,02574409
-0,01592446
0,02817132
-0,005474858
0,01788932
0,0007901402
-0,006101613
0,01061333
0,02613057
0,01118944
-0,01930637
0,004313633
0,0003143541
-0,02425647
-0,008356517
-0,01111188
-0,008121023
-0,004893127
0,0278215
0,009239116
0,01166338
-0,005699685
-0,006444965
0,001394758
0,005345022
-0,01125084
0,02490575
0,002046342
0,01920213
-0,02058238
0,03003965
-0,0002797293
-0,003074717
0,0006152299
-0,01742395
-0,01904527
0,02382543
-0,01556126
0,01394176
-0,003380955
0,00855324
-0,009980926
-0,0285747
-0,01452849
0,01300386
0,02748501
0,01504684
-0,02757097
0,01333627
0,01646963
-0,004657962
0,008384526
-0,01590829
-0,02720879
-0,008476059
0,008229107
0,02631183
-0,007221583
0,0163503
-0,01190807
0,003497461
0,01779468
0,02541028
0,01344942
0,003364708
0,01260069
-0,02362277
0,03391312
0,02094339
-0,01815544
0,00701359
-0,01671997
0,01664549
-0,008156607
0,0286405
-0,01385687
-0,01080051
-0,02956763
0,0168428
0,006879814
0,009841939
0,02430918
0,02294228
-0,02575442
0,02235515
-0,00209595
-0,006515985
0,0001421976
-0,02471987
0,006127292
-0,01324507
-0,01013691
-0,009400629
-0,01610302
0,0237308
0,01406808
-0,006536505
-0,006821304
0,01873373
-0,02256443
0,01850048
0,01650746
-0,01780994
-7,638642E-05
-0,0154502
-0,02024351
0,03206108
0,01952561
-0,02668083
-0,02295408
-0,008726034
0,01972182
0,01031937
-0,01780629
0,01946083
0,0112013
-0,03067603
0,02983718
-0,02452864
-0,007181952
-0,001005608
0,02408262
0,02094454
-0,01750785
0,03549792
-0,01772236
0,02795303
-0,003144654
0,0003502707
-0,01181694
0,02627019
0,02758363
-0,009980489
0,01322057
0,02028213
0,02779039
0,01317111
-0,002385367
0,03011613
0,01342461
-0,005519085
-0,001062326
-0,01186505
0,02908528
-0,01217194
-0,01164921
0,01052496
-0,0228842
0,001722765
-0,007651104
0,01494432
-0,002528785
-0,01380006
0,0002036677
0,01069855
-0,02348677
0,02915619
0,03521021
0,003900615
0,02419374
-0,02386737
0,001019418
-0,009633465
0,01910383
-0,01336239
-0,006669542
0,008031318
0,0334792
-0,005397685
0,02776261
0,02985936
0,008576607
0,02372082
-0,002270128
0,02814141
0,03306622
0,004394824
0,02610382
0,02808867
0,00855022
-0,0002702844
0,01840138
0,02938204
-0,0199159
-0,0007942591
-0,004224309
0,01061232
0,02321915
-0,02188057
0,0194454
-0,02700286
0,01342046
0,0172461
0,03311002
0,001801263
0,02781492
-0,02044398
9,273009E-05
0,0159501
0,02036539
0,01594989
0,01535288
0,01217812
0,00334916
-0,01649517
-0,02727025
0,008367615
0,02196647
0,004494141
0,008802959
-0,0005323314
-0,02811787
0,02648946
0,02815892
0,008444794
-0,004187579
0,008030582
-0,01819493
-0,01039385
0,01544974
0,01909445
0,01719847
0,02274378
0,005934903
0,0207464
-0,01559349
0,01740171
0,02364202
0,03085409
-0,02561535
0,02632978
-0,0210286
-0,0247144
-0,01614536
0,02520466
0,02294793
-0,02303767
-0,01121836
0,03121702
0,000889981
0,02635284
0,01976
-0,01221628
-0,003497457
-0,008234223
0,03233023
0,01188767
0,02777747
0,00129252
-0,03047918
-0,01467638
0,02730261
-0,02518008
-0,02909862
-0,02167649
-0,02264296
0,02042977
-0,02048419
0,0197074
0,03526311
-0,01139589
0,008878245
0,02571079
0,003870802
0,01927939
-0,009069433
0,02389807
0,01454721
-0,03121712
0,01206861
-0,009939599
-0,01739441
-0,02115871
0,02400396
0,02330299
0,03181738
-0,006302
-0,0004054017
-0,007170689
0,01867948
0,0010487
0,01915161
-0,002229403
0,02749743
0,015894
0,02245228
-0,03339183
-0,03249878
-0,02591815
0,01589707
0,02866965
0,02926789
0,0006172466
0,02528477
-0,02500078
-0,01146301
0,01860871
0,01656266
0,01398619
0,02313666
-0,03255227
0,02228741
0,02865279
0,009598507
0,008259497
-0,03015273
0,004052863
-0,01925791
-0,0200136
-0,02660937
0,002809159
-0,007121305
0,01428185
0,02051158
-0,007512989
-0,006580165
-0,02434271
0,02954941
0,01649195
0,01446224
-0,010968
0,02127163
0,01307737
-0,02598508
0,01286774
-0,01944426
0,00366189
-0,0168638
0,01501227
0,005557938
-0,02289607
0,01065709
0,01624103
-0,01210525
0,009637786
-0,0003331668
0,01870871
0,008177595
-0,01488622
0,01725244
-0,01735656
0,01193461
0,01901707
0,0151955
-0,02240651
0,004186747
-0,0162352
0,009195286
-0,003296791
0,01515399
-0,01810131
0,02676862
-0,02391267
0,02659611
0,0005240073
-0,02885462
-0,02182855
0,01505441
0,03135376
0,002280862
-0,002604611
0,000288583
0,001630868
0,007958117
-0,02493015
0,03040246
0,006083295
-0,009385029
-0,02113155
0,02786165
0,004896612
-0,001930935
0,01743002
-0,02669327
0,0008092787
5,829331E-05
-0,029659
0,02111669
0,03035712
-0,01978546
-0,02558517
-0,02646276
0,01669842
0,03077751
-0,01339076
-0,01971415
0,003012235
0,02295118
0,01667801
0,01334957
-0,005222151
-0,02782573
0,01101111
0,0196179
-0,01173896
0,008481788
-0,018208
-0,02082293
0,01416958
-0,01973538
0,02284334
0,02427646
-0,004626326
0,01187859
-0,02001996
0,01982479
-0,01789369
-0,02226001
-0,006673603
-0,02940542
-0,02907282
-0,01557308
0,01823202
0,01412938
-0,006753111
-0,01078407
0,01570975
0,002553078
-0,007539329
0,03252825
0,001089057
0,02084724
0,00626139
0,0007893528
-0,0030368
0,004469597
0,01371569
0,02906598
0,01478254
0,02425846
-0,00924546
0,01520499
-0,03082163
0,01075965
-0,01658274
-0,01971014
0,002270089
-0,02513745
0,02727475
0,002271896
0,02440332
0,008479171
0,004246125
0,02194293
0,003584387
-0,01801599
-0,007726566
0,03081359
-0,001471415
0,03192427
-0,02498361
0,009586576
0,0226767
0,02273742
0,01975881
-0,02174764
-0,008081844
-0,02856829
-0,01875838
0,003174013
-0,02824683
-0,005877548
-0,00714715
-0,002191249
0,01024376
-0,00699829
-0,01076193
-0,02581645
0,0002057838
-0,02110378
0,01850419
0,00466002
0,01239125
0,0187927
0,03067401
0,0268991
-0,008510073
0,01943337
0,02310854
-0,009429794
-0,01653764
0,01750251
-0,004659477
0,01436078
0,02053091
0,01400786
0,02454711
-0,02598804
0,02031174
-0,0271609
0,0266279
0,002100663
0,0263085
-0,009501773
0,006225259
0,01604378
-0,01485093
-0,0302835
-0,02201594
-0,009131314
0,02424581
-0,02117366
-0,001322527
-0,003380456
-0,02333508
-0,006639522
0,02315573
-0,02838364
0,02120077
0,02513732
0,02896854
-0,001778305
-0,02152692
0,02625985
-0,005112314
-0,005828742
0,02413702
0,005507583
0,01353231
-0,02896274
-0,004026354
-0,02703573
-0,01353173
0,001831075
-0,01878156
-0,007209008
0,008425167
-0,003237269
-0,006478599
-0,008418417
0,01611148
-0,01692788
0,01711894
0,003863315
-0,001838434
-0,01516576
-0,01066058
-0,02697883
0,00561484
-0,01183989
0,01727142
0,01153015
-0,01816348
0,02718977
-0,03069702
-0,00151371
-0,009176164
-0,03044723
-0,03225799
-0,0185984
0,02117256
0,006599637
-0,005640484
-0,02774114
0,02472771
0,01798582
0,02399222
0,03465526
-0,01472105
0,02293317
0,01472805
-0,007210258
0,02019585
0,00364701
-0,02601624
0,008442626
0,01369243
0,007280695
0,003494981
-0,01999517
-0,02767539
0,01997482
0,03021062
-0,01281038
-0,01692554
0,01443465
0,02337201
-0,01175873
-0,007007669
0,01595317
0,0295772
0,007484274
-0,003904364
-0,02205748
-0,002506742
-0,01409298
0,02646434
0,01180586
0,0143935
-0,001351261
-0,009828505
-0,009211851
0,01995876
0,01646188
0,006968946
-0,002244258
0,02301195
0,007517429
0,01348679
-0,00915367
0,01582531
0,0122914
-0,006931607
0,02527985
-0,02427248
-0,02906932
0,007361247
-0,02805971
0,02425404
-0,01715008
-0,0258086
0,003635362
0,005040226
-7,263468E-05
0,03131621
-0,01511979
0,02479632
0,003669727
-0,02221445
0,02547143
0,0168298
-0,04063471
0,02209592
-0,023968
0,01822181
0,009755637
-0,03294763
-0,01659437
0,01022607
0,02144369
0,02329603
-0,02044932
-0,0002038617
-0,02689583
-0,02756292
-0,02044224
-0,02726267
0,004304239
-0,02692271
-0,005660325
0,006043367
0,01094452
0,01765046
-0,002413572
-0,002322417
0,01757959
0,01851848
-0,007320738
0,01376929
-0,003878126
0,001143604
-0,01238913
0,001392679
0,01819565
-0,003630637
0,004106313
0,007116875
-0,01047815
-0,01797409
-0,00686272
-0,02970793
-0,00955032
-0,004433245
0,02854151
-0,01119541
0,02010504
-0,02522106
-0,0003080379
-9,893108E-05
0,01978883
-0,02368804
-0,003485105
0,006312362
0,009513409
-0,01084123
-0,02673837
-0,01981223
0,003008165
0,01540483
0,03553234
0,03175995
0,01679394
-0,001897604
-0,01714181
-0,00364223
0,00539433
0,009381655
0,002917207
0,003909065
-0,008742118
-0,0004232996
0,01952081
-0,01128991
0,004733575
-0,005859499
-0,02268821
-0,003959646
0,0258817
-0,01911777
0,003921217
0,01263021
-0,01531668
0,02020374
0,02306069
-0,01886715
-0,03487126
0,001520647
0,01484009
-0,003613367
-0,0108844
0,0021772
-0,01543195
0,01438806
-0,01249856
0,001607801
-0,01197852
0,03308364
-0,01831746
0,00444557
0,01621525
-0,01400102
0,001294422
0,02819507
-0,01820878
-0,007344409
-0,01690222
-0,02035956
0,02950772
-0,02219875
-0,02001684
0,01257492
-0,0153779
-0,005230057
-0,02995248
-0,01342634
0,01259619
0,03075522
0,005980034
0,02525502
-0,009855468
0,02987608
0,02328453
-0,03006686
-0,02025995
0,0180356
-0,01221004
-0,02160913
0,02982945
-0,02565406
-0,02013995
-0,01820649
-0,01910979
-0,01206137
-0,009144582
-0,006404405
-0,02253357
-0,007871428
0,007760936
-0,001211775
0,02818802
0,02374894
0,009329889
0,004682522
-0,006159393
0,01422435
-0,009651821
0,02470111
0,009771433
-0,02750004
0,025644
-0,003985875
-0,005597061
-0,01579288
-0,01304669
0,01870846
-0,009944988
0,0007056733
0,01828948
-0,008842196
-0,02250091
-0,01284986
-0,01962139
0,02281626
-0,01832223
0,03048824
0,004628459
0,03107414
-0,02799776
0,0161927
-0,02333467
-0,005400898
-0,01424151
0,0273902
0,02930933
0,002025869
-0,01394653
-0,01816483
0,01121384
-0,002464005
-0,001502499
-0,007110812
-0,01014652
0,02558134
-0,01246035
0,01095976
0,02050517
0,02853146
0,02783457
0,002239274
0,02610574
0,008955677
0,00147831
-0,01537536
-0,0002066254
0,01456085
0,009639378
0,009885281
-0,005856272
-0,01155318
-0,0268208
-0,01310623
0,01263248
0,01852954
0,02754276
-0,005923888
-0,02148834
-0,001207593
-0,01645136
0,01437122
0,0003637008
-0,02018185
0,02195562
-0,009205185
0,03008301
0,01575641
0,02284076
-0,01440961
0,00586156
-0,005780156
-0,02427319
0,006646116
0,03076115
-0,002042878
0,0184282
0,002507391
0,02312519
-0,02817052
0,003947403
-0,01609476
0,01985788
-0,001901591
0,01391171
-0,01172435
-0,004600022
-0,02132174
0,01075585
-0,0006830802
0,02912956
0,01910285
0,005182436
-0,007990086
0,01308763
-0,01678989
-0,02823273
0,02606924
0,02244017
-0,01711025
-0,01328167
0,01322221
0,01997453
-0,006704955
-0,01792001
-0,02493497
-0,01208986
0,004067877
-0,004017954
-0,005853496
-0,01665778
0,003001897
0,01388574
-0,01582848
0,02952779
0,02924699
0,03178255
-0,02059459
-0,003260025
0,005750162
-0,02535682
0,02366707
-0,02501596
-0,006486694
-0,01078243
0,01670984
0,02732527
0,02253002
0,02613063
0,01793057
0,005171135
0,02577433
0,02180182
0,008179691
0,01330158
0,0219242
0,0003518162
-0,002496578
-0,01197966
0,007912749
-0,02608837
0,0230024
0,01755398
-0,008013553
-0,003200532
-0,00544737
-0,01639611
-0,005488483
-0,002178034
0,01521869
-0,01043836
0,0281259
0,009198776
-0,01679452
-0,02122983
-0,002938256
0,01397707
-0,002152135
-0,0272072
-0,004188274
-0,01611783
-0,005521016
0,006667148
0,007287299
0,02249839
-0,02307779
0,01806819
0,026892
-0,007976625
-0,02559535
-0,006541187
-0,003575658
0,01984528
0,004904754
0,003508697
-0,009340785
-0,02855799
0,01050645
0,02873639
0,02313544
0,006583418
0,0002190014
-0,002697616
-0,0124399
0,001094873
-0,002084841
-0,002455715
0,003112277
0,005550722
-0,01736978
-0,02641515
-0,02564788
-0,008430392
0,01237822
-9,516865E-05
0,005874607
-0,02366868
-0,02955981
-0,0007931432
-0,01314741
0,01009458
-0,01855287
0,02624227
-0,007178889
-0,01427154
0,01581499
-0,01897756
0,02168338
0,01001154
0,02010036
-0,0113739
-0,03296058
-0,007285877
-0,02446279
0,02219836
0,002940376
0,02448249
-0,01449707
-0,02014074
-0,004634795
0,01231562
-0,02185645
-0,009138624
-0,01486348
0,02993995
-0,008985845
-0,017973
-0,02100515
-0,02505183
0,01997912
-0,03312404
0,0251335
-0,0139243
0,01430538
-0,01932378
-0,02455305
0,005856846
-0,02631577
0,02844736
0,01521246
-0,01054236
-0,002755708
0,01963803
0,01769908
0,02250447
-0,02304545
0,01373439
-0,005225702
0,01871081
0,03188603
0,01327422
0,02190636
-0,02306466
-0,01992482
-0,002852098
-0,004366519
-0,03002508
0,01145574
-0,009956057
0,02392825
0,005945771
-0,03180825
0,02069859
0,03149994
0,02589173
-0,001188307
0,02502384
0,02127215
0,02724977
0,01732727
0,02534607
0,03034031
0,0001006134
-0,01088838
-0,02769268
-0,01215578
-0,004558571
0,00688112
-0,007935405
0,02673826
0,01150822
0,02085031
-0,005526288
-0,01598272
-0,02097828
-0,02090195
0,03054722
-0,03181792
-0,02328533
0,01454568
-0,02280349
0,03010229
0,0135832
-0,03200632
-0,03047685
-0,01260831
0,01324277
0,01708489
0,01623877
-0,0107781
-0,01989437
0,02441341
-0,01087023
-0,03007833
-0,02901267
0,0142402
-0,001673426
0,003013847
-0,02933715
-0,02046308
0,02335867
-0,005598062
-0,008860567
-0,002579453
-0,01635342
0,0165743
0,012218
0,00066808
0,01707929
0,01421228
0,00290036
0,01771199
0,005701909
-0,02213022
0,008725714
0,02832604
-0,01065294
-0,007897044
-0,01910322
0,0117089
0,0005474187
0,006293405
0,0189095
0,02658419
-0,002159572
0,01817871
0,001003
-0,01519126
-0,0206379
-0,008556383
0,01152529
-0,01576792
0,02508334
-0,02807778
0,02114625
0,01516861
0,01130868
-0,01469741
0,02093931
-0,006354598
0,008956781
-0,02172991
-0,02397474
-0,01919219
0,01767574
0,00463842
-0,00986394
-0,02037909
-0,001603139
-0,02012944
-0,00150238
-0,02411864
-0,01393694
-0,008938565
0,001967431
-0,00885748
0,007853545
-0,00732299
0,02830569
0,000675983
-0,01187864
-0,003847311
-0,005210516
-0,001379083
0,0299546
-0,007105286
0,01461288
0,002155918
-0,003615958
0,0197504
-0,009729681
-0,02546206
0,003739603
-0,02866193
-0,02688339
0,00638852
0,01049075
0,0148634
-0,01285493
-0,0183029
0,008877452
-0,002637935
0,01858738
-0,02424398
0,02272945
0,01526772
0,02630199
0,004669295
0,00909924
0,004298395
-0,01936601
-0,01250928
-0,006848773
-0,003320945
0,03077888
-0,01402523
0,01577068
0,001832175
-0,02416967
-0,008614889
0,02144535
0,01141408
0,01877051
0,006436267
0,01667025
-0,006146894
-0,006717992
-0,01389628
-0,01095735
0,0236453
0,008982099
0,02190221
-0,02157935
0,02209458
0,02047312
0,02743307
0,007826621
-0,01248465
0,006950141
-0,01134275
-0,0008334283
-0,0208884
0,02806856
0,01738553
0,01252516
-0,02226323
0,01915104
-0,007911692
-0,02262299
0,02014986
0,01950421
-0,02546883
0,01488512
0,02425401
-0,01359764
0,02264262
0,008460284
-0,01081178
-0,008731328
-0,001629733
-0,01305834
0,007098555
-0,01460105
0,0005154357
0,01608986
-0,007992101
-0,02861346
0,003808816
-0,0003771218
-0,0295391
0,006746026
-0,008616213
-0,02772082
0,0196703
0,02967254
0,006842805
0,01512472
0,03039173
0,03111163
0,01109726
0,008875094
-0,02167577
-0,01628621
0,002494219
-0,01583714
0,01318386
-0,02232713
-0,01139015
3,646169E-05
-0,03271595
-0,01229541
-0,009569608
-0,03024649
-0,0237721
-0,02314305
0,01745759
0,02529639
-0,0001332927
-0,0252222
-0,0107703
0,03058963
-0,01333691
0,02031696
-0,02195769
-0,01494246
0,007736137
-0,03154593
0,01830742
0,02140771
0,005538615
-0,02326554
0,00787537
-0,01262548
0,001914146
0,02037599
-0,02233525
-0,004538111
0,01337199
-0,001177182
-0,01718169
-0,01373092
0,01874234
0,02856228
-0,002940579
0,01184587
-0,00461684
-0,004890278
0,02764935
0,01244433
-0,02206597
0,008742771
-0,01134832
0,02395345
0,004900506
0,01616126
0,9989822
