0,03687311
0,01728023
-0,01090901
-0,01958902
-0,01244436
-0,01463729
-0,009748529
-0,07122053
-0,02096701
0,01442335
0,003377597
-0,009332256
-0,003848412
-0,001853676
-0,02727362
0,01381972
0,007851508
-0,008677851
-0,02353206
0,02590475
-0,01253899
0,01560454
-0,005202007
-0,01513466
0,009659508
0,003974422
0,0009581315
0,00999979
0,03574344
-0,005368134
-0,02185503
-0,0280031
0,01911366
0,03652902
0,01384519
0,03612676
-0,005204108
-0,03524968
0,01521942
0,01223885
0,02054491
-0,009895898
0,04550422
-0,0564805
0,01025858
-0,003427424
-0,03955577
-0,008370741
-0,01250572
0,03554624
0,0007605175
0,01499505
0,01477512
-0,01905505
0,01662799
-0,036137
-0,003238232
-0,02718222
0,01280751
-0,02397558
-0,01531091
-0,007585877
-0,04596146
-0,05642936
0,001047682
-0,01851486
-0,009859947
0,001577144
-0,02168958
-0,01175184
-0,03062152
-0,02894148
0,01195614
0,03139539
-0,005369687
0,02293042
-0,04878089
0,04599114
-0,01043353
-0,02872856
-0,004678068
-0,02042179
0,0178123
0,06717584
0,04222098
-0,002704313
-0,01718672
0,01217822
0,01708602
0,0002594583
-0,01211313
-0,03131828
-0,0283569
-0,02598413
-0,06951025
-0,04545507
-0,0319929
-0,02574643
0,004989921
-0,03634606
0,001295324
0,01772201
0,02525042
-0,02375611
-0,008679194
0,003947704
0,02872373
0,04010183
0,02219421
-0,00535916
-0,001862938
0,02070654
0,0100133
-0,03841536
-0,03983703
-0,03789455
0,01702812
0,003962504
0,04001449
-0,01223812
0,0555791
-0,03094948
0,001780923
-0,02470878
-0,06785058
-0,03580403
0,01945076
-0,01252672
-0,001011509
-0,007109288
0,0387545
0,05604099
-0,01923362
-0,01107206
0,01692818
0,04205419
0,04607738
0,02851168
0,05846753
-0,01232388
0,00635543
0,01229738
0,02014503
-0,09331909
-0,05156552
-0,03988973
-0,02699744
0,001888962
0,007698363
0,01349915
-0,01732958
-0,002071513
0,008079051
-0,003302228
0,0336147
0,03442115
0,01313047
0,02522135
-0,0244291
-0,008299427
0,03774209
0,03539284
-0,02705419
-0,05103921
0,02034621
-0,007416105
-0,01251985
-0,05401232
-0,008246874
-0,01283277
-0,01867894
-0,02852714
0,009801194
0,01298162
-0,03171552
-0,01593552
0,001854519
-0,03913627
-0,03688198
-0,04134695
0,03272574
0,02428886
-0,002425157
-0,01796693
0,03366478
0,02572559
0,002325524
-0,06504161
0,01830269
-0,01056338
0,004229407
-0,01643841
-0,05768267
-0,03110456
-0,03549287
0,0181633
-0,02819847
0,0263981
-0,06078015
-0,03534387
0,02234778
-0,03515964
0,01245151
0,02246011
-0,01797292
-0,006222189
-0,008069542
-0,04731888
-0,04002802
-0,003236979
-0,02189941
-0,03099313
-0,003783093
-0,0198256
-0,007859746
0,0138651
-0,02554543
-0,02729817
-0,01335523
-0,01669233
-0,003225819
-0,03119278
-0,004695293
0,004180091
0,000532467
0,05930226
0,02523609
-0,008896402
-0,00106986
-0,0165334
-0,05534226
-0,02247108
0,05688121
0,0152149
0,002094813
0,02799844
-0,03963599
-0,02357571
-0,05863412
-0,0340258
0,02603971
-0,04388662
0,03323003
0,03920455
0,02430504
0,02654645
0,02761014
-0,0220343
-0,02832363
0,00632168
-0,03749713
-0,01531676
-0,00201337
0,02161134
-0,005309769
-0,01361263
-0,006796309
-0,01109312
-0,01864295
-0,03030811
1,041067E-05
-0,03300371
0,02140223
0,02180218
0,003769769
-0,03238795
-0,01167742
-0,0149764
-0,03762563
-0,03942639
-0,02237127
0,01516367
-0,006221579
-0,01296991
0,02115455
-0,02351977
0,02490786
-0,002522135
0,01666561
0,01322334
0,01133309
0,02370933
0,02299703
0,005619456
-0,02828656
-0,0318199
-0,001489529
-0,03919019
-0,01553416
0,02126368
-0,004203338
0,03481647
0,01538535
0,02533482
-0,02610912
0,01762118
0,02117205
0,00356552
-0,002286236
0,009441041
0,01309331
0,03194407
0,0009467402
0,01249948
-0,01322401
-0,03235165
0,00322119
0,03047424
-0,03921719
0,02525341
-0,0004759034
0,0316761
0,04942396
0,009873263
0,02605882
-0,0108146
0,02768463
0,02000181
0,02201204
0,03286029
0,001496166
0,01321616
0,04247826
-0,02822794
0,01700509
0,0008097403
0,005747565
0,04540857
-0,01401541
-0,03908325
-0,007060311
0,03892358
0,05576199
0,02526901
0,04642293
0,002880375
0,04302265
0,01958
0,06917031
0,03416849
-0,01254343
0,0161617
-0,01449674
0,03759203
-0,01746753
0,01234598
-0,03361597
0,007999683
0,007227883
0,02659036
-0,007145706
-0,02893655
0,01520913
0,011497
0,009225706
0,02616481
0,04693422
-0,05951522
-0,002120891
0,02871365
0,00900284
0,02810845
0,02178321
0,03358356
-0,01696996
-0,005223604
-0,007183298
0,02490639
-0,001809648
-0,005290773
-0,03201417
0,03992839
0,02804296
0,003251419
-0,022443
-0,01418474
0,003838667
-0,02753797
0,03896615
-0,004866912
0,01159533
0,01417532
0,0132452
-0,005157351
0,03007993
0,006429701
0,03488002
-0,002210746
0,006095932
0,01102643
-0,007867219
0,01563106
-0,008093913
-0,00668803
-0,04090972
-0,003080508
-0,01471853
-0,01090208
-0,01062704
-0,00696919
-0,0007520094
-0,008485431
0,02103262
0,03850231
0,03830759
0,02049111
0,01576492
0,02163976
-0,01683138
-0,02736491
0,02081038
0,04099568
-0,01367338
-0,02178255
0,01802373
0,04289562
-0,01016849
0,003080276
-0,007776251
-0,006562746
0,01989717
0,01007533
0,03740121
0,009628071
0,01784212
0,04141823
-0,005264347
-0,01329465
-0,01524199
0,0126895
0,05825029
0,03008953
-0,005494263
0,01932558
0,02576715
0,006238682
-0,01482827
-0,01532188
-0,01033202
0,01261096
-0,006089441
-0,01281835
0,009693106
0,006404973
0,001989633
0,02687363
0,04086147
0,02069979
0,01080958
0,04190503
-0,003824327
-0,0130396
-0,009813275
-0,03017265
-0,03053551
-0,003660119
-0,01688051
-0,02359073
0,001472976
0,03000811
0,01806924
0,01334831
0,00923028
0,02169174
-0,01260288
0,0291
0,01120082
0,04735285
0,03000684
-0,001078791
0,01622721
-0,02387894
0,01510619
-0,02934147
0,003602702
-0,006191816
0,02121246
-0,01571923
-0,02356972
-0,001820471
-0,01417696
0,01216673
-0,008605675
-0,01603208
-0,004508377
0,01538103
0,008685566
-0,01138395
0,02982069
0,007727204
0,00833108
0,06017137
0,001990039
-0,01915745
-0,01119636
0,004279078
-0,03536649
-0,004200061
-0,02672867
-0,001170951
-0,006635423
-0,0336773
-0,009145492
-0,04389884
0,04117015
-0,03717858
-0,03809518
-0,03043992
0,005087561
-0,02791382
-0,02144398
-0,02362847
-0,04895987
-0,03315572
0,02795181
0,0147058
-0,014531
-0,006402688
-0,01530602
-0,05370414
0,01071832
-0,0450006
-0,005111615
-0,007965529
0,06428463
-0,02972958
0,01115088
0,0202573
-0,02653252
-0,01365166
-0,05427093
-0,04283518
-0,04087524
-0,04751317
-0,0566863
-0,01068952
-0,04980018
-0,03699141
-0,001078135
-0,07744807
0,01495997
-0,05696965
-0,01131387
0,03614485
0,04036539
0,001982404
0,002664553
-0,02878406
-5,402531E-05
-0,01845716
-0,03030504
0,000390099
-0,02056831
-0,01703124
-0,05434196
-0,05616926
-0,004407957
0,01399929
0,01500916
-0,03907004
0,01268105
-0,02863577
-0,01047641
-0,01783991
0,01229909
-0,03944253
-0,01615618
0,04090204
0,01908433
0,03694844
-0,02584198
-0,04175937
-0,01834907
-0,04729605
0,01027523
-0,03559593
-0,02562199
0,01761649
0,03937303
-0,03772393
0,01064346
-0,04227844
-0,02654338
-0,06747811
-0,05166547
0,003262498
-0,03129897
-0,03516471
-0,0265466
-0,008902361
0,0002415179
-0,02336936
-0,02137159
0,04244906
-0,005969884
0,01339412
0,00817729
0,007131166
-0,002447592
-0,02523076
-0,004311437
-0,04524862
-0,03919493
-0,05267153
0,006297943
-0,0103594
0,001090622
-0,00443233
-0,02111971
-0,007869438
0,0289919
0,01133099
0,0181678
0,008893986
0,003586209
-0,02340537
0,0288353
0,04192496
-0,03113225
-0,01670147
-0,00821226
-0,005386848
-0,02976331
-0,01700574
-0,0007481393
0,02092052
0,01358889
-0,02148482
0,01686949
0,0475886
0,02258114
-0,01011714
-0,02041421
-0,01040926
-0,02051655
0,04245294
0,04265868
0,01179466
0,001705213
0,0128489
0,01637307
-0,03062368
-0,01993583
-0,03792294
0,01239677
3,775291E-06
-0,009721017
0,03577843
0,02707982
-0,001866408
0,05055756
0,01515838
-0,004298001
-0,01303974
0,01040386
0,03156723
0,005250968
0,04170242
0,02062564
-0,03907275
0,008897551
-0,01507656
-0,009278079
0,0153627
0,01127725
-0,05233913
0,01128377
0,02132594
0,05000094
0,05953286
0,03558968
0,01834026
-0,001363513
-0,01482253
0,03189731
0,06194663
-0,01485753
0,004205422
0,03021369
-0,03749293
0,02802795
0,0004655154
0,02318495
0,05003614
-0,03665066
-0,067013
0,003355807
0,02803534
-0,007584843
0,03063483
-0,008825232
0,04455467
0,04653855
0,01727168
0,007351273
0,009758182
-0,02157039
0,002569257
0,008263983
-0,02823831
0,03089793
0,03781035
0,05537993
0,02052998
-0,006573255
-0,01107166
-0,04997563
-0,04771881
0,001904325
0,01712713
0,02331492
0,06875809
0,04371453
0,02138173
-0,01250058
-0,02383158
-0,03200893
0,03434986
0,02759866
0,01160985
0,03129625
0,05884558
0,03624651
0,0701559
0,003702937
-0,02426869
-0,03355687
0,03887
0,02600477
0,01351435
0,005798358
-0,003197704
0,01769772
0,02062667
-0,0001450831
-0,04133378
0,01967585
-0,04000636
-0,02940258
0,01575247
-0,01017399
0,05664768
0,020221
0,05760131
-0,01215059
0,0206115
-0,01478313
0,04717791
-0,01318029
-0,01081816
-0,01038241
0,02141799
-0,002110071
-0,04077934
0,03840842
-0,01623343
0,01586687
-0,007344713
-0,02153515
-0,02958136
0,001629938
-0,007368051
-0,004575308
0,04643143
0,01413696
-0,001905026
-0,023539
-0,02651335
-0,02463023
0,008937092
0,01518273
0,01201937
0,01299848
-0,02097766
-0,002869036
0,01834029
0,02651581
0,0210557
-0,02074912
0,04199546
0,02424809
0,006086907
0,01107708
0,04750002
0,001146993
0,01360368
0,02160907
-0,003221414
0,01223038
-0,01425318
0,009958105
-0,02021446
-0,0004235323
-0,0574837
-0,03224793
-0,01820237
0,0197482
0,02324837
-0,002204869
-0,01294148
0,01358572
0,04098424
-0,04578821
-0,008952081
0,01352831
0,02635043
-0,04372339
-0,05054347
-0,02564145
0,02350982
0,01639609
0,02209971
-0,02647402
-0,02162733
-0,02154216
-0,02880104
-0,02393138
0,00602061
-0,004834152
0,03805128
0,000402088
0,008931264
-0,0311078
-0,03407788
0,003016474
-0,03420547
-0,01304096
-0,01500976
-0,04155042
-0,01938505
-0,04337191
-0,02377184
0,02945232
-0,03017671
-0,04006334
-0,00179716
-0,009008296
-0,04138603
-0,01903115
-0,008765325
-0,03646762
0,02010238
-0,01445684
0,004445023
-0,0002973992
-0,003163127
-0,05049352
0,007996674
-0,003071023
-0,03506262
0,01554977
-0,01550802
-0,01958536
0,02653892
-0,01530431
-0,04381933
-0,008536038
-0,04552011
-0,02190859
-0,01638619
0,03651409
-0,01886429
-0,02211323
-0,06938447
0,007967119
0,02514917
0,003800173
0,01847342
0,0127311
-0,03237621
-0,05310656
-0,04988611
-0,003022861
0,004365609
-0,01913215
-0,01035622
-0,01684743
-0,0415874
-0,02352797
-0,01628368
0,03490125
0,009626462
-0,03934473
-0,0452287
-0,01688835
0,02261767
-0,01813202
-0,03065154
0,01007224
-0,0279814
-0,0569247
-0,008678598
-0,02215843
-0,009671509
-0,02620755
-0,003828793
-0,01231667
0,02303568
-0,04572402
-0,009889795
-0,02111202
0,008762102
0,009526953
-0,00958333
-0,00277978
0,0551309
-0,01137451
-0,03719378
-0,01643055
0,002193968
0,02605275
-0,01342965
-0,01987616
0,01307643
0,003579679
-0,02988145
-0,04791796
-0,02244766
-0,001253618
-0,008223922
0,0359307
-0,02936753
-0,06084174
-0,01954554
-0,01878279
-0,01973904
-0,07593419
-0,04156445
-0,01236941
-0,0229314
-0,04131229
-0,03656455
-0,0129107
-0,01401807
0,0002165406
-0,008242927
0,01467694
-0,0006127063
-0,01949589
-0,01172919
-0,01362219
-0,03848802
-0,006745591
0,006583544
-0,02428779
0,01901891
-0,04175053
-0,007943975
-0,01455998
-0,002593922
0,01176727
-0,008539964
-0,009766969
-0,005371476
0,0365018
-0,001037092
-0,01322664
0,01498078
-0,006474584
0,03465353
0,02307794
0,005474706
0,02190407
0,003455242
0,02068219
-0,0376753
0,005877975
-0,0111302
-0,03044205
-0,001476156
-0,009634175
0,008166676
0,0341627
-0,04522257
0,004445878
-0,009450934
0,03875143
-0,01956503
0,02497581
0,02820357
0,04245527
-0,03892051
0,02824174
-0,02322761
0,04432368
-0,06392913
-0,05143327
-0,02808866
-0,04333545
0,03133228
0,02281302
-0,01343575
-0,02255059
0,005895646
0,01918794
-0,0210217
-0,02723863
-0,04508438
-0,006081493
-0,004472597
0,0366873
0,01379571
0,05353154
0,01113408
-0,01111899
0,004972167
0,000437391
-0,02265716
-0,01017223
0,01962973
0,0388537
-0,01838526
-0,002912756
-0,009714455
0,04389138
-0,008505687
-0,0008871336
0,02361758
-0,0106229
-0,007363465
-0,003937473
0,00825271
0,01537061
0,01396998
-0,01524947
-0,01779803
0,006750638
0,03648256
-0,0366836
0,03159563
0,00442993
0,000864437
-0,006686926
-0,006861022
0,04560768
-0,03256918
-0,04122836
0,01941558
0,01776745
-0,04278546
-0,00211417
-0,02411443
0,008646542
0,03375789
0,07230951
-0,002817239
-0,01619345
-0,01896254
-0,003597431
0,009158301
0,04660434
0,01171739
0,02277219
0,01751841
0,00673658
-0,009422367
-0,0216095
0,02663415
0,02016643
-0,03071955
-0,01579729
0,02161693
0,04653569
0,02900388
-0,01670028
-0,004083625
0,0003365702
-0,06319446
-0,04840084
0,0164832
-0,0003225958
0,0272568
0,004873661
-0,01040155
-0,0005227482
0,01540917
-0,05176611
-0,003239573
0,02481076
0,0248764
-0,01899648
0,02347925
0,07071473
0,04027034
0,04433199
0,03181264
0,008433431
-0,03025197
-0,008262673
-0,05480163
-0,03003845
-0,02568996
-0,01504712
0,01224129
0,01363902
0,003942448
-0,02683098
-0,008421197
-0,002361507
0,01062145
-0,009663725
0,01888847
0,03662703
-0,013731
0,009202891
-0,03909643
0,03225961
-0,002049292
0,01411111
-0,02666288
-0,01576912
0,004689967
0,01829029
0,000845247
-0,0542674
-0,05032731
0,00942938
-0,02975956
0,009124784
0,0186174
0,04213009
0,01669655
0,0001361688
-0,01279286
0,01232382
-0,04636518
0,01474923
-0,04968026
-0,02111412
-0,01885419
0,001351782
-0,01158428
-0,03051892
-0,02894679
0,01294826
-0,03431836
-0,01073737
0,0007378699
-0,02874165
0,05573958
-0,01422844
-0,05086354
-0,01409175
-0,007434133
0,0209963
0,0107323
-0,02594898
-0,00784231
0,008123599
0,001561045
-0,02245524
-0,01170803
0,002149313
-0,00354253
-0,01078842
-0,02476026
-0,01657142
-0,01288572
-0,01292833
0,005114892
-0,01681882
0,002874121
-0,04254164
-0,006991126
0,01901521
0,02490938
0,01277194
-0,01877682
0,01142011
0,01397848
-0,007091315
0,005145555
-0,005430592
-0,08040822
-0,01268699
0,0208391
-0,01085057
-0,02504701
-0,01009732
0,02624717
0,02389884
0,002632296
-0,02562768
0,01348034
-0,02247916
-0,00324864
0,01080804
-0,002137783
-0,0004446116
-0,0115381
-0,02689421
-0,005567976
-0,02405718
-0,02291721
0,025521
0,0003536969
0,01094531
-0,02693275
-0,007070683
0,01517424
-0,04317242
0,02703098
-0,02117688
-0,02732113
-0,03780815
0,01408861
-0,02216801
0,0297242
0,01214834
0,001586856
-0,02079022
-0,02611036
0,03728197
0,03388538
-0,002597397
0,007791723
-0,0164519
0,008551062
-0,01729207
0,007483245
-0,027532
0,02202849
0,02284887
-0,03783103
-0,04441481
0,003999739
0,003311965
0,01893197
-0,01743176
0,03279173
0,04692979
0,01894309
-0,03409151
-0,0192939
-0,02287843
0,009406437
0,02152251
-0,006970243
-0,01019826
0,03166448
0,0308376
-0,03049889
-0,02343632
-0,003630533
-0,003790306
0,03840501
-0,003840683
-0,01231306
-0,002004834
0,06663709
0,01535602
0,00569008
0,02946472
0,006013796
0,00329163
-0,03646693
0,03496515
-0,02759464
0,01065027
0,001836971
0,005666119
0,02165931
0,01835041
0,009833885
0,01954064
-0,03997261
-0,07399835
-0,002954375
0,0385219
0,04912549
-0,0268851
0,02699343
0,01250501
0,01120495
-0,02353422
0,01257822
0,01922196
-0,02880369
0,01929346
0,01739336
0,02835406
0,01841563
-0,001453004
0,002362581
-0,01948205
0,008265259
0,001594051
-0,018957
0,05354548
0,01225829
0,01549209
0,04045171
0,0593902
-0,02902337
0,03214745
0,00466884
0,04034019
0,006153374
0,01791344
-0,02724396
0,01162281
-0,009417986
0,03639238
0,03836478
0,02488077
0,05478068
0,03715285
-0,036033
-0,008112838
0,01892938
0,01443838
0,03548741
0,03991617
0,05068794
0,01874563
0,01572104
0,03191664
0,00715659
0,003803785
-0,02761198
0,02918863
0,01867685
0,03513658
0,06825675
0,001296419
0,03415335
0,03442299
-0,02000807
0,00910401
-0,02309586
-0,03242235
0,002017953
-0,02204228
0,01492364
-0,03107041
0,01368674
-0,01619496
-0,02232519
-0,02368493
-0,009618642
0,02443996
-0,005505492
0,01632587
0,03757407
0,05693399
-0,006481095
-0,03656299
0,04076544
0,00498266
-0,01335226
0,02739368
0,01046301
0,02702076
0,01562229
-0,009732293
0,001440819
-0,0153364
-0,005447133
-0,01361125
-0,03519465
0,034774
0,02637172
0,01046484
0,043688
0,04314166
-0,001501172
-0,01299457
-0,0285248
0,06617659
0,0549972
0,06795431
-0,0005578082
0,001736578
-0,03123275
-0,02223528
0,009152003
-0,001924197
0,009493981
0,006086886
-0,02609811
0,01726384
0,05425618
0,03178126
-0,01402331
0,02220145
0,03631813
0,01095381
0,004518544
0,01426778
-0,02009121
0,007067864
0,01034523
-0,04136505
0,02390848
-0,03850028
0,002961999
0,02217296
0,03241934
0,04675663
0,007505373
0,006102826
0,04039364
0,02018233
0,02805132
0,01082155
0,02175906
0,0459458
0,02594872
-0,00988985
0,004635706
-0,0209598
-0,01133104
0,005552446
-0,0001906506
0,02299493
0,01174742
-0,03514162
-0,005166029
-0,01718987
-0,003406208
0,007977356
0,01076457
0,02990491
0,004657853
-0,009988476
-0,008868589
-0,01323191
-0,01238169
-0,03498778
-0,05388678
-0,01005442
-0,01874643
-0,02776395
0,006646518
0,006783262
-0,01611074
0,005798912
-0,009447833
-0,00887978
0,007871867
-0,04053506
0,04041491
0,03400413
-0,009047631
0,002128188
-0,01987867
0,003829159
-7,248204E-05
-0,04813886
-0,04501142
0,01773675
-0,02693971
-0,01110482
-0,04755315
-0,05175615
-0,03757526
-0,01708831
-0,01666152
-0,0009075922
-0,03134865
0,01165555
-0,01740069
-0,05064796
-0,01177472
-0,03725661
-0,07134841
-0,04166359
0,008852813
0,008502063
-0,02901217
-0,06211099
-0,01812504
0,03801974
-0,01146737
-0,02150358
-0,0008596372
0,00637025
-0,02216309
0,004151625
0,005876687
0,03222791
-0,01569966
-0,04467474
-0,01563188
0,00319863
-0,03354357
-0,007454703
-0,01000788
-0,01524729
0,004559018
-0,01530395
-0,02990063
0,02904684
-0,05365101
-0,04949699
-0,01559243
0,02319799
-0,0463262
-0,01703376
-0,01968925
0,02497814
-0,003705386
-0,07464253
-0,05502259
-0,02015188
-0,04858983
-0,002750241
0,0364148
0,01068624
-0,02586883
-0,01332893
0,01189912
0,003138156
-0,02394493
-0,04664308
-0,01488648
-0,001010981
-0,03428762
-3,282112E-05
0,01678892
-0,005363028
-0,0002443516
-0,06787938
-0,06622393
-0,0258753
-0,06814197
0,00749361
-0,006771104
-0,04201927
0,001444262
-0,01420382
-0,03276611
-0,009485533
-0,02302197
-0,05415685
-0,01495504
-0,04979026
-0,002527024
-0,02162398
0,01057448
-0,0001308619
-0,01684351
-0,02276999
-0,0177383
-0,04499923
-0,01953934
-0,0003306645
-0,01192746
-0,01410473
0,004662625
-0,02212331
0,0005087751
-0,04298934
0,03010671
0,009502318
-0,03379409
0,01196591
-0,0112827
-0,009089611
-0,001652495
0,008047146
0,01038308
0,006726726
-0,04226096
-0,001658377
-0,03665906
0,01920317
0,00336545
0,006488789
-0,02562423
-0,03210469
-0,01181001
-0,04166166
-0,02208729
-0,04007494
-0,005216317
0,02877386
0,003351429
0,05275321
0,0004923004
0,01372124
0,00104894
-0,01147764
-0,03466164
-0,03850799
-0,03795775
-0,02673649
-0,05634192
0,02484668
0,02441401
0,003269845
0,03107328
0,01067365
0,03047171
-0,05044217
0,003401409
-0,01529873
0,03717552
0,0164754
-0,004394952
-0,01832138
-0,03390339
0,01465371
-0,02580229
0,01779362
-0,01511378
-0,005155691
-0,04016731
0,04690359
0,01944795
0,03680395
-0,004002661
-0,01268093
0,05201614
0,0168364
0,02185623
0,007461841
0,033273
0,001979253
-0,004949444
0,04285982
0,0274954
0,03074071
0,05952631
0,04647656
0,01253729
0,03967165
-0,00078175
0,009396965
-0,0006413152
0,02217871
0,006036563
0,03202648
0,04498788
0,01227649
0,04651714
0,0639156
0,06551491
0,0243065
0,002032514
0,03232971
0,008113483
0,000705966
0,02245964
0,03249632
0,0536936
-0,002157251
0,01106938
-0,01201438
0,00405226
0,0110994
0,05700239
0,01541979
0,03198067
-0,005717748
0,02359524
-0,006597075
0,0009722268
-0,01617961
0,003472354
-0,008213946
0,02489856
0,01028642
0,04557884
0,02364055
0,003719927
-0,0218788
-0,0001408862
0,03381552
0,02453751
0,009495331
0,02113128
-0,00468336
0,02226858
0,008086484
-0,009140403
0,03281236
-0,03842168
-0,01488926
-0,02677261
-0,001946367
0,0626815
0,0140361
0,0709615
0,04018779
0,04006055
-0,00749553
0,04916394
-0,01354314
0,05142367
-0,00325845
0,01569461
0,01817172
0,03124871
0,01652698
-0,008804254
-0,02567054
0,01191389
-0,01147492
-0,008898522
-0,005405951
0,02344008
0,05800727
0,02204308
0,02974963
0,06234089
-0,02471702
-0,01010767
-0,004405084
-0,01517642
0,009527317
-0,01125998
0,001998234
0,01280236
0,0329189
0,02095318
0,006834477
0,01428424
0,007604224
-0,02002003
-0,02881772
0,03188965
0,02583766
0,0004981105
0,02342225
0,009115121
-0,003154321
-0,05394009
0,005524934
-0,04213379
-0,002004482
-0,02417899
-0,01586431
-0,01899382
-0,01509239
0,005449395
0,004372991
0,03788708
-0,01246773
0,003175213
0,01851209
0,0561181
0,02624949
0,0154892
-0,02881493
-0,04564483
-0,007342296
-0,008419248
-0,01236886
-0,02906415
-0,04247824
0,009514268
0,02965283
-0,04029087
0,0176527
-0,006141131
-0,005397946
0,0299107
-0,01013263
-0,02987151
0,04730757
0,01197991
0,05070965
-0,03110033
0,00706607
0,0342387
0,06591401
0,01362879
0,0345497
-0,00186438
-0,01867848
0,003917784
-0,008647136
-0,006449554
-0,028473
0,02659502
0,01291879
0,01211705
0,02271363
0,02125933
-0,002393042
0,005313399
-0,01468096
0,003201116
0,0152825
0,03870349
0,02622952
0,002475386
-0,01474155
-0,03548958
-0,01309815
-0,03253252
-0,003390512
-0,006326668
-0,01382366
0,00748322
-0,01063968
0,01391503
0,004400632
0,004362884
-0,037093
-0,01444277
-0,04344103
-0,04260193
0,06443789
0,05572433
0,03734538
0,06572594
0,02305516
-0,0251845
-0,01973813
-0,007911804
0,004225921
-0,00595268
-0,01281875
0,002354244
0,01645789
-0,03069196
-0,07685414
-0,008974604
-0,03729171
-0,05135487
-0,07978773
-0,04125772
-0,02259122
-0,02857536
0,01343046
-0,009160942
-0,03041663
-0,02758278
-0,03001544
-0,04280749
0,004650793
-0,02385363
-0,03585392
-0,04081291
-0,01903608
-0,0299874
-0,02904961
-0,02326688
-0,03950674
-0,03442168
-0,03937683
0,01638395
-0,02899093
-0,04826644
0,0009769092
-0,04753534
-0,002225553
0,04358952
-0,00131459
0,02419722
0,01137711
0,01053935
0,01426445
-0,02728297
0,01555266
0,009953191
-0,004257953
0,03256295
-0,03052531
-0,004399172
-0,0113295
-0,0008053216
0,01734123
0,02667023
-0,007237974
0,01119085
0,06705361
0,04469053
0,03598886
0,0009192679
0,01765556
0,02093068
-0,01174622
0,005601485
0,02137594
-0,005443213
0,02782667
-0,01700253
-0,0008245031
-0,01126092
0,002767642
0,02120773
-0,002715967
-0,03466826
0,01664961
0,0171266
0,04233556
0,004628785
0,02702173
0,02423941
-0,006252043
0,04123718
-0,03608867
0,03625271
0,009542597
0,02640852
0,02635971
-0,02076187
0,02656722
-0,0134858
-0,01251816
-0,003843227
-0,04100206
-0,0505981
-0,06128385
-0,01463207
-0,03235871
-0,02817405
0,00538228
0,02295404
-0,03750629
-0,005173762
-0,0327445
0,01850212
-0,01740243
0,01045487
0,002515933
-0,01667269
0,02247475
0,0307423
0,01842
-0,05141595
-0,05005665
-0,04147366
-0,05849965
-0,01931294
-0,02171713
-0,04942867
-0,005845111
0,01255428
-0,03272076
-0,01462932
-0,03584816
0,04406657
0,01483694
0,03059219
0,02450679
0,01376492
0,003819481
0,04201062
-0,002350841
0,001205415
-0,0009282635
0,001741887
-0,02187731
-0,006406133
-0,03012029
-0,009673552
-0,02272006
-0,005684665
-0,02452754
-0,01098151
-0,02843467
-0,008478981
0,003772015
-0,002890088
0,001304706
0,01708156
-0,008024566
-0,03345547
-0,002555291
-0,03776863
-0,01669483
-0,004476059
-0,03536397
-0,06231408
-0,03469932
-0,006278308
-0,05901552
-0,03758427
-0,06789934
-0,02736212
-0,0223445
-0,02903805
-0,03580788
-0,05997906
0,01515063
-0,01594696
6,420924E-05
-0,01330515
0,02924807
0,009810955
0,02593148
0,01115617
0,01303412
0,03172826
-0,01017189
-0,006265581
-0,02721855
0,03298727
0,01868829
0,00815622
-0,005592261
0,04792568
-0,03736282
0,006839236
-0,02665607
0,006436985
1,00541
