-0,1935607
-0,1916687
-0,1740412
0,1217179
0,1986115
0,3149992
-0,03748914
0,1374879
0,0686003
-0,2408854
-0,2562133
0,3556498
0,3050353
-0,1588559
-0,4173903
-0,1631323
-0,7321514
-0,7462196
-0,4649098
-0,6521158
-0,3201594
-0,5676908
-0,7877027
-0,760592
-0,8676817
-0,7377772
-0,7784399
-0,8560078
-0,5323222
-0,5232365
0,1955002
0,07317004
0,2229608
0,03193327
0,1389074
0,4799331
0,3975409
0,3759639
0,5406244
0,2726915
0,5708439
0,4420914
0,2941311
0,07068788
-0,2358546
-0,3124267
-0,2976998
-0,2689788
0,04734416
-0,2159254
-0,1268713
-0,04083754
0,3538367
0,3308868
-0,121081
0,08419447
0,2793528
0,3385496
0,1578439
0,3551874
0,4400982
0,1688525
0,3136716
0,04882322
0,1152283
0,3862968
0,2646419
0,3051769
0,251472
0,07530767
0,2757757
0,06734788
-0,06442982
-0,1101801
0,1203521
0,08164497
-0,116926
-0,07317939
-0,19349
-0,1728698
-0,1637015
-0,1589404
0,2748266
-0,0004969864
0,4092108
0,5570984
0,4382664
0,3252566
0,08000694
0,6736186
0,3156295
0,1628834
-0,09787796
-0,005705739
-0,1458072
-0,06115261
-0,1868421
-0,128411
-0,2268526
-0,2782241
-0,1823662
0,1956715
0,2009894
0,1324822
0,2302874
0,1552607
-0,220135
-0,01978443
-0,02681016
-0,3212017
-0,2161124
-0,1780728
0,0424687
0,0984872
0,3284156
0,4780933
0,4868195
0,04096091
-0,1439495
0,2759536
0,05037674
-0,1741753
0,02705566
-0,005155381
-0,2465818
-0,2113099
-0,02228588
-0,2654485
-0,01649548
-0,01237363
-0,1127022
-0,1025443
0,03056727
0,2563068
-0,007822721
0,1642397
0,1008878
0,2290709
0,0953464
-0,2237132
-0,427379
-0,2026047
0,01023454
0,2235396
0,03628425
0,09196396
0,3971179
0,1078847
-0,06863434
-0,02426541
-0,006242231
-0,1577069
-0,08501056
-0,1391317
-0,3655726
0,06474109
0,1343707
0,2239459
-0,2766753
-0,1975167
-0,3108517
-0,2107497
-0,3047487
0,2842169
0,2763982
0,2133464
0,3596184
0,03237782
0,2811064
0,07155322
-0,2730986
-0,139092
0,1780342
0,05328833
0,04654812
-0,04451247
-0,07065927
0,01180646
-0,06627527
0,06163993
-0,04521463
0,3291351
0,5189476
0,1147026
-0,1355023
0,08285416
0,2755878
0,292018
-0,109882
-0,1979846
-0,1505037
0,07813752
0,02799529
0,05907635
0,1062061
-0,2249807
-0,01280948
-0,09597235
-0,1157446
-0,1991772
-0,3356991
-0,2914916
0,02025473
-0,3755165
-0,3219443
-0,1502696
0,06230162
-0,1072802
-0,2558731
0,0944832
0,009760482
0,03413965
0,2132861
0,2359417
0,3190956
0,5487618
0,1981126
0,5659309
0,308111
0,2929521
0,261294
0,3690796
0,4122382
-0,004518649
-0,2699224
-0,2177276
0,08581904
0,1166228
0,02478913
0,07523347
-0,03897063
-0,01701544
0,2099864
-0,06038204
0,1585133
0,02861254
-0,1500992
-0,03157435
-0,01118084
0,359759
-0,06582911
0,1567411
0,2235717
0,3578408
0,428229
0,3621876
0,158341
0,2209856
0,1669388
0,2873196
0,3093214
0,1464986
0,207343
0,1949474
-0,1933476
0,3174737
0,1827556
0,2370808
0,2052343
0,3077641
-0,1993782
-0,04042651
-0,01860162
0,04276391
0,02473601
0,3772771
0,2492281
0,3117526
0,4166991
0,3945882
-0,05722034
-0,09981111
0,07518652
0,2916932
0,5138241
0,1540089
0,1310984
0,09044193
-0,2547425
0,06250231
0,1193285
0,1142723
0,05385891
-0,1065231
-0,2822078
0,3214664
0,2085275
0,1959802
0,1329574
-0,04425981
-0,4828658
-0,1793226
-0,1161352
-0,09791603
-0,044001
-0,2009843
-0,0911344
0,1145052
0,09542175
0,1530105
-0,1314903
-0,1465954
0,07659361
-0,1304477
-0,04782685
0,01265281
-0,2071017
-0,1882981
-0,2236221
0,1433722
0,4073598
0,3133521
0,02012998
-0,2225312
-0,1561109
0,001613922
0,1207501
0,4877651
0,3256398
0,2257839
-0,3518228
-0,2900701
-0,06913197
-0,1869489
-0,029241
-0,1264004
-0,05222245
0,0334953
0,07381196
0,2829869
0,02604775
-0,114972
-0,07338664
-0,1822087
-0,2946668
-0,2424192
0,03418041
-0,0109667
-0,2013041
-0,2460177
-0,139034
-0,1235394
-0,2270683
-0,1723615
-0,3074103
-0,09060855
0,08903952
0,2634722
0,3239838
0,3047324
-0,3045312
-0,2911976
-0,04927616
-0,0348626
0,2004201
0,03892523
0,1341682
0,06527159
0,02522831
0,1275621
0,3280036
-0,06091028
-0,2504795
-0,1926761
-0,04004266
-0,2009792
-0,1873813
0,02190196
-0,1871467
0,03790392
0,1331644
-0,0259002
0,00937758
0,07106637
0,3430942
0,4594132
0,5744984
0,3811083
0,1836243
-0,07780293
-0,2726601
-0,09795048
-0,186818
0,09377888
0,3483357
0,2037213
0,3100635
-0,07161002
-0,06066785
0,0101722
0,09288082
-0,3740325
-0,3358156
0,0491899
-0,05282072
-0,2428737
-0,104953
-0,03952803
0,03286996
0,03836096
0,1693052
0,04180131
0,2273308
0,2213912
0,2168741
0,07906381
0,00736261
0,1430523
0,08928072
-0,1024445
0,03746617
-0,02466868
-0,2383268
-0,02557014
0,2263582
-0,2416444
0,2431289
-0,1272747
0,0534424
0,168859
0,01759993
-0,284896
-0,1117084
0,03450587
-0,06620869
-0,1526288
-0,2410465
0,2309571
0,1063259
-0,24144
-0,2901174
0,2643318
0,33721
0,4006161
0,3809922
0,1695233
-0,1457032
-0,05447884
0,1874102
0,036367
0,1207515
-0,03629093
-0,4145648
-0,3461192
-0,2567726
-0,1909163
-0,08632048
-0,1137975
-0,06411996
-0,1447209
0,07090236
0,02196492
0,09225389
0,07247198
0,09262704
0,07673506
-0,07539566
0,1050552
0,0094069
0,1247379
0,1002179
0,3424492
0,1839703
0,3155425
0,1388738
0,1052133
-0,08464047
0,02729243
0,1856697
0,2389951
0,04296394
-0,1212908
-0,1235265
-0,1294685
-0,3604282
-0,1580667
-0,1495579
-0,07866296
-0,2307236
-0,2069317
-0,0116725
0,03731356
0,07130499
0,1712096
0,2021494
0,1221414
0,0826898
0,1225178
0,1604187
0,1780012
0,3528118
0,2441306
0,1012469
0,1132327
-0,03783668
-0,04709553
-0,4146325
0,001790294
-0,1448567
-0,01982771
-0,08944953
0,0689167
0,178765
-0,2412017
-0,1262125
-0,1971724
-0,07366539
-0,1441615
-0,3879961
-0,001283751
-0,06830969
-0,1492461
-0,140925
-0,2434042
0,1898863
0,4951633
0,4259685
0,09844373
0,211612
0,086927
0,1142472
0,2705231
-0,1755473
-0,06612161
-0,08142906
0,2188828
-0,07855288
0,03931863
0,2673033
0,03183936
-0,2509051
0,09268285
0,05801793
-0,1197296
-0,0108771
-0,2361442
-0,1626413
0,08506951
-0,1720988
0,008771208
-0,07552324
-0,3597383
-0,01898433
-0,09348802
0,03541799
-0,004799824
-0,02517466
0,1423912
-0,09556666
-0,3930638
-0,09592692
-0,2285381
-0,2159949
-0,1503909
-0,07037278
0,02702194
0,08548313
0,08586479
0,1119483
-0,1764584
-0,1415857
0,1826953
0,09129956
0,2284057
-0,06941217
-0,1446705
0,4326188
0,4608815
-0,009802895
0,07498802
-0,1310976
-0,5258778
-0,1626834
-0,1345819
-0,04460412
-0,3994792
-0,1520632
-0,1613605
-0,3508744
-0,1214449
-0,1246438
-0,1051062
-0,1296225
-0,1358386
0,1318557
0,08603024
-0,1011942
0,1822739
0,2476815
-0,01221959
-0,001114227
0,1345339
-0,2103517
0,04046814
-0,01689156
-0,1897921
0,2016342
0,2106593
-0,01455401
0,1813647
0,8181064
