0,06616347
-0,02132559
0,09707922
0,1103185
0,1624092
0,2055965
0,1280904
-0,1247063
0,009281682
0,04856506
-0,0695112
-0,1344338
-0,006496547
0,05022634
0,06642286
0,06319239
0,08563209
0,04970394
-0,00158816
0,1508835
0,1252448
0,2729836
-0,007227709
0,03067779
-0,1299133
0,02295722
-0,03226461
-0,009296663
-0,009416639
0,0009830168
0,1122196
0,01488438
-0,1411395
0,05598547
0,1390011
0,1350145
0,02590586
-0,1357377
-0,06968141
-0,1653664
-0,0616538
-0,05055107
0,002722566
-0,1468682
-0,07047348
0,03278487
0,009967158
0,0699937
-0,1001617
-0,2477814
-0,07568782
0,07026258
-0,01095504
0,02221304
0,003466048
0,128202
-0,07580279
-0,1518825
-0,1349461
-0,04200254
0,09435598
0,02496076
-0,01464447
0,04901205
0,07512475
0,07941235
0,07922364
0,03927428
-0,09232772
-0,02811308
0,06246377
-0,06681338
-0,05125696
-0,1277507
-0,05572245
-0,06982872
-0,03597247
0,1865406
0,1488324
-0,1369521
0,01718427
0,1489384
0,1284626
0,2117325
0,218183
0,1123883
0,009594234
-0,07639564
-0,07415642
-0,08386675
-0,0439461
0,05279533
0,00133081
-0,1177933
0,01959986
0,005688097
-0,03779972
-0,1674841
-0,2177067
-0,2194363
-0,1371946
-0,08301841
-0,03681218
0,04251658
0,105862
-0,1652573
-0,05493728
0,03443516
0,022403
-0,07299794
-0,02535658
0,01743141
0,07656266
-0,07979312
0,08888106
0,068457
0,02819355
-0,1517909
-0,1052553
-0,01290142
0,1470345
-0,02773825
-0,0638923
-0,09458288
-0,1791146
-0,1455018
-0,1106812
-0,1149356
0,02276084
0,007634568
0,105672
-0,07032567
-0,1446491
0,003446829
-0,003898447
0,09806415
0,09507822
0,299082
0,2196111
0,02828612
0,03650041
-0,1144234
-0,1448883
-0,1191831
0,04784811
0,04412032
-0,1513519
-0,2393543
-0,179816
0,07308964
0,1665791
-0,1085813
0,01351433
-0,1477688
-0,204676
-0,1337895
0,03364932
0,1896652
0,1127952
0,04132566
-0,01319798
-0,02248619
-0,04077574
0,02802282
0,01908748
-0,009541457
0,0532696
0,0635859
0,07098113
-0,1038616
-0,06376198
-0,05271517
-0,03287198
0,06410959
0,04196357
0,05727581
-0,01095277
-0,08628181
-0,07682177
0,06548801
0,05731351
0,02411704
0,1435529
0,02575067
-0,1311086
-0,1795768
-0,1080672
-0,001884565
0,02237073
-0,02544705
0,1208902
0,139803
0,2217885
0,1739259
-0,05651518
0,001589229
0,001786086
-0,09799061
0,04021412
-0,01864065
0,1348734
0,286176
0,006588992
-0,01255254
-0,003478198
0,08636915
-0,03577831
-0,0948292
-0,0967793
0,1412299
0,06868803
0,04603171
0,05246928
0,1095536
-0,1293681
-0,02923315
0,2925675
0,3396987
0,04858671
0,02663303
0,1480491
0,04326318
-0,130286
-0,1597742
-0,09588625
-0,1253943
-0,04738595
0,003075526
0,02335076
-0,06381553
-0,09543495
0,01287408
0,009704546
0,1294126
0,1533663
-0,002845983
-0,002625359
0,02940589
0,0176076
0,1319881
-0,1738426
0,008218621
0,07802773
-0,06842527
-0,2167223
-0,0347275
0,1736098
0,05902911
0,02617464
0,1721521
0,2887143
-0,0199998
0,07501377
0,154781
0,2047321
0,01457867
-0,1608339
-0,09888346
-0,09764067
0,003034483
0,1100366
-0,006779016
-0,0004138117
-0,02270562
0,03912912
0,03288
0,06302437
0,04616595
0,02649222
0,09135912
-0,08221316
-0,005332029
0,08410399
0,1085918
-0,03127993
0,06229094
0,03090402
-0,01667412
-0,01626404
0,03766314
0,1871799
0,2573716
0,3272377
0,1063326
0,2437082
0,216934
0,06601971
0,02201341
-0,1589492
-0,3022813
-0,2887765
-0,2641995
-0,09953282
0,01022092
-0,2024938
-0,04215733
0,0293523
-0,02981463
-0,06520282
0,06473156
-0,1030569
-0,08248783
0,0382545
0,0001651046
0,1167154
0,01009233
0,05236455
0,02775676
0,07252492
0,08511826
0,07604106
0,1313864
0,1343113
0,07194158
0,2177836
0,2786941
0,06584485
-0,02844703
-0,3191622
-0,2146191
-0,1566216
-0,08606649
-0,08414774
-0,002686057
-0,1297086
0,1377941
0,04425125
-0,06853048
-0,0989804
0,06007885
-0,2652922
-0,1708691
-0,0002755433
0,1002561
0,1228246
0,08453739
0,1101252
0,1101063
-0,003925527
0,05335802
0,2208946
0,2370891
0,2722668
0,08629509
0,02332245
-0,06744505
-0,1052334
0,1196073
0,1134982
0,1854504
0,1464063
0,03970323
-0,1593028
-0,1199336
-0,1252078
0,01931239
0,0117908
-0,05306455
0,01676594
0,1476544
-0,1596389
-0,2029884
0,02139332
0,07562827
0,1865536
0,1121278
0,02455084
0,08492907
0,2918236
0,09760258
0,1167764
0,05148152
-0,2027081
-0,3774767
-0,2881157
-0,06524827
0,1346277
0,4857452
0,2642348
0,4441186
0,105551
-0,06065483
-0,3838461
-0,1197364
-0,06290052
-0,04457385
-0,004887837
-0,1088682
-0,0464037
0,09394873
-0,1333908
-0,01196359
0,0004936905
-0,06277096
0,1264222
0,07235602
-0,03873903
0,3173167
0,2609671
0,1461893
-0,05842435
-0,2053912
-0,4604125
-0,3532112
-0,1106412
0,04788956
0,3735506
0,5326754
0,2112934
0,4517708
0,2596553
0,09149788
-0,1220034
-0,09204815
-0,06788614
-0,002602175
0,213943
-0,0228324
-0,05740759
0,06658949
-0,1407169
-0,07095076
0,04336021
0,1408122
0,412073
0,2731238
0,2143225
0,2265065
-0,07559654
-0,2094959
-0,2964049
-0,2534823
-0,1315499
-0,06885894
0,2193068
0,2859832
0,3866546
0,3114406
0,1567303
0,1568383
0,2016821
0,1007119
-0,1211421
-0,1075726
-0,07629358
-0,07627582
0,03462597
0,00381908
-0,02727938
-0,04856363
-0,07939625
-0,05290846
0,05612327
0,08351349
0,1613934
0,235766
0,03448258
0,1024586
-0,0931199
-0,2098465
-0,366662
0,08500524
0,248066
0,06682612
0,2508187
0,1845807
-0,02965706
0,08204918
-0,1298278
-0,158855
0,05399696
0,1187251
-0,135449
-0,1337806
-0,09024662
0,1362028
0,1928458
0,06798011
-0,05709511
-0,03539864
0,007271143
-0,07176691
-0,02622656
0,07495284
-0,02618
0,001346714
-0,06782037
0,0234834
-0,003917084
0,04369723
0,13112
0,4547657
0,603554
0,2772176
0,03145944
0,09390289
-0,03477845
-0,06460647
-0,05368418
-0,009268748
-0,03562164
-0,01972366
-0,142643
-0,09862957
-0,0639732
0,1486895
0,1661681
0,01373172
0,09635532
0,1229273
-0,008778289
-0,03374501
0,1041169
-0,08344352
-0,1652196
0,04169748
-0,01742246
-0,1369749
0,0846609
0,2494355
0,2946487
0,482291
0,2120174
0,032943
-0,02258205
-0,2043169
-0,2261489
-0,2830985
-0,09336565
0,01657459
-0,07784015
0,00491651
-0,164979
0,01739696
0,01610216
0,09086926
-0,00351124
-0,2396051
0,07105318
0,167377
-0,0360094
0,02498775
0,09702349
-0,08671312
-0,09682319
-0,1056112
-0,01814
-0,03854611
0,04469819
0,07986005
0,01489068
0,1539539
-0,2116143
-0,1049448
0,04486867
-0,1799885
-0,1220104
-0,110747
0,01525437
0,1522943
0,04155197
-0,0058291
-0,1281587
-0,07214233
-0,09445945
0,02706581
-0,008059021
-0,248052
0,01368066
0,08461111
-0,1492705
-0,04590817
0,2890305
0,009432171
0,009374014
0,03185762
-0,09204207
0,008672033
0,1455415
0,04439029
0,1305716
0,1448766
0,01947773
-0,03143509
-0,1131247
-0,1579224
-0,05355383
-0,2142398
-0,1053501
0,1403248
-0,001958088
0,1969478
0,1420096
0,2271274
0,2178583
0,1596288
0,1102612
-0,002819668
0,02944127
0,008795992
0,9746174
