-0,007302884
-0,02112072
-0,009127094
-0,005363447
0,01373794
0,03707577
0,006149278
0,01402528
0,02164454
0,03082255
-0,007073686
0,0243239
0,01870697
0,002390642
0,006477183
0,00455746
0,000902827
-0,02136411
-0,002489256
-0,0001485136
0,01391131
-0,001026925
0,006885161
0,003710763
0,001708001
0,002249272
-0,01220709
-0,003752033
0,006558323
0,02019793
0,01378905
-0,001275833
-0,01482281
-0,002499472
-0,0012531
0,01835727
0,005698506
0,01024499
0,003792622
0,00431728
0,008421897
0,02169906
0,01825992
0,009097165
-0,001651876
0,0004352603
0,01071943
-0,002091541
-0,002628279
-0,002062539
0,01309158
-0,01104417
0,007253293
0,002451075
-0,004581849
0,005345819
0,008502703
-0,006454205
0,002200457
-0,0008006457
0,003295955
0,001748176
0,001620274
-0,01285209
0,004624954
0,01442666
0,01045738
0,003619421
-0,01393201
-0,01425005
0,007977564
-0,007582695
0,01369888
-0,001774349
-0,001953254
0,01113849
-0,001732266
-0,0023481
0,002755647
0,003513892
0,01811167
0,01629823
0,0006564696
-0,007257166
-0,0007776004
-0,01135126
-0,003526027
-0,004830469
0,01026756
0,004810994
0,006504904
-0,009513916
0,02461073
-0,00434507
-0,003839545
-0,01242253
-0,009267589
0,004804136
-0,0003184412
-0,006324187
0,005892678
0,0164143
0,004390793
0,01420512
0,009591687
0,007210431
-0,001700016
0,02201162
0,003852934
0,03120424
-0,007595786
0,007749081
0,006084894
0,007412374
-0,003939206
0,006018475
-0,005473857
-0,0004403459
0,00354243
0,01829858
0,01465208
-0,006332879
0,002191772
0,005226282
-0,002616533
-0,01309197
-0,01078231
0,00276634
-0,008213965
0,005186205
-0,009417239
0,009688823
0,01504617
0,002251967
0,00791615
-1,793793E-05
0,01627977
0,01418079
0,006059567
-0,007510182
0,001786024
0,02745313
0,008031645
0,0143201
0,02069147
-0,00278183
-0,01829381
-0,009288632
0,01292857
0,01560867
0,02549017
0,009130863
0,00316065
0,01464011
0,01015547
0,002640091
-0,005928826
-0,008228544
-0,01202788
0,01037974
0,02341006
0,01015752
0,04186445
0,01564882
-0,004337915
0,0127545
0,02978768
0,008078107
-0,00152774
0,003930078
0,01286997
0,02094996
0,000501289
0,006548265
0,007032534
0,007658559
0,008709052
0,003802168
0,01478176
0,0225146
0,00757548
0,01350177
0,01042772
0,003241685
0,001322612
0,003999516
0,01070335
0,01403259
0,01525115
0,02875389
0,02230759
0,01080328
0,006416814
0,01363889
0,02204961
0,02691975
0,01143124
0,006206348
-0,007244039
0,004694423
0,01876915
0,01672478
0,01846852
0,002708761
0,009826023
0,00605698
-0,008327256
-0,01414457
0,0008062508
0,01801936
0,03120285
0,004845831
0,00862296
0,02030626
0,005788761
0,009735191
0,01764936
0,01421331
-0,003947563
0,01590569
0,008749475
0,03750921
0,01968195
0,003685349
0,01069303
0,02651989
0,02417983
0,01535774
0,02458951
-0,01141781
-0,008162921
0,004769767
0,02137066
0,01112437
0,03133656
0,006032087
-0,004240302
-0,004916775
-0,001237629
0,01457656
0,02616456
0,01694079
0,01951582
0,003535887
0,007276875
-0,0003077616
0,0159358
0,02377051
0,01381972
-0,003908677
0,00829422
0,01418102
0,01905723
0,01384539
0,01934241
0,03237576
0,04543449
0,03655449
-0,005766545
0,006667091
0,02187416
0,006226263
0,01214953
-0,0004354308
0,02033867
0,02008795
-0,002112422
-0,002752947
0,01089138
0,02116368
0,01472941
0,003760549
0,0202147
0,004351384
-0,01299973
0,01641949
0,03002963
-0,0009158681
0,01072949
0,01412185
0,01260339
0,0004056559
0,02330545
0,01956291
0,002363872
0,005465189
0,04605173
0,007776523
0,009782429
0,01708039
-0,0002877426
0,003827027
-0,001590573
0,01240008
0,0229337
0,01464833
0,01262023
0,0144685
0,01799619
0,02152671
0,02786825
0,02247455
0,01376235
0,01847736
0,01504835
0,02331
0,01299494
-0,003477194
0,00930475
0,02823151
0,0007183924
-0,00335527
0,01073355
0,01860201
0,002610631
0,006897397
0,02223496
0,00180602
0,00257215
0,02332177
0,006595938
-2,104027E-05
0,02273985
0,02450087
0,01237185
0,01053534
0,005901552
0,009127138
0,02471108
0,02558647
0,02555576
0,02246905
0,01032418
0,01053396
0,006410325
0,01604648
0,02269709
0,009965541
0,007210937
0,0280329
0,01147418
0,003265359
-0,003722363
0,009026841
0,005051682
0,007288632
0,007997888
0,008070389
0,00757874
0,007962327
0,01665883
0,008353784
0,01506365
0,03209485
0,02700758
0,01647896
-0,004214937
0,01170143
0,008906234
0,01423188
0,01888951
0,01185784
0,01086412
0,007415111
-0,001220418
0,0280286
0,01310736
-0,01036737
0,005322705
0,01833083
0,01716814
0,01206494
0,005749467
0,003651644
0,006031258
0,0256933
0,02204698
-0,002305449
0,02058959
0,02218425
-0,001190794
0,005320537
0,009738282
0,00551295
0,01767343
0,01471645
0,001353226
0,005906546
0,01541894
0,006302312
0,02403542
0,02863552
0,007538626
0,01335966
0,01183921
0,02265449
0,0159691
0,02048686
0,00124844
0,01744542
0,02541506
0,01071955
-0,001836912
0,01133802
0,01449771
0,01139706
0,0185886
-0,00289382
0,02980537
0,02113154
0,01000427
-0,001382374
0,003600914
0,009782919
0,02663589
0,02286451
0,002767167
0,006381546
0,008260184
0,002986851
0,0212016
0,01373172
0,01185429
0,001045958
0,009433445
0,007172214
0,001007087
0,004575854
0,01319216
0,02137054
0,02765193
0,01171249
0,02960798
0,01635019
0,01112176
0,02391585
0,01301367
0,01484433
0,01313841
0,01309334
0,0006389555
0,008701705
0,01516733
0,01316917
0,0527266
0,01364749
-0,0136966
-0,008875864
0,01116889
0,03686989
0,03157007
0,01563304
-0,003319011
0,01975215
-0,007826144
0,02174727
0,01249928
0,006371765
-0,0004580829
-0,007784653
0,01476074
0,01459852
0,01443888
0,01455791
0,0143895
0,02105124
0,03183926
0,016738
0,02308901
0,01563823
-0,0240279
0,007708725
0,01681988
0,01263174
0,0296068
0,02728887
0,004731859
0,008169335
-0,004098176
0,01824474
0,01894709
0,01378615
-0,001345506
5,592939E-05
0,01067796
0,02175873
-0,004078168
0,01290973
0,008606636
0,0004587024
0,0104187
0,03233113
0,01716854
0,01229932
0,01524489
0,01208629
0,009568472
0,0005290929
0,02517105
0,01565306
0,008348913
0,01661018
0,00221819
0,02698088
0,03889279
0,02587055
0,01098306
0,003817149
0,01441816
-0,0003116278
-0,0004628476
0,01262147
0,0201392
-0,01238098
-0,00587934
0,01400328
-0,005157793
0,004914009
-0,005033673
0,0007556767
0,01212737
0,02019967
0,01109029
0,005331637
0,02167753
0,004996393
0,001552348
-0,00650285
-0,007791582
0,01121721
0,02072917
0,02934262
0,002852439
0,01084202
0,02046952
0,01396839
-0,008075905
-0,009287896
0,01786915
0,01736091
0,01081459
0,01164141
-0,004607729
0,00627454
0,007568077
0,006043334
-0,003685311
0,001552234
-0,0006969685
0,007560512
0,01830226
0,00964027
-0,01231349
-0,0015595
0,01568951
0,0143409
0,006687287
0,01133437
0,007587197
0,02690049
0,0257982
0,01464623
0,01036486
0,01321538
0,03238824
0,02150185
0,0220777
0,007712512
0,02380216
0,01998136
0,01203652
-0,006731187
-0,00128045
-0,002636214
0,02019946
0,002992552
-0,01097101
0,01235095
-0,01303644
0,0002386049
0,01453295
-0,001788183
0,002780454
0,004005483
0,01049614
0,0114942
-0,0009785061
-0,01827428
0,01300084
0,03770772
0,004163216
0,02058418
0,02830423
0,002033932
0,03463538
0,02740785
0,0119493
0,02337191
0,02412731
0,02046596
1,054058
