0,02009628
0,08109347
0,1701936
0,001529865
-0,131596
0,04294721
0,1526556
-0,2476097
-0,3191627
-0,1029778
-0,1443751
-0,3801698
-0,2329099
-0,3365232
-0,3930091
-0,2247616
-0,07457263
0,3122171
0,1173008
0,2135972
0,07813298
0,2645564
0,2482055
0,04646857
-0,1078266
0,002110329
-0,1882043
-0,1086434
-0,1986889
-0,353126
0,07858543
0,3282137
0,2718342
-0,04903328
-0,1589932
-0,02729567
0,1112399
-0,1527665
-0,2770555
-0,1618354
-0,02563013
0,1131845
0,05254717
0,1474112
0,1392777
0,1358442
0,009104147
0,144117
0,01487522
0,2156341
0,2294864
0,3329232
0,1970956
0,0673865
-0,02937312
0,004257865
-0,2249057
-0,05661524
-0,1618463
-0,1598672
0,04354706
0,3465728
0,3319667
-0,1222422
-0,2252056
-0,304276
0,0324165
0,01870279
-0,1272112
0,09217
0,1949906
0,3595499
0,3122283
0,1363473
0,006658821
-0,09632319
-0,01514116
0,1499673
0,008690471
-0,1455939
-0,04103575
0,1740402
0,08323884
0,02497552
-0,02136782
0,08325042
-0,1246466
0,01297477
0,07713494
0,04592901
0,1430611
0,01342135
-0,01789472
-0,1514135
-0,1416868
-0,1290107
-0,1185525
-0,1307012
-0,0283129
-0,05583983
0,2330078
0,1493553
0,200118
0,1830649
0,3264642
0,1550417
0,07061674
0,1770936
-0,0920896
-0,2349747
0,02590158
0,1115765
0,07486452
-0,08048998
0,1098528
0,1623319
0,1307846
0,1511706
0,1421663
0,1989861
0,1655271
0,08435495
0,08087434
0,0238858
-0,03698369
-0,09474023
-0,05101049
-0,03896137
0,0362426
-0,07313538
-0,03207486
0,05239366
0,1510687
0,1215393
0,002299317
-0,0237303
0,001062452
-0,1127219
-0,004169811
-0,1478557
0,0575606
0,06998365
-0,009876828
0,06842883
0,1879146
0,2617278
-0,03232577
0,03532733
-0,09632066
0,003688698
0,1589571
0,02471006
0,07595204
-0,1976087
-0,02343192
0,2566059
0,2558395
0,3013887
0,1958855
0,1323228
0,05317093
0,1577132
0,1966775
0,1389236
0,2084183
-0,1458879
-0,09263612
-0,008572876
0,2565133
0,2123977
0,08740277
-0,1361535
-0,08770191
-0,007678693
0,08102044
0,09504712
0,01410713
-0,07350309
-0,09780797
0,02738826
-0,0850722
-0,2241437
0,09138592
0,1000816
-0,09897441
0,009258369
0,2830993
0,1455796
-0,04255642
-0,1563146
-0,105444
-0,1031618
0,03245459
0,02833937
0,08227436
0,165893
0,1592007
0,2299486
0,08902172
0,07429092
0,08183863
0,1224868
-0,0716824
-0,1465084
0,05265256
-0,02423504
-0,184039
-0,1703263
-0,1808482
-0,03966926
-0,1464309
-0,0903549
0,03431885
0,2041832
-0,1796736
-0,196261
0,1057174
0,02207806
-0,234574
-0,1380364
-0,2674548
-0,1427518
-0,06000394
-0,1170456
0,04640318
0,2293399
-0,01172828
-0,06496098
-0,03923376
0,01280917
0,2095004
0,1454196
0,1065344
0,003807947
-0,09695891
-0,2606333
-0,2716314
-0,222848
-0,2411205
-0,01299176
-0,08130937
-0,1097471
-0,02794683
0,321808
0,02593072
-0,184274
0,1723093
-0,1452871
-0,07186361
-0,1954146
0,05144937
-0,01555461
0,02347225
-0,05448769
0,1213583
0,1544622
-0,04014816
-0,1156992
0,005357896
-0,0977569
0,213573
0,04438591
0,2515372
-0,06345598
-0,08242347
-0,06310764
-0,07395905
-0,1568252
-0,1552139
0,1316699
-0,01732854
0,008940243
-0,2319515
0,1528869
0,02505158
-0,1136938
0,06994133
-0,2235804
-0,09479419
-0,1112972
0,1076331
0,1881048
0,00353105
0,01299421
0,00846384
-0,002463183
0,05479313
0,01120975
-0,1110646
-0,0158547
0,1882613
-0,1990036
0,01732333
0,167411
-0,01535467
0,02861455
-0,09318011
-0,2129895
-0,1790785
0,1603542
0,05166824
0,05970843
-0,1415354
0,1814959
0,0108432
-0,03600898
0,1348911
0,1008878
0,1460852
0,1159204
0,1664332
0,2252528
0,05049556
0,1077708
0,02604402
-0,03092181
0,2675333
0,1204211
0,1356206
-0,03164326
-0,1253569
-0,01729637
0,05849031
0,2150529
0,02079895
0,1985635
0,2923143
0,08895159
0,07089999
0,3109759
-0,02518084
-0,2021695
-0,005473478
0,2009204
0,1577347
0,07425767
-0,1335585
0,1456109
0,08670664
0,09892172
0,05424151
0,2148121
0,01699537
-0,04135734
-0,04766691
0,02778114
0,2679654
-0,05835187
-0,2109321
-0,01550718
-0,1314174
-0,15728
0,01709241
0,1469562
0,1581395
0,1295752
0,1068657
0,03566943
-0,05001603
0,1807974
0,09333052
-0,1785687
0,1800416
-0,04777
-0,04475953
-0,02424684
-0,1149095
0,3052962
0,2855613
0,09616866
-0,1067571
-0,03700508
-0,2230165
-0,094727
-0,1240283
0,05169782
-0,1141464
-0,149302
-0,1231313
0,02730875
-0,1008371
0,02953511
0,0825689
0,02624311
-0,0558879
0,02628702
-0,2675301
-0,1476732
-0,1086314
0,1396709
-0,02728513
-0,2139606
0,05054711
-0,1281081
-0,02786508
0,2154575
0,1458792
0,141209
-0,01639696
-0,1296585
-0,2055925
-0,06746049
-0,1932281
-0,1853159
-0,1980054
0,1645652
0,1505231
-0,04127148
-0,009505438
0,1367376
-0,07129636
0,08421241
-0,0008589777
0,1814736
0,009724088
0,07305817
-0,08337384
-0,1152892
-0,07236378
0,1233056
-0,126249
-0,1501701
-0,03941434
-0,05284845
0,1203151
0,1709208
0,02554636
0,05829125
-0,1246911
-0,02961797
-0,1484135
-0,08017816
-0,2028851
-0,1553961
-0,1809546
0,02716683
0,1048519
-0,02804111
0,1803556
-0,008716842
-0,1973185
0,02099543
-0,1017366
0,03214654
0,06235507
0,02421116
-0,2335532
-0,254238
-0,193871
-0,09715878
-0,03985508
-0,2051259
-0,009085325
-0,01113576
0,1684777
0,3548547
0,1595398
0,06196303
0,07228871
0,1332847
0,1180619
0,1112731
-0,09644032
0,1817139
0,1688045
0,060908
0,2172858
-0,04719932
0,2354244
0,0001134745
0,03063643
0,0284345
-0,06506594
0,2774714
0,05119889
0,08262533
-0,09665568
-0,09577646
-0,1939285
-0,1469955
0,1644915
-0,08936708
-0,1776662
-0,00665279
0,08348324
0,2633179
0,405032
0,1981908
0,2176434
0,3404333
0,2163321
0,2250555
0,08558247
0,127347
0,01089642
0,002599145
-0,005593864
0,05244791
0,1212457
-0,07785338
0,1364301
0,07808387
0,06809932
0,2721133
0,0226933
-0,0005019278
1,288195E-05
0,004801725
-0,02158661
-0,1434212
-0,007170578
-0,06487727
-0,08391319
-0,2286334
-0,2262758
-0,04597117
0,2419834
0,1275177
-0,1584004
0,1396845
0,2954367
0,338487
0,2440309
0,04123195
0,006691582
0,04045737
0,2120206
0,1528336
-0,1138642
0,1670282
0,4960085
0,00573831
-0,07717558
-0,1506657
-0,1077948
-0,0621882
-0,01523954
0,09245744
0,06039857
-0,1583596
-0,1481669
0,1427702
-0,3061074
-0,5023811
-0,362883
-0,2497074
0,04921068
-0,003746261
-0,1559044
-0,04725598
-0,01407795
0,1384498
0,09143122
-0,02929997
0,1717891
0,02496198
0,09951881
0,07818508
0,08587166
0,0798024
-0,06759094
-0,3643644
-0,07954011
-0,16455
-0,1067361
-0,1278065
-0,0270102
0,1397757
-0,0830073
-0,1664436
-0,009244921
0,2464098
0,06266958
-0,1381299
-0,09703489
-0,1363258
-0,1543312
0,2059664
0,06199627
-0,3386005
-0,2579434
-0,0602001
-0,05895613
-0,2107122
-0,07368889
-0,03224272
0,1548109
0,1899478
0,2197971
0,4334963
0,2419068
-0,0463001
0,0643357
0,005171272
0,233302
0,1064967
-0,05072374
-0,02923761
-0,2533339
-0,2029299
0,9953425
