0,005517113
-0,0449403
-0,05917639
-0,05427916
-0,06577827
-0,01767615
0,04735487
0,1393023
0,07314886
0,04050252
-0,0266438
0,07756855
0,02348663
-0,01265373
0,008528942
0,05461472
-0,002942408
-0,05013848
-0,1010958
-0,08394361
0,02570808
0,04980208
0,03861211
-0,04903564
-0,1272374
-0,1420297
-0,06474999
-0,03557147
-0,0714325
-0,03844249
0,005580554
-0,06645619
-0,04638558
-0,02189936
0,1119145
0,1442975
0,01814021
-0,02375102
-0,01625797
0,04533066
-0,009976585
0,1080671
0,05578411
0,02463272
0,005397794
-0,02497698
-0,04251971
-0,1716841
-0,163011
-0,03224469
0,1008929
0,02660703
0,05166307
-0,005204011
0,04280974
0,01166083
0,135624
0,1188081
0,006345316
-0,03915429
0,001286745
-6,157484E-05
-0,009038894
-0,009133101
0,1033064
0,0656097
0,0344693
-0,03283122
-0,1151172
-0,08945908
-0,04869507
0,06381872
0,07687125
-0,0404358
-0,08779898
-0,1286325
-0,1298393
-0,1068826
-0,1606235
-0,08405617
0,02362907
0,04494612
-0,003442829
-0,02708682
-0,01273547
-0,009849381
0,07372122
0,1229392
0,05495562
-0,03180623
0,01666909
-0,006143013
-0,02626924
0,0370186
0,04239488
-0,0518945
-0,06499124
-0,0658067
-0,09834029
-0,03113875
0,03588718
0,07209762
0,09115768
-0,05079741
-0,02623111
0,06174658
-0,0321338
-0,07777576
-0,2098055
-0,0966519
0,1044275
0,1353052
0,1016189
-0,02813206
-0,1014802
-0,02383293
0,02116866
0,1041398
0,1243327
-0,01208076
0,06979631
0,01724205
-0,02687691
0,04724684
-0,05415736
-0,1035013
-0,1084579
-0,1150174
-0,05667184
0,0186363
0,0341768
0,02639269
0,07050986
-0,03221032
-0,002616186
0,09818178
0,1389656
0,04322693
-0,06585316
-0,1765353
-0,04897951
0,1970692
0,1805295
0,02248815
-0,07440186
-0,1042795
-0,04396322
0,1087858
0,08809642
0,004086308
0,01506015
-0,0002886286
-0,02417067
-0,02628648
-0,02209857
-0,04506601
-0,02790059
-0,09884931
-0,1112242
-0,03820591
-0,001670815
0,02638356
0,04968911
-0,03913826
-0,04077961
0,1040142
0,1247883
0,0467246
0,02209117
-0,09372368
-0,06160443
0,0633153
0,1849897
0,1056301
-0,0372266
-0,1106115
-0,001182774
0,1126669
0,1022065
0,06152364
-0,001685242
-0,08630908
-0,09839213
-0,01904881
0,00443538
0,03110434
0,02359803
-0,0008125925
0,040493
0,06651827
0,08751395
0,0910332
0,09132618
-0,07820717
-0,07846913
-0,01586541
0,01687858
0,09198971
-0,01176181
-0,08078764
-0,09225062
0,02119802
0,1578455
0,07300707
-0,05614356
-0,1135602
-0,009105982
0,1119155
0,1095177
0,08725418
0,07108549
-0,08533871
-0,08134216
0,0953876
0,07277049
0,1011877
-0,01579317
-0,06166156
-0,005942394
-0,009300464
0,01714062
0,03394424
0,07279793
-0,1254231
-0,07067646
0,04678059
-0,04090781
0,1086795
0,1095225
0,1186859
0,0159929
-0,003214598
0,1023763
-0,01285679
-0,03295316
-0,07622021
-0,0001460459
0,1168574
0,06924799
0,112713
0,06071801
-0,1055863
-0,05800528
0,03822649
0,04277685
-0,03629844
-0,05812771
-0,07169999
-0,04666597
-0,04234012
0,1153625
0,05394205
0,07563818
-0,09476878
-0,05560783
0,07963491
0,005234873
0,09277277
-0,02404555
-0,004471115
-0,04023721
-0,04325218
0,04767349
-0,01797641
-0,06619181
-0,04118722
-0,04358165
0,04377817
0,09069499
0,1774366
0,02780365
-0,101108
-0,06905397
-0,006532229
0,005132345
-0,02743016
0,02120706
-0,02653853
-0,0660257
-0,003318951
0,0798075
0,04562047
0,05802968
-0,05624915
-0,07805343
0,04021068
0,06686961
0,01051897
-0,01422647
0,01660877
-0,02880794
-0,007505677
-0,01553069
0,02007692
-0,03690511
-0,07293221
0,001186366
0,1035487
0,1320856
0,1658126
0,08633861
0,01485574
-0,009904007
0,02484516
0,03846423
0,05097846
0,01763436
-0,03411119
-0,07301678
-0,04367914
-0,003925709
0,05247202
0,06580669
0,03774178
-0,0141979
-0,002826814
0,1233813
0,0323677
0,05109432
-0,0333903
0,00223718
-0,05065693
-0,06229862
-0,07274865
0,07289692
0,01278308
0,005914289
0,05655798
0,1391342
0,1387233
0,06231555
0,03576755
0,05694819
-0,03233817
-0,04714666
0,04414606
0,04547656
0,04603225
-0,05333869
-0,008038699
-0,04667395
0,02653952
0,03567617
0,009924826
-0,02439109
-0,03084746
0,07509445
-0,003559783
0,04925038
-0,002130522
0,01584278
-0,07557674
-0,009806711
-0,0008198792
0,02161615
0,03193738
0,01811841
-0,00213887
0,05505686
0,0987273
0,01452318
0,007765431
-0,001033317
-0,002373143
-0,06684269
-0,03221672
0,009471069
0,005136342
-0,02458442
-0,07960494
-0,07854506
-0,06911615
0,02631985
0,03971357
-0,011262
0,02280242
0,0437615
-0,04005241
-0,004767503
-0,04333135
-0,05388473
-0,006832329
0,02296773
-0,01659289
0,0465699
0,03856325
-0,02786792
-0,02151752
0,08848363
0,08636814
0,03471901
0,03769677
0,00211961
0,04658018
0,01994744
0,01999062
0,01828469
0,008758212
-0,01461478
-0,04030416
-0,04481298
-0,1095317
0,05649374
0,1175339
0,07361373
0,06082739
0,06662027
0,0434106
-0,0001661319
0,003825517
0,06891626
-0,04684245
0,03906637
0,02704738
0,1277066
0,0559344
0,0002340159
-0,07313045
0,05884876
0,07178579
0,0941925
0,1349511
0,04043295
0,03251635
0,1088906
0,08785687
0,07281504
0,09795823
0,1134487
0,00522719
-0,09380344
-0,09057873
0,09244916
0,06765981
0,039859
0,04974687
0,05443015
0,1118937
0,02796648
0,03132093
0,04939463
-0,003421066
-0,01730595
0,05199299
0,1773527
0,03051173
-0,03956941
-0,09460161
0,02260547
0,05775762
-0,000393277
0,1108464
0,1287836
0,04675924
0,08598325
0,05758934
-0,02291787
0,01313233
0,05001089
-0,04645367
-0,02676219
0,02699019
0,03002428
0,05790991
0,06041016
0,09513944
0,04256446
-0,006495362
0,0432497
-0,03456562
-0,01277015
0,02618632
0,03682059
0,03174026
0,05347959
-0,0417659
0,05057517
0,03456453
0,05221396
0,02913064
-0,04026188
0,01852254
0,02231221
0,07132453
0,0599238
-0,008000391
-0,002799457
0,04788629
0,06404743
-0,01409234
-0,01628266
-0,03538661
-0,09689943
-0,03247736
0,01300049
-0,04269567
0,03670511
0,06129633
0,1190501
0,03439799
0,002195798
-0,03149322
-0,03060155
-0,06837927
-0,01340313
-0,06592095
0,04195476
0,1080741
0,1339505
-0,006265731
-0,05552428
-0,0818762
0,04907028
0,06300806
0,03759192
-0,01974602
-0,01483435
-0,02868249
-0,01822336
-0,05566406
-0,08503839
-0,1162159
-0,02730916
-0,03659413
-0,05998658
-0,1196148
-0,03938996
-0,04809511
0,005962321
-0,0001075854
-0,007118059
-0,01695569
-0,05049242
-0,08543669
-0,04586282
-0,02221421
-0,03460864
0,1233144
0,03453317
-0,01178405
0,01503911
-0,03625097
0,01489266
0,05342109
0,07812084
0,01985053
0,08431254
0,008063652
-0,0009040491
-0,01503746
-0,06618413
-0,08711963
-0,05234473
0,009460247
0,03755173
0,05165528
0,04601347
0,008622526
-0,01071161
0,003445373
-0,03604573
-0,02500675
0,01037555
-0,04368519
-0,01644834
0,01083031
0,1906286
0,1690834
-0,02935494
0,04675612
0,1230819
0,05580198
0,04309169
-0,007485904
0,09868767
-0,003707849
0,06144679
0,07042707
-0,01966725
-0,007099474
0,06080879
-0,03418259
-0,08101901
0,008393624
0,02865088
0,03623398
-0,02523368
-0,04024674
0,005670233
0,01263741
-0,0259541
0,01764393
0,007488736
-0,02795889
0,03525902
0,1146175
0,1348461
0,0184458
-0,02840912
0,1070286
1,016659
