-0,05503899
0,1910615
0,138489
0,1524606
0,1643916
0,3653073
0,1332747
0,07530722
0,06783962
0,04309309
0,1529505
0,22995
0,09618266
-0,1176861
-0,5695766
-0,4762336
-0,1272056
-0,1307297
-0,1775998
-0,02486263
-0,0225877
-0,06944486
0,1534097
0,1732718
0,3409593
0,2654994
0,2459017
0,2255709
0,0109692
0,02591219
-0,1611424
-0,1327166
-0,0144103
0,133001
0,0908239
-0,05893424
-0,142393
-0,01454395
-0,09159327
-0,0655675
0,007338719
-0,130449
-0,1403615
-0,07059874
-0,1219932
0,02026582
-0,1393045
-0,1801181
-0,06086553
-0,05477336
0,05736318
0,04699307
-0,03228918
0,01235435
0,2230589
0,1564392
0,1485897
0,1585154
0,1521878
0,1474236
-0,09588671
0,05389596
0,03694373
0,09970017
0,2306994
0,1473812
-0,05761486
-0,008768036
0,07553511
0,1341456
-0,1684308
-0,08723904
-0,07737706
-0,02167498
0,04257922
-0,03037857
0,03851117
0,06685326
0,1358625
0,0155959
-0,005010382
0,02043584
-0,181588
-0,02992222
-0,08632474
-0,1804
0,1142179
0,02029095
0,41721
0,1786326
0,03058353
0,01595448
0,01267598
0,01225768
0,2428697
0,2351957
-0,007587992
-0,09786273
0,07007412
0,4042245
0,04637648
-0,1377081
-0,03458383
0,09000151
-0,09338561
0,1632724
0,4269493
0,2374982
-0,03685389
-0,01011184
-0,0903236
-0,1129469
-0,3300692
-0,1342917
-0,1440872
-0,1694505
0,06753582
0,07129063
0,493994
0,2332549
0,162123
0,1073889
0,07727685
0,02265185
0,2037699
0,1096027
-0,1606305
-0,2432558
-0,1288926
-0,01548563
-0,006014829
0,2040216
0,03245622
-0,1627509
0,04582807
0,2261997
0,1118615
-0,01652868
0,2311367
0,3669939
0,3186685
0,1142931
-0,1684047
-0,1977825
-0,2318987
-0,1888751
0,04877988
-0,02159766
0,3404111
0,1425352
0,02979445
-0,2044568
-0,1059319
-0,02908855
0,1059339
0,1059019
-0,1578533
-0,2745788
-0,2329623
0,08321868
-0,05655076
0,03995521
-0,04214365
-0,1742608
0,05102111
-0,06626178
-0,1431736
-0,01073456
0,2642434
0,450461
0,4536499
0,177981
0,1800804
0,020633
-0,1712584
-0,3280955
-0,04235813
-0,06198977
0,1471685
0,1139744
-0,05617771
-0,1273489
-0,1273828
-0,07701489
0,1969579
0,4253299
0,3678764
-0,09144008
-0,2417936
-0,3269133
-0,3266189
-0,1932094
-0,264259
-0,2740419
-0,2310796
0,1595552
0,01744465
0,08799312
0,1931937
0,3077271
0,4843748
0,3944247
0,2339551
0,1488153
-0,0927505
-0,1770838
-0,243323
-0,1336306
-0,04145973
-0,09426203
0,09392395
-0,005659386
-0,2881716
-0,5134106
-0,1616681
0,1006242
0,3957583
0,3762654
0,3652819
-0,008712717
-0,01209514
-0,1082161
-0,1557722
-0,1834684
-0,1844511
-0,01181363
-0,03206193
-0,1019758
-0,2326673
-0,1163292
0,2063759
0,2042668
0,1492756
0,2995922
-0,1558663
-0,2184512
-0,0826482
-0,01157086
-0,008069451
-0,02653196
0,1114538
-0,07878625
-0,3192515
-0,2973219
-0,1290152
-0,04668619
-0,004171668
0,2014457
0,002653233
-0,1489271
0,0280983
0,2537622
-0,02148331
-0,08844762
-0,02054439
-0,2061013
-0,2173508
-0,1912625
-0,2523101
-0,04567191
0,1953642
0,2212665
-0,121207
0,01742033
0,1243622
0,1729614
0,1298649
0,110046
0,1215788
-0,01653109
0,04559324
-0,02056848
-0,1909904
-0,2391486
-0,2923342
-0,167549
-0,1450171
0,04799199
-0,02777825
-0,2770061
-0,3352415
0,1501776
0,2867644
0,04828624
-0,06550303
0,1146691
0,07298131
0,04491749
-0,171385
0,08320536
0,2086809
0,08775044
-0,112874
0,1049281
-0,1756091
-0,03673533
0,2257649
-0,01708487
-0,03896513
-0,03630934
-0,02673477
0,06233078
0,003242601
-0,05461606
-0,1204615
-0,2092527
-0,0285267
0,1007074
-0,05956215
-0,3090999
-0,4062911
-0,2900516
0,03830735
0,1923562
0,01357535
0,1752721
0,1339884
0,06572171
0,1452727
0,1464009
0,1136561
-0,02256157
-0,1328709
0,121972
-0,1217447
-0,04124362
0,1236415
-0,1153183
0,1335147
0,1631836
-0,02803845
-0,09629121
0,005695744
-0,005592462
-0,01524981
0,1096642
0,1225064
0,001939863
-0,1151846
-0,1941403
-0,389176
-0,2211935
0,04101204
0,199412
0,1580651
0,1210384
0,03713793
0,02037382
0,0556451
0,1435958
-0,02843346
0,04170024
-0,1221628
-0,07593699
-0,02854264
0,04312524
-0,0625253
-0,02830703
0,144297
0,1636677
-0,1746589
-0,006079401
-0,08399317
0,01636114
-0,1189825
-0,01687299
-0,07765772
-0,02335902
-0,08982671
0,09695376
0,143403
0,07119792
-0,2244496
-0,02043141
0,1982218
0,1853985
-0,06334947
-0,1925541
0,1380931
0,1026484
0,08767512
0,245642
0,2153281
0,4432134
0,343361
0,1484959
0,1678707
0,1398347
0,1247861
0,08914326
0,1209958
0,1874462
-0,09260435
-0,1080957
-0,03597189
0,02283425
0,1128981
0,008869983
-0,06817028
0,1061787
0,02699268
0,3141442
0,3661639
0,44952
0,3026516
0,1856596
0,2359837
0,1808161
0,3281204
0,2262755
-0,06614179
0,1471382
0,2102061
0,2443946
0,08020189
0,1677396
0,33477
0,2466126
0,1143568
-0,04388062
0,2127202
-0,03158078
-0,09252854
0,0001157063
-0,04032615
-0,2306749
-0,1330365
-0,3180471
-0,3406402
-0,03799191
0,02384073
0,1298055
0,2410174
0,06618098
0,09455576
0,3029337
0,09011808
-0,02544003
-0,03765087
-0,02832878
-0,2395406
-0,3016072
-0,1580144
0,06022204
-0,0120413
0,09783859
0,2395727
0,06737518
0,19258
0,01908108
0,1325627
-0,03494859
-0,232593
-0,05513039
-0,1233007
-0,3332646
-0,2503595
-0,01346937
0,2119896
0,1738025
-0,05365745
0,09219998
0,1485262
0,1434953
0,3152553
0,2530885
0,08764107
-0,01683493
0,03992759
-0,01510098
-0,1847312
-0,1413403
0,05100113
-0,09053223
0,02278913
0,01009311
0,01106531
-0,1746354
0,1537838
-0,01284521
0,0623894
0,02085002
-0,1737014
-0,00916771
0,05041477
0,009858336
0,07109419
-0,01476127
-0,1251853
-0,04808256
-0,08142164
0,01743603
0,1533032
0,0528549
-0,07942971
-0,1023562
-0,04325418
-0,03645563
0,04528437
0,1961457
-0,06498874
-0,1341368
-0,137322
-0,05374999
0,1820129
0,1532215
0,03118163
-0,2024867
-0,101724
-0,02648054
-0,1198348
0,04667479
-0,09326126
0,2423498
0,2821474
0,1770321
0,1845923
0,02274274
0,08716008
0,1331301
-0,01836937
-0,06598278
-0,1181815
-0,2262205
-0,4447268
-0,5224524
-0,4858792
-0,3684613
-0,05458978
0,02110739
0,1165329
0,03425531
0,03170013
0,1331794
0,09466336
0,09438802
0,146687
-0,07013321
-0,06358767
-0,1064904
-0,2598625
-0,2275754
-0,2113774
0,0293301
0,0878327
-0,06325253
-0,04181576
0,1152449
0,1981873
0,1639332
0,1935425
0,2092386
-0,04043421
-0,03797384
-0,09002854
-0,1912842
-0,2995115
-0,2950449
-0,1775732
-0,04028963
-0,02763613
0,0791278
-0,07229986
-0,2072399
-0,07869833
0,02558957
0,04945199
0,002059513
0,05294814
-0,06357476
-0,3644118
-0,2654551
-0,1523468
0,1287464
-0,0002892864
-0,1800479
-0,1903242
-0,2355632
0,09463174
0,2819888
0,2228342
0,2011576
0,2993095
0,1519814
0,2626033
0,2695192
0,1093664
-0,02402441
-0,1069536
-0,008736994
-0,03258021
0,08383171
0,04107663
-0,03966342
0,104288
0,09986281
0,003497918
0,010715
-0,03406927
-0,1360763
0,8681508
