0,0839736
0,4950509
0,3283011
0,3634111
0,05481138
0,02493093
0,0101866
0,01357073
-0,2009239
0,1090316
0,3203018
0,1090441
-0,1089
-0,04243261
-0,2115899
-0,04540106
0,1210219
0,06979337
0,1026969
-0,09172072
-0,1682037
-0,524541
-0,5703786
-0,3449973
-0,2838832
0,1568612
-0,2074876
-0,400582
0,01836135
0,2139785
0,3186339
0,1579018
0,3496794
0,1433807
-0,1605798
-0,145006
-0,07171463
0,3650765
0,09765103
0,1453704
0,2741152
0,2451237
0,1726379
0,32537
-0,1667967
-0,07120855
-0,2550464
-0,2590507
0,00284724
-0,1368841
-0,2616819
-0,00348455
-0,4197259
-0,1632486
-0,2312114
0,1341753
-0,1995117
-0,1894673
-0,07907751
0,1342488
0,2911903
-0,09147415
-0,007397298
0,1272438
0,1963614
-0,04591782
-0,1767772
0,05117661
-0,2629956
-0,04545036
0,2095607
0,3226722
-0,1089245
0,2212002
0,3644716
0,2649212
0,2310393
0,1370039
-0,2431862
-0,2857261
-0,241018
0,08387352
-0,1135399
-0,3124799
-0,2602715
-0,02226344
-0,2933448
-0,2154588
-0,04099306
0,3004986
-0,04048172
-0,2168956
0,0938623
0,1710213
0,4103622
-0,1275904
-0,03865757
-0,09558833
-0,1321433
0,02697757
-0,2098583
-0,2661972
-0,1335791
0,2475613
0,1881118
0,1584132
0,121182
-0,1694331
-0,2250912
-0,3053813
-0,1248059
-0,100564
-0,347381
-0,3804775
-0,1584663
-0,1796354
-0,3668289
-0,3168389
-0,08162028
0,1091762
-0,08894221
-0,2631615
-0,1109402
-0,08396003
-0,01453454
0,5041565
0,04078912
-0,1937262
0,04624297
-0,1624665
-0,2923995
-0,1730264
-0,2237511
0,1243917
0,2292703
0,1551227
0,1724465
0,1537572
0,1994099
-0,008923872
-0,1165876
-0,06250045
-0,1661118
-0,1342923
-0,07158437
-0,1754544
0,01667568
-0,3109417
-0,2410545
0,05466021
-0,1241645
-0,4010132
0,117506
0,04381099
-0,2396525
0,004458358
-0,09955971
-0,08306409
-0,115035
-0,5239477
-0,3657301
-0,09349946
-0,5934638
-0,3094988
0,05027379
0,2686795
0,1555811
0,3092711
0,5467235
0,2383742
-0,2111508
0,009137284
-0,02868426
-0,22804
0,02494732
0,0160265
0,04871957
-0,2396747
-0,05926628
0,1042129
0,004210184
-0,2170637
-0,1180804
0,04594577
-0,2073949
0,1526225
0,3128284
-0,08862859
-0,1125671
-0,0663484
-0,04271783
-0,05641274
-0,7025886
-0,6094263
-0,4271204
-0,1312361
0,1453542
-0,2755328
-0,1130068
-0,06134489
-0,2794791
-0,3167028
0,005079228
-0,2208703
-0,06097963
0,1072267
0,156674
-0,1294688
-0,1597788
0,02920435
0,03098284
0,1553968
0,05695546
-0,1842929
0,04135131
-0,1393794
-0,1815603
0,04022595
0,2310729
0,3068554
0,4989571
0,1625474
-0,128264
-0,1512444
-0,3117791
-0,4495425
-0,2020212
-0,1419803
0,00585784
0,2012626
0,6133386
0,2707281
-0,02454822
-0,4729085
-0,2525705
0,4081905
0,2976231
0,1409396
0,01364831
0,1286589
-0,03447237
0,09858008
0,08547942
-0,3451676
0,01456205
0,2105247
-0,1038647
0,008161715
-0,04808879
0,1569821
-0,006312488
0,1731792
0,557099
0,2224779
-0,0224315
-0,1740886
0,135543
-0,05504641
-0,1631166
-0,1593108
0,06000876
0,03863265
-0,1338694
-0,1386803
-0,05805978
0,2987966
0,4717937
0,4185699
0,3640543
0,3206977
0,006003138
0,02976246
0,00926416
0,1009144
0,3220527
0,452112
0,0615646
0,1740214
0,2139765
0,2872282
0,1618982
0,305256
0,1393363
-0,1842132
-0,1334855
-0,1297213
0,2142103
0,2677287
0,001555659
0,1700695
0,3122543
0,1929892
-0,03234544
-0,040627
-0,0972448
0,05592658
0,183614
0,05273633
0,3659481
0,3294225
-0,005167633
-0,04705067
-0,04068489
0,1057194
0,05733541
-0,0174071
-0,1112467
-0,05006241
0,1697181
0,1157967
0,1928907
0,112128
0,1866946
0,06427093
0,198374
0,3117176
-0,1213671
0,1693543
-0,1128414
-0,118195
0,1419307
-0,1754754
-0,1139311
-0,1951693
-0,07418104
0,1089933
-0,008447937
0,04637649
0,4140002
0,4220496
0,3229788
0,2403528
-0,03420986
-0,1037452
-0,04565422
-0,07569537
-0,299209
-0,2674022
0,1027659
0,1536763
-0,01722571
-0,1523106
0,2683174
0,418252
0,2404653
0,1248243
0,01990306
0,2732656
0,07840566
-0,01863022
0,08663111
-0,009013099
-0,08998824
-0,09587798
0,08496042
0,0684417
-0,001537025
0,04942829
0,166324
0,2622007
0,335869
0,08109835
-0,05462854
0,09034199
0,04508563
0,02626092
0,04837769
0,1083098
-0,2570711
0,04770406
0,2792355
0,03127054
0,2685611
0,4781445
0,4661759
0,4082743
0,1492429
0,5381482
0,5822554
0,1951231
0,4293388
0,3532499
-0,020731
0,07853863
0,2362953
0,1641367
0,2327406
0,1051576
0,2987205
0,1354131
0,270312
-0,07765131
-0,0341245
-0,101679
-0,02027575
-0,2637227
-0,2350165
-0,007798138
-0,01829735
0,165484
0,3545764
0,1947955
0,5430223
0,5386444
0,3722368
0,3064724
0,3120382
0,2505713
0,2913095
0,1610558
0,3898255
0,1184808
-0,09423463
0,2142048
0,1922655
-0,1118737
0,02835115
-0,235166
0,1404122
0,03750297
0,07025255
-0,3288645
0,1776221
0,1645324
-0,004559916
-0,02297145
-0,1834153
-0,03597814
0,04032846
0,2052962
0,2674499
0,6975608
0,624418
0,332545
0,005274412
-0,05360069
0,04971666
0,02780821
-0,03326998
-0,009649596
0,2173426
0,09747246
0,4453965
0,1065026
0,08870304
0,192758
-0,03678613
-0,07623007
0,3203796
-0,08217943
0,2167307
-0,2204177
0,1274043
0,1402575
0,1453802
0,213277
-0,2436394
-0,2273421
0,001908755
-0,1845742
0,2669272
0,2031611
0,04864979
-0,02159602
0,1770342
0,009595511
-0,08084254
-0,01105287
0,3773656
0,1520161
0,1246618
0,1435454
0,2470955
-0,1253971
-0,1758993
-0,2100863
-0,3267567
-0,1395287
0,1300313
-0,2001098
0,2536242
-0,265696
-0,100925
-0,09112795
0,03490817
-0,08036426
-0,1531661
-0,2920119
-0,1933965
-0,3501107
-0,1933211
-0,2478628
0,01004995
0,1816152
-0,04567759
0,05023921
-0,01877831
0,1508175
0,1548951
0,2470768
0,1045568
0,004524485
0,1706358
0,1418606
0,1662869
-0,06944308
-0,1718582
-0,1448308
-0,1656999
-0,2909649
0,2480846
-0,3844085
-0,4263326
-0,2253869
0,339863
0,01943946
-0,2568943
-0,2074397
-0,09506613
-0,2830729
-0,2418403
0,06476668
-0,03926383
-0,007267872
-0,06594504
0,04135378
-0,06635103
0,1027422
0,3703397
0,245577
0,04673403
-0,04315382
0,1422577
0,05976939
0,0552774
-0,2493865
-0,2123687
-0,2588319
-0,2334267
-0,1656893
0,1413703
-0,30643
-0,109225
-0,1943525
-0,03427341
-0,05440196
-0,2327163
-0,1722447
0,1178234
-0,1931733
-0,1849132
0,02886717
0,1467383
0,280018
0,3058659
-0,1893594
-0,192886
-0,2352521
-0,2787117
-0,02203714
0,08940124
0,02329713
0,06577196
0,1680173
0,09631395
-0,1877828
-0,01090385
-0,2306133
-0,3687097
-0,1363689
0,02426018
-0,05797948
-0,2334857
-0,2867529
-0,2125973
-0,1416412
-0,4408391
-0,3013972
-0,2042681
-0,2125327
-0,1666245
-0,006169419
0,1801082
0,1746321
0,2635587
0,2596024
-0,05072476
0,008458254
-0,03874279
0,1718375
0,03094591
0,01078693
-0,1322313
0,02795114
0,07479303
-0,2103034
-0,297037
-0,5259281
-0,2837814
-0,2093428
0,6813386
