-0,03012762
-0,03828664
-0,008809149
0,02305793
0,04530704
0,04601323
0,01910075
-0,002832909
-0,02470575
0,009899835
-0,04636908
0,00831421
0,04368347
0,02288318
0,06044251
0,05186642
0,02040474
-0,00172632
0,009372632
0,03541623
-0,03550472
0,003712305
-0,008273619
0,01099957
-0,005171238
0,01298548
-0,007044781
0,03592746
0,02417392
0,04906297
0,02538929
0,02202424
0,01133901
0,02931556
0,01672131
0,04756605
-0,002652866
-0,01458875
-0,04666667
-0,01600341
-0,01152504
0,01805078
0,05239438
0,005715217
0,02179301
0,01718167
0,04861118
0,05622811
0,01569296
0,01806703
-0,009122626
-0,024285
-0,04861537
-0,00581359
0,02502718
0,01287465
0,01530598
0,03526311
0,01250213
0,03040203
0,007066015
-0,03009339
-0,03460946
0,04090113
0,01602698
0,02181171
-0,002373663
-0,0001556792
0,003730527
0,002892186
0,002304066
-0,04217856
-0,01958406
-0,0338913
0,006939434
0,04427991
0,008400139
0,002000973
-0,01995297
-0,02143264
-0,01808205
-0,01711167
-0,02842572
0,01251295
0,02336312
0,02054475
0,03374807
0,03508145
0,004306272
0,008562913
0,01128009
0,03189612
0,03013439
-0,002527267
-0,007859142
-0,0171868
0,06396707
0,02151431
-0,008146143
0,01647087
0,02345491
-0,004271268
-0,03874148
-0,01597179
0,02659852
0,01809567
0,001848465
0,009242663
0,00474535
0,05416488
0,002345788
-0,009737325
0,00685147
0,00988714
0,0284523
0,02413558
-0,005875424
0,005140787
-0,02891775
0,02623308
0,00557846
0,01237627
-0,003050896
-0,0183711
-0,03202899
-0,01148935
-0,004722962
-0,0206647
-0,019596
0,0037837
0,03855473
0,02868157
-0,00538182
-0,01157239
0,007818527
0,007103488
-0,01360182
0,02321763
0,03194101
0,05211346
0,02446838
0,02459103
0,04271122
0,05746017
0,02667362
-0,01038726
-0,01569466
0,0008280721
0,02686164
0,05207387
0,007970389
-0,002551203
-0,0004620194
0,001189466
-0,01000804
-0,02899125
-0,04388773
-0,02238902
0,02016517
0,03236136
0,02769973
0,009074061
-0,001694066
-0,01087653
-0,04071788
-0,02656453
0,01125167
0,04257959
0,01923284
0,02492844
0,008203974
0,02420961
0,001243121
-0,02214823
-0,01147238
0,03149876
-0,03624714
-0,005852361
0,03114496
0,03972529
0,02183346
0,03305532
-0,0007167455
-0,01928775
-0,03668416
-0,03136671
0,01751223
0,0731016
0,03716554
0,07111472
0,01362028
0,006445448
0,02068304
0,04707158
0,02837016
0,002940274
0,01170701
0,0006682415
0,03671788
0,01796168
0,02662426
0,04609272
-0,01609837
-0,01697637
0,009005863
-0,00725388
-0,008644146
0,002088916
0,02495681
0,03504253
0,03767854
0,005287713
-0,001036042
-0,01890179
-0,004765148
0,01137237
0,06241499
0,02597005
-0,001128754
-0,01325265
-0,01319194
0,01365756
-0,008991949
0,03982145
0,04565115
0,004579036
0,01117354
-0,0129161
0,06430613
-0,008308432
0,02068411
-0,00147369
-0,02882205
-0,007865596
0,02554736
-0,01033766
0,005120859
0,004733152
-0,005876409
-0,004296771
0,04763908
0,03530565
0,01600464
0,009854494
-0,002951056
0,01046315
0,0766219
0,002834721
-0,005702833
-0,05023423
0,02010716
-0,004255708
0,007285476
0,02881755
0,06223907
0,01788768
-0,01884194
-0,001782992
0,02876144
-0,005433558
-0,0003931081
-0,01297883
-0,005626749
0,0121494
0,04342604
0,0145945
-0,008599498
0,007386083
0,02419529
-0,002775545
0,02895967
0,006267164
0,009932268
0,02009309
0,03223901
0,01184501
0,07487274
-0,005977301
-0,03227617
-0,003415927
0,01305431
0,04019037
0,03625326
0,04117213
0,06700453
0,02409101
0,0459038
-0,00656037
0,01823192
0,004714882
-0,03925038
-0,01314733
-0,003632209
-0,0004994111
0,02256874
0,06092524
0,03481068
0,001503614
0,01897335
-0,01366634
0,02716498
0,008637981
0,02141958
0,002935317
0,03638549
0,03587049
0,02063091
-0,02828958
-0,006894098
0,009770002
-0,009215795
0,03337026
-0,002663682
-0,000189901
0,04443651
0,0616076
0,02788757
-0,0008049478
0,005662533
0,06133664
0,02148768
-0,005524934
0,01727535
0,05402211
0,03485923
0,01638351
0,0006626572
-0,0008161585
0,01779893
-0,01846211
0,01890782
0,05538373
0,02847989
-0,01358711
0,03659823
0,06851223
0,04403329
-0,02228711
0,04227865
0,02837096
0,03693306
-0,001923855
-0,01835374
0,0005985724
0,05605995
0,04181144
-0,01704068
0,02318757
0,01346257
0,02816834
0,01640445
0,02505172
0,005392083
0,04169046
0,008658212
-0,02355107
-0,004160437
0,00604941
0,003039513
-0,01966955
0,01716893
0,05797339
0,01852589
0,004419213
0,008345959
0,009816854
0,00225547
-0,02573505
-0,01890564
0,01325906
0,05743129
0,01177732
-0,0005128757
0,00676396
0,0306329
0,03524071
-0,01874896
-0,003917817
-0,0120174
0,005246976
-0,03455218
-0,01037067
-0,007827354
0,06546635
0,008758653
-0,01366229
-0,00215436
0,002059072
0,03807385
-0,004755907
0,0255393
0,03764441
0,01875963
0,02933078
0,01172933
-0,003864754
0,002151229
0,007330704
-0,0002432123
0,04077661
0,07940431
-0,009592196
0,01774389
0,02076219
0,03739467
0,01771937
-0,03745635
-0,01168697
-0,00472629
-0,02223364
0,0008809352
0,03431248
0,04948636
0,05648571
0,04340049
0,01212197
0,01346669
0,01835505
0,02621532
0,0007450389
0,0148864
0,007683402
0,01012736
0,02711435
-0,01075637
-0,02049468
-0,003109258
-0,01381319
-0,0186324
0,05103413
0,08554263
0,02958238
0,02413921
0,02362996
0,0536022
0,02129571
-0,01750683
-0,00526873
-0,02754799
-0,01362802
-0,01870545
0,01120811
0,02068238
0,07402461
0,06473675
0,01879977
0,01733563
0,047228
0,05363712
0,0229438
0,02124397
-0,002239758
-0,01045711
0,02792655
0,01053568
-0,008546308
-0,01520134
-0,04140761
-0,05923983
-0,03856901
-0,008312749
-0,03362723
-0,01874324
-0,03747434
-0,01360576
-0,008010905
-0,04571307
0,006558344
-0,009033009
-0,03644054
-0,06592965
-0,0199436
0,005135426
0,03529474
0,009604794
-0,01254773
-0,002755107
0,06148052
0,05820854
0,009032937
0,01253487
-0,009329242
-0,02317426
0,01260311
0,02593805
-0,01051504
-0,02725372
-0,03002568
-0,0564297
-0,05961378
-0,04414991
-0,01587733
0,01936648
-0,0267489
-0,0345677
-0,01508649
-0,01953177
0,00797315
0,004485227
-0,0006604649
-0,05127089
-0,03535249
-0,009169967
0,03832497
0,04637771
0,005317529
-0,01580109
0,03085403
0,07289052
0,03363058
-0,02073356
0,001785818
-0,007536674
-0,009440482
0,03820876
0,02308056
0,006393543
-0,0329669
-0,04337075
-0,01139426
-0,005989277
0,018857
0,04639952
0,03214984
0,006706745
0,03415238
-0,001789008
0,02518562
0,003913266
-0,02923465
-0,04541641
-0,02524732
-0,04298449
-0,01156833
0,02776311
-0,01352155
-0,03482131
0,006904855
0,06378771
0,0427893
-0,005251142
0,01241614
0,02359154
9,76087E-05
0,04761093
0,05293641
0,07619622
0,08798134
0,05645443
0,06015728
0,04301368
0,004129435
0,01578154
0,05127671
0,04339578
0,029642
0,006134379
0,05940278
0,0202137
0,009680483
0,03268358
0,00417242
-0,006661503
0,01619186
0,04624051
0,01074888
-0,00230547
0,02614002
0,05496858
0,03523654
0,00111795
-0,00985567
0,04551232
0,002953229
0,01392081
0,05202313
0,04458169
0,06030315
0,0218124
0,03299533
0,008379223
0,01305906
0,03099848
0,05768424
0,04026445
0,02068449
0,010701
0,0213655
0,006887349
0,001117642
-0,01849918
-0,03345175
-0,01955925
0,01113359
0,04137884
-0,007954979
-0,03144069
0,02604883
0,02687474
-0,003709605
1,03915
