-0,05457571
0,09149154
-0,06585256
-0,03278761
-0,04314537
-0,1676123
-0,1171713
0,03460247
-0,1780729
0,1014432
0,08389754
-0,003507336
0,0210583
-0,02232574
-0,1834595
-0,08996923
-0,02673063
0,002674521
0,1508006
0,2206
0,271201
0,1916027
0,331258
0,1325101
-0,1279515
-0,1176125
0,2359972
0,3174007
0,1254428
0,01760747
0,1557276
0,1021838
0,06018718
0,1035704
-0,03273218
0,01198027
-0,1001409
-0,02404847
0,04417713
0,3269746
0,269954
0,0784695
-0,1516992
-0,04979295
0,167522
-0,0107897
0,06598216
-0,1026508
-0,08783862
-0,004193398
0,1408966
0,3616175
0,1492429
-0,2362458
-0,3187506
-0,2821237
-0,03393947
0,2311306
0,1490147
0,04413083
0,03067255
0,03222803
0,1181473
-0,1244986
0,05809744
0,001744563
-0,08900174
-0,07610333
-0,2441869
-0,09774231
0,1512193
0,2210604
0,1761403
0,1385802
0,09774196
0,05472313
-0,01361387
0,01172445
0,1545288
0,08323043
-0,03311567
0,1642504
0,2841072
0,06136721
-0,1547082
-0,07025303
0,1106072
0,08805547
0,07815696
-0,1691016
0,1364104
0,1495465
-0,01360015
-0,09216075
0,1528222
0,2806543
0,09663595
-0,03043934
-0,1919828
-0,02683471
0,1149733
-0,01947023
0,05639554
-0,08884905
0,0108729
0,06092208
0,05557413
0,2354309
0,1708986
0,05058396
0,2934303
0,09785926
0,07950454
0,1062379
0,1641776
0,08193275
0,09386104
0,06736905
0,04240954
-0,1139572
0,01454079
0,0447482
-0,146024
-0,1805967
-0,005744557
0,2211884
-0,01509347
-0,05688159
0,004386249
-0,04226652
-0,001949816
0,04909887
0,2217897
0,07172034
0,06703959
-0,1555568
0,06360308
-0,005874476
-0,01871912
-0,05758795
0,07709265
-0,08412467
0,1223194
0,1411373
-0,03553386
0,06952816
0,1231809
-0,001256135
-0,1788243
-0,1678154
0,0798822
0,06988838
-0,02657473
-0,1121951
0,1421655
0,4055073
0,3716961
0,2139568
0,08231642
-0,0277514
0,0222625
-0,1801112
0,1101321
0,1357218
0,2512437
0,1308292
0,1146871
0,03980754
0,09055253
0,08630428
0,1731768
-0,08911496
0,0154519
-0,02118769
0,164866
0,1256183
0,08406773
-0,06913289
-0,2334633
-0,1360436
0,0307542
0,01644964
-0,05283194
-0,2048304
0,08687668
0,05383339
-0,0206147
0,3066042
0,2359336
-0,1543385
0,07711472
0,1226477
0,1772666
-0,1125261
-0,05183931
-0,0848956
-0,1063643
-0,1473729
0,07432451
0,3638758
0,04267333
-0,1037358
-0,1369101
-0,1328397
0,03838058
0,1238606
0,2314718
-0,05534687
-0,3634005
-0,1502651
0,001157879
0,1963245
0,07271068
-0,04567465
-0,07381977
0,05540841
0,1094705
0,03082953
0,06218846
-0,2192469
0,07191557
-0,1071711
-0,07577274
-0,08922323
0,1705052
-0,01413715
-0,08387094
0,1186068
0,1738551
0,2999741
0,1957395
0,2200337
-0,1658809
-0,242672
-0,1887714
-0,02550835
0,224827
-0,02660372
-0,2172591
-0,08517393
0,09531275
0,1579989
0,05699243
-0,05418545
-0,1375458
0,120982
0,038722
-0,2194293
-0,09136648
0,04670386
0,05315013
-0,07329199
0,07676733
0,03755049
0,06582938
-0,1070368
-0,02474036
-0,2177171
-0,1314807
-0,2591041
-0,04804947
0,1968787
0,09481439
0,01996363
0,1270396
-0,05875155
0,0454926
0,02768989
-0,03464603
0,020546
-0,05710224
0,01654413
0,1076272
-0,05384075
0,02819967
0,0748909
0,01691645
-0,113799
0,005602817
0,09691183
0,08036114
0,065532
-0,08058506
0,09426524
0,1864757
-0,1534714
-0,06820609
-0,2247632
-0,07750602
-0,1166341
-0,1729621
-0,07746714
0,05149454
0,03565605
0,04111435
0,07610689
0,007678499
0,09464613
0,03860308
0,09168904
-0,1139903
0,3049788
0,2347039
-0,01550098
0,05492885
0,1486659
0,03973955
-0,04130951
-0,1237238
-0,1884075
0,1276429
0,07247016
0,1647524
-0,001296224
0,02127827
0,2820319
0,2249308
-0,1271129
-0,08574845
-0,1605638
0,004964422
0,1113403
0,05829093
0,121925
0,1680672
0,04703842
-0,1119468
-0,06151012
0,0003346063
0,06626275
0,07090934
0,1600395
0,1813074
-0,1230933
-0,001178545
0,06111532
-0,05753266
-0,1162826
-0,08796664
-0,1045717
0,07876495
-0,08834435
-0,08795048
-0,2003157
-0,1840397
-0,1082909
-0,06029212
-0,009697233
-0,04960639
-0,08727132
-0,004469938
-0,184434
-0,03308797
0,1830995
0,4459058
0,3618187
0,1866514
0,05993683
-0,0008377561
0,1302739
0,1902939
0,08858579
0,2423597
0,07597601
0,0937212
0,2389091
0,1983648
0,07882594
0,01173037
-0,1246282
-0,2400391
-0,2099777
-0,2171863
-0,1834017
-0,1599016
-0,07134619
-0,1957615
-0,1858052
-0,2410827
0,06993651
-0,06608249
-0,2025085
-0,2056565
-0,02898522
0,2931114
0,2162545
0,08569358
0,05845595
-0,04570415
0,1464631
-0,0424544
0,06434321
-0,09315505
0,09525726
0,05929739
0,08593714
0,005661501
-0,09730108
0,09587584
-0,09756295
-0,2656101
-0,419453
-0,495704
-0,3635197
-0,4051544
-0,2763406
-0,2166483
0,03870001
0,005937867
0,02248908
0,01615999
-0,09953091
-0,1916487
0,1089625
0,3124214
-0,04046023
-0,1922125
0,1350361
0,1272801
0,20279
0,06177154
-0,1185175
-0,0207503
0,09252462
0,02942306
0,05449256
-0,03854232
-0,1777709
-0,03750917
-0,1846368
-0,1235954
-0,3084388
-0,237621
-0,1640822
-0,3322781
-0,3717293
-0,2885949
0,004739783
0,2477361
0,1888589
-0,06051137
-0,1045596
-0,03830158
0,3983179
0,2613408
-0,1155963
-0,1647386
0,07010221
0,09709892
0,09861311
0,03062064
0,1311289
-0,05977642
0,07989451
0,1661802
0,05844023
0,004374095
-0,1354025
-0,1585107
-0,1757429
0,01370925
-0,05245991
-0,04770321
-0,2323397
-0,1908634
0,06417236
0,001712421
0,08674144
0,09423303
0,02679958
0,01212088
0,1277691
0,2424258
0,7189508
0,1587105
-0,1436503
-0,07850267
0,007759961
0,3000833
0,09446881
-0,02385755
0,1115244
0,07851356
0,06298005
-0,005164373
-0,2440243
-0,1169728
-0,08944774
-0,09610813
-0,06897481
-0,07416416
-0,0820206
-0,1540015
-0,07454487
-0,2293155
-0,1869514
0,001865767
-0,07679443
-0,1783842
-0,002391671
-0,05960706
0,1038686
0,5162163
0,272443
-0,1400351
-0,1642244
-0,2049114
-0,04317264
0,3460954
-0,03227192
0,4403322
0,1179176
-0,1125338
-0,0661886
0,00810382
-0,1379862
-0,1917809
-0,009446596
-0,07774231
-0,1177969
-0,03997393
0,0471681
-0,1719926
-0,0863013
-0,133276
-0,1763618
-0,2340776
-0,01633958
0,02754722
0,008680411
0,09659506
0,1566003
0,3890425
0,1156374
-0,09179986
-0,1178828
-0,01017561
0,2363604
0,3372957
0,07620604
0,3457803
-0,0277727
-0,2206535
-0,1108394
-0,07434847
0,01012342
-0,2284079
-0,2675287
-0,08125407
-0,1617235
-0,1146807
-0,0353619
-0,04459235
-0,005488477
0,00652551
-0,1866855
-0,1298215
0,006735055
0,1564679
0,05445937
-0,1112656
0,04624258
0,4494722
0,1033163
0,08671294
-0,08681101
0,1868679
0,1619373
-0,001603443
0,02181618
0,2162053
-0,08281365
-0,05517284
0,08045071
-0,2022234
0,02687413
-0,150545
-0,08560408
-0,1079541
0,1100394
0,005381582
-0,2109243
-0,0446265
0,03498289
-0,06057327
-0,1284995
-0,06568439
0,1634683
0,1988393
0,003010219
0,06615662
0,1571189
0,1714203
0,05780553
0,06983306
0,004998679
0,3948447
0,16925
-0,04835601
-0,1030735
0,9192969
