0,03641489
-0,03994345
0,01147517
0,02240618
-0,01212744
-0,01526154
-0,01651546
-0,0128359
-0,005873808
0,009593369
0,007112949
0,02584597
0,01136813
0,00227466
-0,02807892
0,002292997
0,06750739
0,03509308
0,0154246
0,0352627
0,0135227
-0,02149902
-0,03568953
-0,003225056
0,01358601
0,05295943
0,02647839
0,05430224
0,06829575
-0,005473377
0,04182027
0,01341347
-0,03584209
-0,01927871
-0,004148767
-0,01872978
0,009478335
-0,01978851
0,01018828
0,02363407
0,05171695
0,02307501
-0,03802335
-0,01650858
0,0245519
-0,03553757
-0,0257022
-0,02393258
-0,0005668717
0,05663412
0,05060756
0,08408365
0,04852931
0,003622174
-0,03338885
-0,02827881
0,006257783
0,003839414
0,04342468
0,02118243
0,001827996
0,03485577
0,02854207
0,01916347
-0,03533073
-0,05832195
0,01948682
-0,02432978
-0,005359223
-5,599748E-05
0,03558229
0,01821275
0,02648515
0,02998778
0,01600825
-0,003217755
-0,01002956
-0,03645904
-0,02446303
-0,04609595
-0,01373527
0,04429144
0,02693657
0,03887285
-0,00424389
-0,02533675
0,001840633
0,03131709
0,03969363
0,03257529
6,701232E-06
0,01820777
0,01932188
-0,01640741
0,006599228
-0,01197448
-0,02823051
-0,01813318
0,01646521
0,02125785
0,04128235
0,01408401
0,02034933
-0,01910918
-0,01335762
-0,04452788
0,003369509
0,02810366
-0,05404633
-0,05689999
-0,0266914
-0,02496203
0,02522753
0,02424705
0,00537834
0,04812069
0,01838728
0,01201484
0,03574076
0,01260305
0,02768877
-0,02646537
-0,03018325
-0,03069371
-0,04506645
-0,01650257
0,004775942
0,02246298
0,001692987
-0,02785782
-0,0341793
0,004410041
0,01657599
0,01063474
0,03485469
0,01284658
0,01017529
-0,005814324
0,02299127
-0,009862313
-0,01599822
-0,009720203
-0,00545936
0,04157694
0,09038506
0,08142389
-0,0133586
-0,004174169
0,03043331
0,03594666
0,05094282
-0,01802239
-0,03081719
-0,03834216
0,006425804
0,03338706
0,01057467
0,02741824
0,01291501
0,03522426
0,01251871
0,02230304
0,07733085
0,04003797
0,05899596
0,03238429
0,04202745
0,011292
0,008191887
-0,01269176
0,005213984
-0,0156976
-0,02408925
0,06329987
0,03438425
0,03490095
0,0414336
0,01192916
0,01571169
0,03738858
0,02701639
-0,01659567
-0,01691672
-0,06321729
0,03858918
0,03241546
0,03317805
0,04147146
0,00671739
-0,03923051
-0,005711269
0,01333521
0,07063866
0,02157233
0,05268155
0,1307949
0,03998466
0,01268589
0,03402317
0,01281864
-0,006186029
0,02444522
-0,03995098
-0,01566714
0,0391452
0,0491023
-0,01372928
0,02538267
0,005678167
0,03294908
0,03981044
-0,002693715
-0,006732084
0,02234135
0,0006994847
-0,006542739
0,008030259
0,02334684
-0,01995297
0,003040946
0,01304181
0,05814779
0,05193654
0,07815625
0,0461851
0,05899924
-0,01707939
-0,004797486
0,01331807
0,01024937
-0,01776543
-0,05599179
0,01197558
-0,0008286229
0,01446639
0,04091719
-0,00428324
-0,008415819
0,028305
0,03572642
0,001948573
-0,02645813
-0,01289932
-0,001317252
0,006002424
-0,02431417
0,03354058
-0,04217438
-0,01258568
0,01462482
0,02064719
0,03634429
0,04358992
0,03351515
0,0379286
0,02940516
0,01098245
0,02387595
0,004184216
0,02757048
0,0702941
-0,04822379
0,005208295
-0,02473173
0,005383106
0,044308
0,0379113
0,008649142
0,0167236
0,03561602
-0,02614439
-0,04958378
-0,01803667
-0,02895056
-0,05028328
-0,03192835
0,05661036
0,01652911
0,01980887
0,01463493
-0,0091583
0,02192139
0,01183238
-0,0006094296
0,01422199
0,03791562
0,02458017
-0,02238751
-0,02478146
0,02124959
0,02030339
-0,03949463
-0,02335396
-0,009074207
0,008513782
-0,005610953
0,03233661
0,03484293
0,04134384
0,05913914
-0,03031105
-0,031905
-0,02639821
-0,008754089
-0,02785132
-0,01243455
0,01102414
0,01974014
0,03018333
0,01956593
0,01582242
-0,0005347561
-0,007184959
0,05723144
0,03237937
-0,038061
0,001838831
-0,02513291
0,01585965
0,01039178
-0,002231166
0,02800455
-0,03460618
0,0143408
0,01683871
0,008970929
0,06464308
0,003301251
0,04561326
0,07217121
-0,03138329
-0,04026507
-0,03465976
-0,01954607
-0,02279424
0,002323092
0,0033593
0,007298823
0,01860741
0,01646927
0,03641902
0,02386879
0,04686026
0,03904554
-0,03245454
0,00578559
0,01444834
0,002632987
-0,01471189
-0,02321168
-0,01475338
-0,01108146
0,04103655
0,003432334
-0,01335966
-0,00753677
0,01429887
0,01145669
0,06594858
0,03308359
-0,04812882
-0,04397701
0,01319223
0,02575332
0,00113316
-0,00695391
-0,01146181
-0,01919265
0,01153152
-0,02182027
-0,03419857
0,0007394654
0,03792458
0,03067314
0,02603027
0,05089018
-0,02107861
-0,01587258
0,0004432006
0,01882171
-0,00229163
0,06563
0,08569046
-0,001982064
0,02820946
0,005219697
-0,02557128
0,0281201
0,005412395
0,0111638
-0,04783878
0,01491471
0,02122615
0,02317288
0,02621427
-0,009354034
0,001531429
-0,01529146
-0,02256723
-0,002191471
-0,03222806
0,02676668
0,02644434
0,01039842
-0,01071366
0,02952012
0,01669878
-0,002127668
-0,00566741
0,04282502
0,00434367
0,02895445
0,07415358
0,06121039
0,00967459
-0,001128555
0,009292548
0,05728541
0,04493224
0,0314776
-0,06079026
0,02384177
0,0292014
-0,006899502
0,01467515
-0,001143452
0,003294918
0,02621494
0,02854538
0,002538675
-0,01660843
0,01904507
-0,01740238
0,01180818
-0,01826075
-0,04392126
-0,02974442
-0,008126386
0,03394126
0,0401098
0,06330962
0,009326778
-0,00315259
0,0175961
0,0348605
0,03025556
0,04486123
0,01119404
-0,01425517
0,01534662
-0,02194859
0,008436533
0,02213333
0,04958664
0,04301167
0,05222454
0,03803843
0,03392926
-0,01598941
0,03749029
0,007843017
0,01772837
-0,02667621
0,005058422
0,007735904
0,01284263
0,001503099
0,01163042
-0,01732729
0,04374512
0,02892356
0,02679105
0,02852115
0,02618001
0,02662885
0,04794126
0,04190281
0,02297967
0,02533065
-0,004484039
-0,01634194
0,02741151
0,02199088
0,01867498
-0,02137008
-0,009008097
-0,007535643
0,0385844
0,06556484
0,02872803
0,04312999
0,05121087
0,005445621
-0,04191728
-0,03753895
-0,02550568
-0,02792863
-0,02136697
0,01034907
0,02014803
0,01662775
0,01911533
-0,02530863
0,04416723
0,02930647
0,0359369
0,0215247
-0,02980354
0,05864714
-0,007235211
0,002277799
0,01725111
0,04444678
0,01947083
-0,004628939
-0,02201993
-0,006842872
0,04911461
0,0388635
0,01376564
0,04131396
-0,01413339
0,01334755
-0,01742026
0,02228079
-0,02895135
-0,0240347
0,01015182
-0,02621026
0,001209317
-0,01609073
-0,03621995
0,02593051
0,05721793
0,0222971
0,03508403
0,004758236
-0,02976993
0,06912512
-0,01056275
-0,0008782857
0,04771167
-0,01978637
0,001736577
-0,009418231
-0,05001555
-0,006246412
-0,03460118
0,002746428
0,004351589
0,03282392
0,04964375
-0,05785166
-0,0195751
0,005346038
-0,06613108
-0,06261705
-0,02552616
-0,01932946
0,007858707
-0,02772059
-0,06603685
0,01248357
0,01753563
0,03842679
0,0003494853
-0,03012033
0,007605995
0,06543937
-0,02208369
0,0001071275
0,02577996
0,01228403
0,02686927
0,008952411
0,003811601
0,02067541
0,06789567
0,02975799
0,01327112
0,0049456
0,02031783
-0,02751383
-0,05532376
-0,06404523
-0,04917631
-0,00413957
-0,02844573
-0,03008828
0,02107139
-0,006559438
0,02194115
0,06024825
0,004886723
0,0001570961
-0,00565567
-0,03340598
-0,02206801
0,0006279878
-0,09523149
1,048491
