0,2788351
0,1329518
0,1141516
0,1150176
-0,00193477
0,1539955
-0,3491812
-0,04314009
0,2350751
0,4216473
0,2238333
0,1643455
0,05253063
0,1131519
0,2829402
0,3475385
0,1213423
0,192789
0,3975735
0,7546175
0,5495228
0,1912496
0,5781152
0,2222875
0,08319288
0,377207
0,08682141
-0,2297983
-0,3282434
-0,2214165
-0,1725282
0,1195825
0,1138237
-0,05660209
-0,01260831
0,5483581
0,195668
0,2045608
0,01604042
0,4059806
0,1297517
0,3661442
0,3464474
0,1402334
0,02950149
0,06460557
0,5698594
0,3543124
0,2952014
0,08306286
0,165201
0,4255619
0,4585692
0,2433243
-0,01812602
0,06464349
-0,08696672
0,4479394
0,2590431
0,09942912
-0,1024
0,1325678
0,1244286
0,1459382
0,1389226
0,003655688
-0,1178025
0,2681141
0,1911253
0,2748074
0,220181
0,05912746
0,05572584
0,1389566
0,008967968
0,1281319
0,04515874
0,1758629
0,1508288
-0,1007287
-0,354575
-0,01566531
-0,03565638
-0,2274517
0,3613981
0,06187319
-0,1215545
0,1408419
0,3352453
0,2942018
-0,0329052
0,02359527
-0,14208
0,04889476
-0,07909697
-0,0600402
-0,3010546
-0,2431275
0,02186988
-0,06574479
-0,3049874
-0,05284138
-0,05934189
-0,3071467
-0,3423784
-0,2488835
-0,639832
-0,2990877
-0,5606756
-0,3727111
-0,4106305
-0,1395201
-0,1336368
-0,2892892
-0,1381817
-0,4633017
-0,3611244
-0,1716348
0,197208
0,1539636
0,0725916
0,09235217
-0,0205871
0,006349174
0,01053553
-0,2182707
-0,649786
-0,6291875
-0,4779775
-0,9180258
-0,7342938
-0,7241629
-0,8044308
-0,9825497
-0,782457
-0,8834426
-0,8215305
-0,3816231
-0,6105545
-0,5475687
-0,7263336
-0,4468011
-0,7335255
-0,63761
-0,674089
-0,5704256
-0,6578727
-0,1841892
0,2041992
0,04573327
0,02014119
0,2649722
0,218433
-0,01190847
-0,1341136
-0,09971133
-0,4686968
-0,01321415
0,2090879
-0,1449293
-0,4538067
-0,2973099
-0,2610526
-0,2189265
-0,01553512
-0,1404132
-0,4072966
-0,3754613
-0,1277319
0,1473686
-0,2638501
0,1804565
0,1355356
0,07961218
0,05553227
0,02045953
0,1706686
0,1838474
0,2154415
0,06927538
0,2133219
0,3089868
0,1998444
-0,1012329
0,1290955
0,2715538
0,3283943
0,4099968
0,2135832
-0,2005898
0,1141365
-0,0767364
0,1695355
-0,098567
0,03621548
0,004617126
0,01017257
-0,04378983
0,1127003
0,421917
0,255553
0,7301878
0,5805831
0,6706544
0,624872
0,7030215
0,766646
0,5030791
0,2674586
0,265758
0,1217733
0,1628346
0,4500795
0,1283183
0,3583124
0,1652889
0,2129091
0,4107879
0,3738298
0,04865251
0,3169518
0,08755746
0,3562114
0,5405512
0,3790337
0,3244809
0,2935761
-0,01737584
0,1792819
0,1462503
0,5842413
0,7934095
0,1659374
0,4281233
0,3489917
0,4604586
0,7492838
0,09350348
0,09855022
0,25206
-0,1263501
-0,01279175
0,3957938
0,6126148
0,3881173
0,3726623
0,115797
-0,02790062
0,1311648
0,2183883
0,03351915
0,1642417
0,5348306
0,6185823
0,5714115
0,9975839
0,5636319
-0,2422504
0,1206384
0,003466802
0,2162594
0,1938241
-0,02521003
0,1027129
0,1006164
0,1506114
0,3088517
-0,1159455
-0,03957395
0,05551442
0,3029466
0,2896202
0,0489115
0,2017863
0,1483738
0,3337965
0,3060742
0,08037099
0,3608674
0,1506429
0,1171273
-0,2022392
0,1945983
0,3094987
0,1889475
0,07365942
0,02935002
-0,2842318
0,07619737
-0,3689908
-0,2000911
-0,294149
-0,3475898
-0,448793
-0,1666975
-0,2550052
0,04595209
-0,4368732
-0,2239988
0,08432412
-0,1822293
0,1876973
0,3196424
0,3059221
-0,05422454
0,1371409
0,07205544
0,104176
0,3291443
-0,06087745
-0,08875923
-0,2252733
0,3138331
0,05930028
0,2706074
-0,1817525
-0,2671824
-0,05508429
-0,361754
-0,3529166
-0,07075354
-0,07608004
-0,3226008
-0,2279299
-0,06486607
0,01297892
0,1543436
-0,2120026
-0,02318859
0,1284454
-0,2937649
-0,1673586
-0,354517
-0,1159215
-0,2443189
-0,4518715
-0,3327536
-0,1456155
0,02263059
0,007689722
0,02241351
0,05643039
0,4946637
0,3939033
-0,04214093
-0,1384284
-0,3356951
-0,04303985
-0,4866017
-0,355392
-0,5981829
-0,2081968
-0,1543206
-0,1471578
-0,2313192
-0,08808158
0,2230621
0,0892911
0,2200785
0,0160967
-0,1427915
-0,3515799
-0,2002197
-0,3486458
-0,2100759
-0,1107719
-0,1498712
-0,2479841
-0,1713444
-0,3118224
-0,08177467
0,05087223
0,02728979
0,1367474
-0,007946761
-0,1006121
-0,1515338
0,008235388
0,1902826
0,1421355
0,1293801
0,1034307
0,1257658
0,0904246
-0,2902296
0,0905278
0,1023179
-0,2638052
-0,1592014
-0,1372589
0,1146664
-0,2447723
0,06372704
-0,1037325
-0,5579927
-0,1118143
0,1104737
-0,02758971
0,1486882
-0,2631056
0,1497499
0,120543
-0,2325783
0,1439753
0,4808149
0,4905348
0,5057768
0,2642725
0,1635518
0,04588315
0,1494813
0,3482231
0,1388102
0,1692856
-0,09011745
-0,1029823
-0,09164582
0,04802519
-0,1459967
-0,0225618
-0,08767732
-0,101339
0,02826684
0,09290009
-0,1684878
-0,3104305
-0,1029445
-0,1940148
-0,09588914
0,106802
0,1943319
0,070142
-0,1681751
0,1071502
0,2854653
0,1594443
0,2913536
0,3975556
0,3189889
-0,186722
-0,1059687
-0,1386135
0,009133311
0,1146902
-0,07766742
0,05306113
-0,04664842
0,06302587
-0,2582768
-0,01734116
0,0145435
0,1242385
-0,1077164
-0,3896701
-0,101532
-0,3405418
0,1128133
0,06716843
-0,01491379
-0,0670173
-0,05273097
0,06425004
0,1953057
-0,1051786
-0,004246086
-0,05691392
-0,2981756
0,04652228
0,6341645
-0,008104805
0,1158433
0,1539386
0,2383745
0,1063544
0,09128488
-0,4765801
-0,3106606
-0,0462926
-0,0532329
0,1989135
0,2071716
-0,05817179
-0,1908861
-0,3235313
0,09074825
0,008281294
0,1063517
0,1786972
0,1169244
0,1913853
-0,09749803
-0,1634708
-0,000357095
0,06875724
-0,02764474
-0,0965511
-0,2914168
0,2423554
0,6010373
0,08701894
0,002792914
0,2104397
0,4213295
0,243457
0,2218037
0,06543888
0,1456227
-0,1164815
-0,09906692
0,2299064
0,04484497
0,1201251
-0,09238368
0,2231819
0,4220862
0,1468884
0,3007999
0,2113501
-0,02198112
-0,1780933
0,03069395
-0,154975
-0,202432
-0,1842627
-0,1028071
0,08163621
-0,09473588
0,108027
0,2652127
0,1115991
0,3762271
0,005145559
0,2373914
-0,0361677
0,1567532
0,1820176
-0,103775
0,02855095
0,09318382
0,06029046
-0,05527131
0,06190123
0,2864695
0,60423
0,4455999
-0,1366751
-0,1940903
-0,2252091
-0,2375067
-0,05625677
0,05555542
-0,2851141
-0,02865423
0,3443181
0,1189387
-0,2769687
-0,1116788
0,3636386
-0,002662513
-0,1695976
0,1415481
0,002921603
0,09035044
-0,0326814
0,05108827
0,03694396
-0,1945478
0,05734408
-0,07641374
0,004383087
-0,07139517
-0,1119664
-0,06337461
-0,06509874
-0,2135043
-0,3318975
-0,1145296
-0,2826126
-0,4352033
-0,3255317
0,05016638
-0,1226739
-0,3199387
-0,1027724
-0,0003366086
0,03395994
0,08138459
0,2836211
0,06383507
0,07390074
0,2067963
0,08947952
-0,2621709
-0,2650491
-0,1743998
0,1664095
-0,1478573
-0,003116055
-0,1985167
-0,06194523
0,8162698
