-0,1194287
-0,2180231
0,193082
0,2935076
0,05320175
-0,1233684
0,2504411
0,09484559
0,2298532
0,399694
0,0160452
-0,05883597
0,1416896
0,1187393
0,2201724
0,3544669
0,3187529
0,4484056
0,3941475
0,5332534
0,4048452
0,381472
0,3181743
0,009950449
0,01896722
-0,1140857
-0,20211
0,01082594
-0,1884729
-0,1442396
-0,2006725
-0,387181
-0,06373151
0,2493214
0,1251033
0,2166542
0,3094867
0,1035479
0,02916608
-0,04864327
-0,1056704
0,06930134
0,05253789
0,1763964
0,0088343
0,07727931
0,2600452
0,2695323
0,1853477
0,2565671
0,1389572
0,1070761
0,03200582
0,01948115
-0,004183485
-0,2341086
-0,1511616
0,07885315
-0,1291496
-0,06985114
-0,1004305
-0,370052
-0,211406
-0,005057951
-0,08316392
-0,1932356
0,1507591
0,2039386
-0,2028674
-0,1165152
-0,06256299
0,0001145936
-0,2790633
-0,5043036
-0,4311368
-0,3003212
-0,4453827
-0,4849138
-0,3872238
-0,06982263
0,2158036
0,1283478
-0,0766322
-0,09871224
0,2023819
-0,01721707
-0,1186383
0,06006276
-0,002903761
0,1546825
-0,1129906
-0,140251
-0,1151628
0,1430594
0,3284671
0,1487276
0,1528786
-0,2213655
-0,3824838
-0,3965377
-0,3733311
-0,07356814
-0,2102834
-0,4928371
-0,3515952
-0,1828854
-0,2025869
-0,3965259
-0,2703179
-0,1848605
0,04502555
-0,05455711
-0,1985912
-0,02519577
0,0965458
0,04634167
0,04939514
0,2221487
0,003100102
0,1538997
0,07804973
-0,0120452
-0,1359163
0,3252624
-0,09083303
-0,1002613
-0,3093018
-0,3584166
-0,4140565
-0,4534351
-0,2580341
0,05824261
0,1090372
-0,1865343
-0,157724
0,04785094
0,03572481
-0,3348759
-0,3143412
-0,1110518
0,01634247
-0,1595417
-0,2532788
0,1700946
0,06677935
-0,1056875
-0,1619701
0,1404053
0,1279685
0,1547698
0,1681215
-0,09705922
-0,1055173
0,1029404
-0,1741809
-0,3807364
-0,4112353
-0,4029697
-0,2699834
-0,3146121
-0,2663535
-0,1121993
-0,037078
-0,1294222
-0,1590748
0,0008279491
-0,04958643
-0,3352351
-0,1522535
-0,03928095
0,005157935
-0,07628254
-0,04009591
0,1377326
0,1220484
-0,3869079
-0,278186
0,1376738
0,1558503
0,07867575
0,03160733
-0,1573607
-0,195063
-0,1590167
-0,1679552
-0,4807423
-0,2769258
-0,1506814
-0,264149
-0,183601
-0,1615806
0,02109173
0,06992219
0,2326159
-0,02243025
0,2416643
0,512444
0,4222074
0,3121687
0,5103582
0,3130501
0,04552644
0,2167983
0,1878714
0,5500191
-0,1378631
-0,2923151
0,002697885
-0,1296488
-0,07923467
0,04886315
-0,1365806
-0,04205074
-0,01656817
-0,04954241
-0,4364335
-0,06673034
-0,107953
0,05331434
0,1546533
-0,03753396
0,4536476
0,08100277
0,2281002
0,02814681
-0,02507537
0,3492396
0,1722895
0,09930466
0,251998
0,03951367
0,05699405
0,001131443
-0,08338942
0,1998197
-0,03956594
-0,07379626
0,1604468
-0,02259093
0,144254
0,01083427
0,08841587
-0,1676307
-0,03848396
0,1571416
-0,08905565
0,4632901
0,3770734
0,3972525
0,08647573
-0,1800224
0,1294143
-0,2663375
0,308184
0,1212616
-0,189318
0,1548215
0,3338735
0,09971388
0,2256052
0,08475305
-0,1126662
0,245473
-0,09914641
0,06706483
-0,07595171
-0,2368636
0,03335889
-0,04517143
0,07634681
0,05601621
0,1375605
0,0153715
-0,1426318
0,2572234
0,2392499
0,6285349
0,4139094
0,3075008
0,3241789
0,3406096
0,4396656
0,1804092
0,4703948
0,1171908
-0,218237
0,0539638
0,08657125
0,1713657
0,09571613
0,09360234
0,01133756
0,2622095
0,1956996
0,1593095
0,02900305
-0,04642181
0,06863072
0,201181
0,05539923
0,2478731
0,2196728
0,02900647
0,006569896
0,1799154
0,09964645
0,2573002
0,1431654
0,366381
0,4841457
0,4207355
0,2435009
-0,01295318
0,07331319
0,1325556
-0,2370616
-0,06483692
0,1146916
-0,03220664
-0,3307223
-0,2866626
-0,2409747
0,01833415
0,1076429
0,09497856
0,04994822
-0,0686347
0,2919074
0,2861263
0,07636094
0,007974436
-0,1552391
-0,05707945
0,2548249
0,1820661
0,02147671
0,110052
0,4288086
0,1379613
0,107082
0,2270471
-0,2618545
-0,1666538
0,02106706
-0,0004702196
-0,2141075
-0,1474192
-0,2484827
-0,1461143
-0,1857152
-0,1724716
-0,2283414
0,06754661
0,1643275
0,09559706
0,03729141
-0,2190554
0,1127841
0,1243839
0,05593438
0,1706921
-0,08512922
0,05829523
0,1930279
0,02985882
0,1216059
0,05449915
0,07554547
0,109761
0,02520861
0,04750272
-0,07487504
-0,1541828
-0,0393239
-0,2116123
-0,05404197
0,1531463
-0,1763398
-0,03248208
-0,01751875
0,0002684688
-0,2391365
-0,05738375
0,07525474
0,1339505
-0,1648892
-0,2877541
0,06326685
0,01196406
-0,0253963
0,1776624
-0,1215389
-0,0641637
-0,04498152
-0,02378091
-0,2035357
-0,1581142
0,2065975
0,03568995
-0,2198491
0,04071962
0,1094986
-0,1992832
-0,3249128
-0,1891188
-0,2312244
-0,0678983
-0,1859829
-0,008778837
0,3768603
0,09320044
-0,2983792
0,08742207
-0,03555902
-0,09295488
-0,1674565
-0,1216777
-0,04581435
-0,3326264
-0,07690447
0,1401435
-0,09025589
0,01738232
0,04535284
-0,1974424
-0,335903
-0,1166033
-0,0216645
0,3421758
0,1956185
0,01687232
-0,1102445
0,05467214
-0,1976002
0,0008792285
0,1502857
0,2971775
0,3817312
0,2273347
0,3194627
0,125459
0,01075115
0,04762148
0,02929753
-0,01221151
-0,1596235
0,03395971
0,1758194
-0,1454868
-0,04295029
-0,07567749
-0,01380404
-0,004403738
0,03716501
-0,2515389
-0,1996216
-0,1266683
-0,0534047
0,2285056
0,1777815
0,09506078
0,07314947
0,1650473
-0,01664759
0,05296791
0,3068989
0,4983408
0,1902862
-0,05348851
0,1942037
0,07888352
0,1934088
0,02074375
0,07313122
0,02625706
0,01962711
0,03652125
0,05187408
-0,01657284
0,09874994
-0,1335162
0,1379033
-0,008072249
0,1092871
-0,09115899
-0,1157993
-0,2737599
0,09774897
0,3064644
0,02803999
-0,2389495
-0,0568576
0,1563643
0,1819606
-0,04012018
0,1087276
0,4006959
0,2232867
0,1131768
0,05564936
0,02759608
-0,1173974
-0,01838427
0,3200444
-0,1128688
0,01703286
-0,08530544
-0,2005832
0,1240332
0,2222204
0,02464752
0,07606368
0,2511922
-0,3586919
-0,193189
-0,1244623
-0,1334662
0,1910968
0,02562653
-0,0569416
-0,03773287
0,0550863
0,2153182
0,1923461
-0,1868296
-0,1748261
0,07100607
0,2940804
0,2311939
0,1106236
0,1237056
-0,03719141
-0,1871297
-0,00873897
-0,07017793
0,02050159
-0,1691591
-0,3019257
-0,07055529
0,2077816
-0,1039476
-0,01941213
0,0203524
-0,1378497
0,2469761
-0,05310284
-0,04135943
0,3509767
-0,05251288
0,01727857
-0,1022354
-0,1552365
0,3105085
0,2211177
0,04737342
0,3537059
0,4522798
0,2584723
0,005872852
0,01379982
0,2845768
0,03806995
0,03162315
-0,002290605
-0,01218628
0,04089399
0,01763079
-0,3409095
0,09637699
0,3587961
-0,1095043
-0,1998359
-0,1552963
0,02510637
-0,08705772
-0,05585542
0,04923827
0,2524682
0,1579763
0,04632167
0,05398125
-0,01563936
0,2389887
0,05117748
-0,1654674
-0,001185907
0,08121957
-0,0998695
-0,03553457
-0,002775439
-0,01981568
-0,0004061048
0,06088008
-0,06198172
0,04722009
0,135259
0,09693698
-0,01590364
0,1729512
0,4685646
0,9071853
