-0,1282277
-0,2790513
0,02742289
-0,1024437
-0,2323805
-0,4745046
-0,1560332
0,01631799
0,26209
0,07032956
0,2672278
-0,1826475
-0,1121018
-0,09336961
-0,2283852
0,03599758
-0,1009622
0,05825272
0,0007197525
0,08045934
0,1463075
0,1809012
0,1130976
0,2346018
0,3960684
0,1924972
0,2507497
0,09752655
0,02493543
-0,06920279
-0,2050028
-0,2006671
-0,09352193
0,009320446
0,09169035
0,07158557
0,1931784
0,06568182
-0,01804344
0,1328564
0,253705
0,04855722
-0,07049679
0,05263905
0,04488565
0,06845057
-0,1095096
0,1571222
0,2255396
0,3479106
0,4105028
0,2532162
0,2782747
0,3378662
0,322192
0,09327868
0,01315379
0,09689768
-0,1753941
-0,1108199
-0,3124593
0,03275014
0,02433332
-0,1793276
-0,2223967
-0,3836174
-0,06023614
0,1146141
0,04612408
0,05523879
-0,1148298
-0,0371421
-0,2356975
-0,03198466
0,005329804
-0,2425303
0,3776377
0,3582743
0,4588213
0,3311475
-0,05297376
0,2700399
0,1776108
0,1283589
-0,1034665
-0,06578047
0,01971728
0,2031153
0,08773838
-0,0393049
-0,06085102
-0,07361604
-0,1483772
0,09089956
-0,06329455
-0,07045995
0,2138186
0,2423193
-0,08848505
-0,2840517
-0,1644028
0,1973486
0,2463489
-0,1751726
-0,2036643
0,1013569
0,1053414
0,310821
0,104512
0,165466
0,2941965
-0,01084935
-0,1794257
0,3103518
0,2807499
-0,02083169
-0,08174486
0,2843395
0,03688481
-0,06005196
-0,07026103
-0,2277745
-0,2326945
0,06758907
-0,06357007
-0,1332608
-0,01638641
-0,2370016
-0,09159794
-0,01687088
0,3169537
0,6208087
-0,08262112
-0,3803797
-0,2233663
0,1541915
0,1175508
-0,07113736
-0,02066587
0,04530646
0,1521571
-0,04201119
-0,1272653
-0,01371965
0,2493733
0,331807
0,004999397
0,2052382
0,1935411
-0,06566388
-0,2440931
-0,1362712
-0,01071811
-0,05955459
0,1643205
0,2536311
0,1655357
-0,1821018
0,1826418
-0,1350247
0,4631705
0,4188114
-0,0507352
0,002158965
0,04657129
0,1217941
-0,1233107
-0,09440966
0,1363487
0,04550958
0,2061627
0,04182779
0,0001226583
0,05739461
0,218207
0,3675318
0,3251128
-0,00748738
0,03264812
-0,1967123
-0,2318116
-0,2426609
-0,0168514
0,1004014
0,2541222
0,09494366
0,3620296
-0,1010764
-0,3916092
-0,4098276
0,4581321
0,2665302
-0,0677975
-0,3897564
-0,3968788
0,2542796
-0,1315793
-0,3067057
-0,4008056
-0,2021164
-0,07802187
0,06541394
-0,1526981
-0,2121951
-0,04766687
0,0261477
0,07261249
0,1272145
0,0412792
-0,05381342
-0,2762645
-0,2850734
-0,337803
0,01576896
-0,046845
-0,0323652
0,603773
0,0277186
-0,3069837
0,07732695
0,5854169
0,1370616
-0,3730583
-0,4973147
-0,4928243
0,006799174
-0,03461597
-0,4139236
-0,3563536
-0,04651203
0,2213259
0,302622
0,1134076
0,06411612
-0,02039553
0,2174358
0,06103105
-0,00395631
0,05197754
0,0239949
-0,02584038
-0,1756862
-0,1669308
0,09380693
0,0517547
-0,07743
0,1476185
-0,1352804
-0,01736701
0,2315045
0,6369077
0,2453215
-0,1500317
-0,3142979
-0,4071259
-0,08282815
0,3348094
0,02679278
0,3053111
0,2141919
0,3293126
0,3262388
0,4477468
0,2182511
-0,1536553
0,1462525
-0,07918919
-0,165916
-0,1367241
-0,004083223
-0,06172968
-0,1790507
-0,3325965
-0,0001717685
0,01362296
-0,06563383
0,09538448
-0,266562
-0,4722457
-0,02698854
0,7393196
0,5054877
-0,4756236
-0,4849057
0,2423455
0,4535895
0,2693318
0,1886369
0,007220638
-0,09636262
-0,1851211
-0,2791875
0,01728676
-0,1770076
-0,3682786
0,001591092
-0,03826809
0,2156098
-0,124292
-0,06678239
-0,02663685
-0,1184635
-0,2006178
-0,02054054
0,06336929
0,1013224
0,1191331
-0,4987678
-0,2624919
0,4704042
0,8729781
0,2847466
-0,4359491
-0,1989834
-0,09302005
0,06314576
0,146947
0,1671369
0,1017942
-0,08981189
-0,1471989
-0,05350607
0,01035369
-0,3217784
-0,2880702
-0,133495
-0,04010303
0,1314887
-0,07099159
-0,1982979
-0,03926605
-0,2057825
0,09833742
0,09467952
0,006774464
0,2499453
0,0621622
-0,2327978
-0,4369861
0,2141325
0,9155458
0,3140033
-0,1321011
-0,1333056
-0,06593564
0,1250305
0,05140425
0,04158821
0,03983964
-0,04383463
-0,148057
-0,1119021
-0,02610657
-0,111638
0,1436673
0,06536119
0,09034821
-0,2452709
-0,1355941
-0,2126636
-0,1504285
-0,3344064
-0,134022
-0,1660197
0,08933695
0,006231337
-0,08571324
-0,5060135
-0,3360437
0,2275979
0,9259501
0,3560599
0,08567538
-0,02007027
0,09533864
0,01300491
-0,04253667
-0,04603677
-0,007811004
-0,05549439
-0,3999217
-0,2121313
-0,1151844
0,04135829
0,3624151
0,113129
0,07319284
-0,323658
-0,05749213
-0,02440177
-0,1052952
-0,1081897
-0,07975015
-0,1687785
0,03206543
-0,05688657
0,1886875
-0,4179569
-0,594557
0,3987547
0,6271043
0,3077926
-0,01457419
-0,2223179
-0,1977874
-0,05573099
-0,01966201
0,2958677
-0,02283808
-0,06987594
-0,08276107
0,05611962
-0,09837086
0,06182981
0,4154204
0,2447912
-0,01523384
-0,07404792
-0,2176429
-0,05413936
-0,1173262
0,4521259
-0,04604386
-0,2036154
0,03216713
-0,08855805
-0,1565756
-0,3663465
-0,3935213
0,5355167
0,5186011
0,2366481
0,1680298
-0,1008194
-0,402074
0,007029137
0,04337777
0,02712784
-0,2057233
-0,2453716
-0,01974642
-0,02488922
-0,2342366
0,1089127
0,2744097
0,1865614
0,2317931
0,07916107
-0,1765329
0,01787988
-0,1777624
0,1742088
-0,07159179
-0,02426546
0,05947293
-0,1684352
-0,1619588
-0,3298545
-0,4445986
0,3415634
0,4828224
0,1238465
-0,1263646
-0,201939
-0,5977284
-0,2993556
-0,08956403
0,07687227
-0,100434
0,02626035
0,003291032
0,1283905
0,08007865
0,02976693
0,5718032
0,07582863
0,2569261
0,1427641
-0,02414819
0,1178548
0,0429168
0,2795926
0,1109172
0,0268659
-0,07725461
-0,2250838
-0,1205586
-0,221287
0,0278173
0,4212705
0,5156052
0,3321884
0,2169897
-0,1502343
-0,1141395
-0,134868
-0,05901246
0,1208461
0,3205582
0,03087377
-0,04463729
0,001021537
0,1657434
0,2746162
0,6696036
0,2661056
0,1113209
0,01601151
0,2808367
0,1964393
-0,1346596
0,01557809
0,2237799
0,1169022
-0,03920271
-0,3203152
-0,02686907
-0,007472042
0,1331871
0,4437849
0,2587237
0,02729397
0,000127062
-0,3558449
-0,5322037
-0,2534232
0,09446318
0,02705592
-0,1249039
-0,2040573
0,1773271
0,1042098
0,02735227
0,3011083
0,1689555
-0,008457579
0,2831311
0,1259335
0,284697
0,01554409
0,006880874
0,04245757
0,2310604
0,06860912
0,02643425
-0,3407192
-0,09112951
0,2102747
0,1005593
0,2541973
0,3258526
0,2262835
0,4836274
-0,009027016
-0,4256659
-0,04147363
-0,05829109
-0,05486246
-0,1939903
-0,2602635
0,1040825
-0,3004287
0,05975878
0,08797538
0,01494044
-0,09916978
0,1691309
0,07600124
0,3044064
0,2276528
0,07272278
-0,1350513
-0,1535701
0,08397818
-0,07954101
-0,4243456
-0,257744
-0,1573246
0,1453716
0,2087843
0,1581548
0,2398437
0,2085216
-0,157575
-0,3882748
0,02892974
0,1062172
0,04773745
0,03943972
-0,1360068
0,1271556
-0,4913064
-0,1980027
0,1413544
0,3623133
0,2158391
0,1586528
0,07751849
0,2543439
0,1514961
0,6896213
