-0,05560514
0,03234268
0,2860682
0,02277646
0,1320012
0,1851123
0,1412905
-0,1463082
0,05121808
0,01674194
-0,1911467
-0,0919131
-0,1414009
-0,02807404
-0,0995603
-0,09027676
0,2176034
0,2154566
-0,1231571
-0,1132623
-0,03104408
0,3099336
0,3661215
0,04696181
0,2089281
0,05302607
0,06451531
-0,1306135
-0,07646221
-0,1615615
0,3887131
0,2717252
0,138569
0,2321028
-0,03880673
-0,005719774
0,3247435
-0,2345039
0,06929042
0,0344773
-0,3097514
-0,3058994
-0,4496516
-0,4827363
-0,3066817
-0,2384873
-0,352058
-0,1271685
0,02860501
0,07846038
-0,04869585
0,2407035
0,3251533
0,1959763
0,1610965
0,08684653
0,02899812
0,1647052
0,04832411
-0,03718908
0,1316279
0,2371392
0,2464554
0,07168251
-0,06866799
-0,1257643
0,1194509
0,1473293
-0,07657391
-0,09740811
-0,09620827
-0,1859136
-0,02747174
0,1686604
0,09540681
-0,2954372
-0,2919251
-0,1152656
0,3937885
0,115487
0,04961947
0,06617236
0,06928105
0,2406034
0,03517369
0,2026114
-0,07264629
0,07911983
0,1046982
0,004144224
0,1858671
0,2202135
0,2665145
0,251634
0,1974344
0,1169701
0,01161689
0,04127989
-0,17407
-0,1094399
0,05557583
-0,2347387
-0,1649451
0,1954508
0,06325717
0,02236516
0,1091819
0,2199752
-0,06138139
0,01335989
0,1750447
0,02539155
0,08929595
0,3824981
0,4219454
0,2028812
0,02455549
0,08959355
0,2068322
0,0004386964
0,1318035
-0,2115081
-0,1369257
0,1899809
0,03342504
-0,107507
0,05515904
0,3436594
0,09059398
-0,0410402
-0,0898088
0,1794941
0,3545609
0,2734758
0,2470034
0,2822712
0,1197808
-0,02477698
0,07199473
0,194485
0,1616578
-0,10796
-0,2103229
0,01842804
-0,01877363
0,1131678
-0,1131025
-0,07223646
0,05392957
0,01854487
0,1677453
-0,1846455
-0,1045609
0,07823382
-0,03959706
-0,1980449
-0,09835335
-0,0003666801
-0,1298522
-0,4844595
-0,3248687
-0,143631
-0,005446935
0,1747436
-0,03532303
-0,2724585
-0,3835974
-0,2227708
-0,1330863
-0,07756821
-0,3028203
-0,5064875
-0,4756111
-0,3713652
-0,4382299
-0,2664005
-0,2699303
-0,2679437
-0,1251365
-0,1196993
0,4678068
0,205589
0,2445243
-0,1113452
-0,06374692
-0,2718065
-0,2365394
-0,07994769
-0,07687043
-0,4445477
-0,4261199
-0,4940109
-0,2505075
0,0156346
-0,141833
-0,1723218
-0,30717
-0,3823414
-0,3764709
-0,2590712
-0,3082617
-0,4580286
-0,489816
-0,3963379
-0,2678293
-0,3055983
-0,2008702
0,03280699
0,007139086
-0,1180947
0,1552809
0,5125643
0,4076368
0,1708226
0,1906827
0,1082763
0,0523978
0,1134261
0,2430375
0,2271604
0,02763873
0,01805763
0,08558361
0,003377322
-0,1262225
-0,2937118
-0,4180905
-0,09706224
0,007872004
0,2735552
0,3888124
0,1246774
0,4148348
0,3795242
0,2746976
0,1449912
0,06888836
-0,180786
0,04040294
-0,04236516
0,03924615
0,1722161
0,1159354
0,1493783
0,08194271
0,3134126
0,2485509
-0,02531644
0,08901983
-0,0235544
0,04161103
0,3267183
0,4312145
0,4417193
0,1876375
0,09660792
0,2357766
0,4556893
0,3715072
0,5626835
0,8332564
0,8404505
0,9163855
0,4405959
0,250899
0,3643832
0,06678779
-0,3044347
-0,2503087
-0,08907628
-0,01166204
0,0894884
0,1914718
0,1763081
-0,08171458
0,1206715
-0,08140391
-0,07500157
-0,1160546
-0,2131748
8,306857E-05
0,3506429
0,1198525
0,1724388
0,02149516
-0,0276465
0,1130642
0,3558671
0,190171
-0,0009254803
0,1581637
0,08766043
0,1833065
0,02880156
0,2025335
0,2171636
-0,107642
-0,05449667
-0,1490859
-0,01816938
0,1631685
0,07032861
0,01677069
-0,002718749
-0,03945894
0,01128299
0,18321
-0,00407207
0,01249437
-0,1886398
-0,1957491
0,08376995
0,2218092
0,3510057
0,0736388
0,05205488
0,4885171
0,07150239
-0,3070305
-0,3818292
-0,2382102
-0,1723653
-0,3084203
-0,1583642
0,1059391
-0,1401311
-0,2685696
0,07471873
0,0008200668
-0,01148819
-0,06289965
-0,01616396
-0,03900499
-0,1185441
0,1736968
0,01628871
0,04711425
-0,04822774
-0,01199927
0,07843282
0,1777751
0,2170907
0,1675616
-0,1041578
0,09219851
0,06687187
0,1628942
-0,1427487
0,01158448
-0,1756161
-0,3625173
-0,5076641
-0,5088841
-0,3393644
-0,2335472
-0,2162618
-0,06468394
0,1292502
0,1435356
0,006877748
-0,1994682
-0,2074724
-0,06763258
0,06085889
0,0805499
0,2465476
0,3337778
-0,1080156
-0,007929412
0,0921858
0,3419918
0,2835879
-0,1268551
-0,2167585
-0,1436431
0,07166439
0,02061363
0,105752
0,2398982
0,05082026
-0,3248042
-0,4314838
-0,2949389
-0,3129769
-0,1400676
-0,2506702
-0,02862811
0,08331135
0,09211158
-0,05354923
-0,1773965
-0,3514122
0,02357182
0,1243713
-0,1413622
-0,001830015
0,2021147
0,2296823
0,09479937
0,0899395
0,1939381
-0,04203085
-0,003586579
-0,009216064
-0,1581833
-0,1052823
0,01832026
0,03682644
0,008238771
0,1942179
-0,003527629
-0,1779535
-0,1542276
-0,1884369
-0,1988762
0,07653138
0,2041142
0,2277606
0,2200726
-0,07333683
-0,09483039
-0,2409336
0,100804
0,01588906
-0,04315071
0,1841932
0,3408309
0,5587131
0,08619285
0,04654015
-0,1775463
-0,4349232
0,08182912
0,03094934
-0,1302299
-0,04924349
0,0163715
0,02461151
0,1269058
0,3006001
0,1637666
0,2842809
0,1958501
0,2782332
0,3136598
0,2668099
0,1687945
0,1397056
0,02919315
-0,06093859
-0,1667426
-0,00253705
0,2727663
0,03918448
0,2069085
0,3699059
-0,03157499
-0,0005259829
0,09281833
-0,07998216
-0,1342347
-0,183346
0,1006755
-0,03431145
-0,0331956
-0,2906684
-0,3737382
-0,3500693
-0,1326743
0,1179374
-0,07941819
0,1628654
0,01800538
-0,05902446
0,1048556
-0,1566042
-0,05138219
-0,01792064
0,05177269
0,004191814
-0,1022855
-0,1033684
0,01667815
-0,1972878
0,1079527
0,3478709
0,333049
0,2584849
-0,1205114
-0,3182612
-0,2565733
-0,06815517
0,09086107
-0,06025177
0,01400124
-0,07812334
-0,07753914
-0,3323592
-0,4212539
-0,3934912
-0,1076374
-0,1259791
-0,09134027
-0,09268315
0,1373788
0,1335197
-0,00750591
-0,1162626
0,07165458
-0,195046
-0,2176608
0,04149151
0,03229091
-0,1079503
0,2780121
0,1840632
-0,009996871
0,2031775
-0,2241126
-0,1438496
0,0004723462
-0,05740714
0,2608465
-0,007700165
0,007103018
-0,002153319
0,3887369
0,04308981
-0,123779
-0,2243094
0,07391316
0,1297952
-0,06953803
-0,02182532
0,1200712
0,07436395
0,1833446
0,1267542
0,04456571
-0,2110631
-0,08638161
0,04326924
0,09757129
0,08289608
0,2386846
0,06622342
-0,1589422
-0,022501
-0,1561009
-0,04716469
0,171911
0,1210935
-0,1678579
-0,255333
-0,2207065
-0,17875
0,2397381
0,3231297
0,07084399
-0,02208277
-0,03394305
-0,002410421
-0,2120603
-0,05795263
0,09288918
0,01906773
0,1366836
0,06640496
0,07954168
-0,009188078
-0,1847418
0,05345885
0,3841856
0,3160523
0,2365735
-0,005119221
-0,03560923
0,07404543
-0,00228106
0,387603
0,4547388
0,0008178026
-0,220094
-0,1984222
0,1351532
0,1021554
0,1180079
-0,1352042
-0,04597646
-0,1480288
-0,03069375
0,01372226
-0,1395767
-0,05168747
-0,2239382
-0,1752057
0,1260167
0,1249013
0,1936225
0,04374636
0,8297167
