-0,07288545
-0,2014922
-0,1934988
-0,03047963
-0,002987819
0,02541332
0,0764149
0,2939675
0,09788011
-0,1560618
-0,2186456
-0,02541957
0,1428158
-0,007946479
-0,04841935
0,1206959
0,0583545
-0,1249431
-0,05496781
0,01086333
0,02081217
0,03400384
0,01094268
0,01362721
-0,02318494
-0,2220334
-0,1507808
-0,06585535
-0,0380404
-0,1106291
-0,003915869
-0,1798873
-0,1251887
0,03289182
0,09961737
0,06141018
-0,1117049
0,09576285
0,4369297
0,1820403
-0,1874426
0,02918493
0,1706061
0,0180559
0,04276748
0,03721914
0,0303397
-0,1766973
-0,07792233
0,07830785
0,1409376
0,06489839
0,07148833
0,02292216
0,1367031
-0,0634555
-0,005032258
0,01117399
-0,05618415
-0,1176597
0,002146838
-0,1166626
-0,04852453
0,1534903
0,09930589
-0,1828591
-0,3529603
-0,006236025
0,4484846
0,272361
0,02466971
-0,002483708
0,07097066
0,004420972
-0,1173467
-0,1720527
-0,064474
-0,06180655
0,08290487
0,1992853
0,1415403
-0,02703399
0,03554648
0,007175601
0,07469397
-0,06968109
0,03610378
-0,05776438
-0,07657783
-0,07664227
-0,0562139
-0,1465773
0,03409394
0,2547132
0,1516738
-0,07240043
-0,1610191
0,09607494
0,4165665
0,2471515
-0,1234162
-0,1463514
-0,008102185
0,04088889
0,08486538
0,01814301
-0,06708034
-0,05881948
-0,1500262
0,08109923
0,2699337
0,1195027
0,1238718
0,180371
0,06315089
0,006798185
0,01858097
-0,09162184
0,08032715
-0,0003134538
-0,01361649
-0,09414691
-0,03201284
0,215031
0,006402669
-0,2519324
-0,2151395
0,1278793
0,5272375
0,2630091
-0,253729
-0,2025386
0,07660171
0,1409487
0,2294382
0,1253765
-0,0287175
-0,03366078
0,02574306
-0,05760622
0,02043031
-0,08867566
0,1085238
0,2285421
0,122157
0,01955529
0,02324583
-0,01136321
0,1471374
0,04492858
-0,01712298
-0,1472903
-0,0119649
0,1999185
-0,0008030281
-0,2895947
-0,2462446
0,3115138
0,6129236
0,2405962
-0,2956769
-0,03253377
0,1465771
0,02623527
-0,02563175
0,09467281
-0,01646723
-0,001880123
0,09067903
0,01308909
0,09984209
-0,08241305
0,04474222
0,05906362
0,09610651
-0,01112892
-0,03579703
0,0003859675
0,0404552
0,05720345
-0,06307532
-0,1408639
-0,04648251
0,2640305
-0,008813239
-0,2818949
-0,2786599
0,3156107
0,5529929
0,07380527
-0,2559149
0,003621558
0,1473202
0,2038732
0,05363593
0,07193512
-0,02458074
0,05261751
-0,01262691
0,02573466
0,0517652
-0,05411236
-0,03952837
0,06256238
0,1750538
0,0836171
0,1347284
0,1851094
0,1954845
0,1317266
-0,08673546
-0,1459938
0,05067352
0,3111457
0,1021598
-0,1808458
-0,2853919
0,07281812
0,3505548
-0,04147826
-0,2640351
0,06245592
0,1637803
0,07238592
0,1165188
0,06940963
-0,02584775
-0,01078764
0,03672457
0,1106168
0,03966845
-0,1026972
-0,03102248
0,04736325
0,09964135
-0,007709451
0,131998
0,1229996
0,1753873
0,1702081
-0,08662758
-0,1450626
-0,01467634
0,2303123
0,08249464
-0,2176653
-0,1483219
0,2168509
0,2000357
-0,1393818
-0,1638423
0,1721805
0,2835755
-0,2159129
-0,2008815
-0,08284566
0,01441843
0,1395152
0,1167682
0,05904197
0,05987053
-0,0009788221
-0,1092521
-0,06259827
-0,02309314
0,008811315
0,1074996
0,05033023
0,1299134
0,1993491
-0,1738465
-0,1228338
0,09005055
0,07875048
0,02977808
-0,1993212
-0,01200315
0,2147603
0,01973865
-0,2496141
-0,1439761
0,09589602
0,2166046
-0,1440144
-0,09903727
0,03530753
0,1882554
0,1104215
0,150883
0,02733444
0,1916082
0,1886868
0,1395766
0,1305207
0,09276644
0,09397438
0,1522048
0,1974855
0,1464792
0,1055638
-0,1085562
-0,06281022
0,1306426
0,02822478
0,03272086
-0,1219509
-0,1152155
0,0322783
-0,04031738
-0,02457188
0,06278527
0,2134364
0,09294496
-0,04772024
0,06906894
0,02143214
0,001737633
0,03778298
0,05543732
-0,02434959
0,123101
0,06799252
-0,1248723
-0,006668152
0,02129929
-0,1061096
0,03794242
0,1756093
0,05196609
-0,02290414
-0,01567954
0,05096903
0,1229416
0,0229335
-0,0736264
-0,0830145
0,002126908
-0,08995105
-0,2178833
-0,07742264
0,0640799
0,1290604
0,1231242
-0,03352495
-0,01369903
-0,03653749
0,07615601
0,1275126
0,2308626
0,1060493
0,1287579
0,01711487
-0,1354399
0,07679428
0,06639177
-0,1006682
0,1366043
0,01911294
-0,05519391
0,02344085
-0,05927986
0,07326678
0,0222071
0,07127168
-0,007414654
-0,1246395
0,03452932
0,04727399
-0,07235145
0,01959337
0,2099453
-0,006133718
0,028308
-0,09118079
-0,09229848
0,05208871
0,0377856
-0,03924087
0,03726508
-0,0718421
-0,03471544
-0,02989287
0,1325418
0,1425036
0,0407017
0,01326805
0,1681994
0,03231474
0,06119947
-0,03353222
-0,01276801
0,07852143
-0,01309621
0,05288486
0,1476546
0,03418851
0,0287322
-0,0702703
0,05804186
0,1545113
0,1680004
0,01822157
-0,09555174
-0,02192218
0,0528597
0,1787685
0,08576884
-0,09540197
0,02637258
0,09436662
0,0655534
-0,01108776
0,05988673
0,03807244
0,06790323
0,07662886
-0,01847856
-0,1870369
-0,04292957
-0,08852196
-0,05153883
0,05072038
0,02229852
-0,09836913
0,05620575
-0,03958597
-0,03499893
-0,08350964
0,01112713
0,04281945
0,1513385
0,01336406
-0,03702884
-0,06309867
-0,01558755
0,1356706
0,0320759
-0,09410643
-0,1346201
-0,01388402
0,1057762
0,04928516
-0,1141049
-0,008525639
-0,04470953
-0,05306021
-0,1573633
-0,1257532
-0,1072905
-0,06225125
-0,002955305
0,0628278
0,1757292
-0,01285812
0,1045615
-0,1031245
-0,1355723
-0,02682
0,07832857
0,00150146
0,05806281
-0,0009732035
-0,03962488
0,1615648
-0,02151613
0,08216202
0,03005996
-0,173405
-0,2024443
-0,2133031
-0,141375
-0,1578948
-0,009974132
0,06790101
-0,01359608
-0,1419135
-0,02848092
-0,03873174
-0,04088765
0,01765552
-0,077692
-0,0857475
-0,009080068
0,04567894
0,02889729
-0,1277744
-0,1264829
0,0532228
0,148499
0,05841804
0,1822849
0,008157305
-0,09848285
-0,03293687
0,1239539
0,01923823
0,01059022
-0,1241394
-0,04623156
-0,1239237
0,009935667
0,03111159
0,08051328
0,07403336
0,06395068
0,1120388
0,1348009
-0,01055948
0,08509009
-0,003724596
-0,1533363
-0,04671865
0,1051951
0,04494802
-0,1610783
-0,1355438
-0,1783489
-0,1803189
-0,1262069
-0,213983
-0,1055329
-0,1144757
-0,03031158
-0,02834448
-0,04103919
0,06162669
-0,04225903
-0,1522942
-0,04760678
-0,09664937
0,03413147
-0,04128136
-0,08107734
-0,2190987
-0,09572252
0,1019924
0,07212847
-0,04611813
0,006228282
-0,0193654
-0,07456727
0,07938944
0,1854146
0,1661197
-0,04295499
-0,1665808
0,1864434
0,03357525
0,1124391
0,2237572
0,1611998
0,03621282
0,07645451
0,03172083
-0,0377983
0,02488113
0,08691044
0,00538414
-0,1374534
-0,1369624
0,06336443
-0,08423705
-0,1495487
-0,1119809
-0,1185891
-0,02617798
0,1770572
0,02712756
-0,02144963
0,02046701
0,1189704
0,1790067
0,1472321
0,02536658
0,0922203
-0,04034814
0,02612304
0,09578238
0,1245259
0,02480518
0,09010229
0,165373
0,08347596
0,1485847
-0,006912776
-0,105778
-0,115594
-0,09564314
-0,177254
-0,03897016
-0,02738541
-0,1064598
-0,07335208
0,04233672
-0,09021001
-0,1509173
0,09802434
0,004108497
0,0131246
0,0595967
1,077182
