0,1100096
0,01751483
0,3228181
0,02937375
-0,08791675
0,2799581
0,09472021
-0,07509127
0,08011878
0,1337137
-0,01116086
-0,2154799
-0,1631614
-0,313751
-0,3909716
-0,2681915
-0,3437253
0,1778653
0,2445852
0,3182316
-0,001520732
0,1762667
0,2331258
0,1640951
-0,03656767
-0,1367496
-0,1563172
0,2231668
0,4227632
0,2044883
-0,353448
-0,1381069
0,0136361
-0,064726
-0,08835002
0,2237003
0,1798836
-0,2285927
-0,1665642
0,05510769
0,1349163
-0,09958382
-0,1309924
-0,2524204
-0,1176977
-0,09183309
-0,2190467
0,1555659
0,3745829
0,3070568
0,1989539
-0,1326585
0,1134504
0,06657824
0,009905357
0,02727849
-0,2635614
0,2782496
0,3873179
0,1799467
-0,2967212
0,07535538
0,03398468
-0,1949628
0,09459731
-0,008924988
0,002723237
-0,02997448
0,2753575
0,1951518
0,02651393
-0,1411624
-0,0211606
-0,1677647
-0,1477394
0,096976
0,09071042
0,1543001
-0,2817498
-0,2908839
-0,4094515
-0,1415015
0,2641586
-0,1143388
-0,1540135
0,006278249
-0,3542757
-0,04150189
0,1261083
0,0870662
0,02173018
0,2470782
-0,1065758
0,1479349
0,3237863
0,03962225
-0,1691145
-0,1844936
-0,2944486
-0,3610626
0,01112035
0,06989206
0,07720067
0,1491781
0,3677153
0,4245802
0,3120687
-0,1594182
-0,2401902
-0,2638135
-0,1791054
0,01256547
0,1480356
0,1523905
0,04478034
-0,03308388
-0,1587602
-0,3446115
-0,6010592
-0,1947732
0,1355251
0,1906662
0,2033727
-0,0204201
0,06003744
0,01136416
-0,0459236
-0,07806221
-0,1080191
-0,1476547
-0,07085346
0,1071514
0,3691953
0,1765189
0,06100271
0,02034807
0,05296707
-0,2379483
-0,2602457
0,01989907
-0,08294751
-0,04106601
-0,2251733
0,1172341
0,08283888
-0,3023838
-0,2742448
-0,2340824
-0,3623562
0,06752744
0,1953826
-0,02730265
-0,1179547
-0,06769252
-0,03324232
-0,1544515
0,2744011
0,3723918
0,5855842
0,4268601
0,4325931
0,4480572
0,08734009
-0,0236474
0,1124331
0,251758
0,2120056
-0,1529821
-0,3130984
-0,475996
-0,1064889
0,4387602
-0,09897905
-0,1040931
-0,324647
-0,1580272
-0,1160471
-0,1165086
0,04550005
0,04307261
-0,05853582
0,0897656
-0,1618226
0,1942355
0,0721137
0,2167686
0,5531904
0,3239343
0,1863115
-0,1468855
-0,1483281
-0,08817931
0,06486907
0,2515832
0,5090846
0,3467543
0,178675
-0,3333413
-0,1582557
0,1166234
0,04358747
0,2099562
0,06378486
-0,03511436
0,0965538
0,1531309
-0,07020816
-0,1175432
0,1274551
0,1759116
0,1820445
0,07391004
0,2552518
0,5187132
0,2356977
0,1340529
0,41506
0,04103307
0,1798231
-0,2139241
0,01089701
0,2644974
0,2627725
0,223411
-0,04919654
-0,2285241
-0,2905004
-0,2120159
0,1684864
0,2210992
0,4127094
0,05146832
0,09852232
-0,0809165
-0,2848733
-0,03226749
0,1322001
-0,02609977
0,08269922
-0,003546285
0,2518304
-0,01327952
0,05784445
0,3043571
0,05496044
0,2136181
0,1844733
-0,2019955
-0,228907
-0,1281703
0,2221487
0,2461493
0,3305466
0,3624536
0,2897339
-0,1251159
-0,005100227
0,1661289
0,1985757
0,3507744
0,07125896
-0,1079871
0,004242799
0,09181117
0,007549731
-0,01402281
0,2283126
0,1379331
-0,02040155
0,02074181
0,1521781
0,1262944
0,002043125
0,2492467
0,3154368
0,368672
0,05348619
-0,291822
-0,1982308
-0,0462523
-0,2398544
-0,2897262
-0,118484
0,3979939
0,4075662
0,1570159
0,2431567
-0,0006425901
-0,06376269
0,06462446
-0,2255102
-0,2147654
0,05087981
-0,01741949
-0,07739573
-0,09049472
0,1795963
0,2089718
0,3748694
0,01677238
0,05105014
0,1124612
0,07975203
0,1911583
0,4195494
0,318748
-0,03472445
-0,3620757
-0,5093389
-0,04330382
0,2304939
0,03473364
0,2635191
0,1585409
-0,324558
-0,1972726
0,07361525
-0,1911123
-0,01346779
0,003995319
-0,05856106
-0,2934968
-0,336344
-0,4017453
-0,3441603
-0,08216815
0,2154944
0,420859
0,2898485
-0,01412963
0,2908208
0,003811734
-0,3108197
0,2558147
0,2848884
0,3848842
0,2566259
0,04306736
0,06895103
0,3059534
0,4966901
0,008886049
0,3826311
0,5495695
0,2263528
0,1795277
-0,2953242
-0,2937127
-0,02597829
-0,2256798
-0,08715256
-0,3788729
-0,2811068
-0,1740865
-0,1049952
-0,03127259
0,3079656
0,3264475
0,2563711
0,09824944
0,1762923
0,06596071
-0,1454332
0,3699503
0,3808431
0,2417527
-0,09119115
-0,3540091
-0,1708062
0,02581455
0,2819088
0,1610139
0,3869987
0,2201214
0,1239091
0,1258279
-0,2121172
-0,280455
0,0241325
-0,08259593
-0,09575413
-0,06351384
-0,3007841
-0,2817702
-0,09831604
-0,07878537
-0,1295197
0,06568285
0,281347
0,07428943
0,04671129
-0,1893755
-0,2806795
-0,009687348
0,1639827
0,2620265
0,04469139
0,07854559
-0,01815646
-0,006317582
0,2212839
-0,03660569
0,01625657
-0,06440329
0,1270089
0,08179762
-0,01688117
-0,2376016
0,1476553
0,1467382
0,09267445
-0,1022506
-0,2985129
-0,0476824
0,2241628
-0,0029226
-0,106231
0,1179147
0,2489094
0,1198834
0,01697997
-0,06557062
0,1533522
-0,005374567
0,06918053
0,3587471
0,340393
0,3717412
0,09138741
0,01136882
-0,1257153
-0,1096601
-0,02703976
-0,1009953
0,0795197
0,2174706
-0,08392775
0,04049716
0,3806447
0,1296399
0,2154255
0,03758008
-0,2875938
0,08592096
0,04689071
-0,06341712
0,05321976
0,1842996
0,2492936
0,09882814
0,1213152
-0,2081102
0,1008619
0,06366475
0,3472666
0,6442547
0,881575
0,4434317
0,1453355
0,05303172
0,3167038
0,2334947
0,1448061
-0,02754033
-0,106372
-0,1142137
-0,230305
-0,3131253
-0,1546529
0,03728947
0,3337612
-0,03558219
-0,4135181
-0,1949197
-0,3376155
-0,0575709
-0,03352176
-0,2168029
0,09234703
0,1171216
0,3601728
0,04753269
0,1358843
0,04579685
-0,1366648
0,1281406
0,2247779
0,295085
-0,08895528
0,09998033
0,2900757
0,2378216
0,008950075
-0,1645767
-0,1268656
0,07220683
0,2267203
0,07529281
0,03018792
-0,06727453
0,1351574
-0,02335782
-0,3605046
-0,2210089
-0,2641077
0,08217779
0,2447421
0,1174168
0,205728
0,04571531
0,2150121
0,05051481
-0,2366384
-0,1737965
-0,04458369
0,1053379
0,07081581
-0,1026535
-0,2219408
-0,421717
-0,618877
-0,4986556
-0,3046432
-0,3179255
-0,2674741
-0,3321007
0,1365995
-0,04937121
-0,08006482
0,05584388
0,4299084
0,1011179
-0,5066339
-0,2201689
0,08218874
-0,1427527
0,1149505
-0,08202446
0,2902544
0,3374887
-0,1022277
0,08996867
-0,05695523
-0,03259705
-0,2988334
-0,427402
-0,2405895
-0,3047131
-0,4551205
-0,3360021
-0,5646405
-0,3168486
-0,3476107
-0,2633117
-0,1782498
-0,1278166
0,1812384
-0,003020305
-0,3108644
-0,1454855
0,4263366
0,1095885
-0,3967273
-0,1241973
-0,3431205
-0,5312357
-0,09482647
-0,1115078
0,1748717
0,3413654
-0,1030901
-0,006287836
0,09881968
-0,1417629
-0,4593297
-0,3130995
-0,2936327
-0,1836882
-0,1503168
-0,2365128
-0,3893614
-0,367463
-0,1406198
-0,2069115
-0,3004887
-0,1941407
0,1379519
0,1682435
0,2698176
0,1055511
0,3482974
0,1835511
-0,2167288
-0,1149412
-0,2061648
-0,07605282
0,4014382
0,2253864
0,1794734
0,1826406
0,9784011
