-0,02556413
-0,03021883
-0,2586034
-0,1970242
-0,1618759
-0,1721661
0,04644144
0,08373989
0,1191409
-0,1238543
0,2039248
0,1234323
-0,08107942
-0,2812441
-0,3049802
-0,1297427
-0,2765488
-0,4141721
-0,5767866
-0,4591691
-0,05988574
-0,05607196
-0,2555373
-0,02905576
-0,04149752
-0,3229635
-0,5145454
-0,1934156
-0,1482008
-0,2147853
-0,02090464
-0,1649446
-0,03323879
-0,08088897
-0,2338072
0,05074843
0,02940463
0,1192418
0,3566273
-0,06162066
0,219056
0,1528827
-0,2400045
-0,08112018
0,1844159
0,0480555
-0,003941002
-0,2772192
-0,2034405
-0,000603262
-0,09264202
-0,08405812
-0,1353773
0,160421
0,05086616
-0,01146595
0,1488831
0,01329912
0,0004818408
-0,06516965
-0,1170063
-0,1059919
0,05101152
0,1313134
-0,06424685
-0,1292443
-0,134243
0,06309747
-0,05830357
0,05005833
0,4807328
0,4719284
0,07778467
0,1488446
0,07942463
-0,1642885
-0,2025729
0,1123694
0,2050645
0,08760349
0,01235238
0,09399612
0,114538
0,1094264
0,5048507
0,3982727
0,4249713
0,2043567
-0,09437907
0,09368593
0,04230426
-0,08805287
-0,1424695
0,0485469
-0,04864486
-0,1595447
0,1319249
0,2511433
-0,2884301
-0,2550873
-0,1507279
0,1551382
0,2474608
-0,07764801
-0,2766635
-0,01811782
-0,05342447
0,04131277
0,05396531
0,1248548
-0,06228694
0,01976705
-0,1049999
-0,2618966
0,01581586
0,176094
0,1251307
0,07153635
-0,0605481
0,06594885
0,2094684
-0,002633152
-0,01496568
-0,01667916
0,3012688
0,5044321
0,71172
0,570049
0,002860348
-0,1189557
0,09563027
0,0425697
-0,07465709
-0,1545349
-0,2888964
-0,2337799
-0,0156014
-0,02025878
-0,3815264
-0,0872555
0,1696707
0,2911485
0,2252535
-0,02732491
-0,06306805
-0,05522806
0,005375104
-0,005496942
0,05149066
0,02591866
0,1413624
-0,2889796
-0,1093108
-0,04996183
-0,02133524
0,165424
0,3411229
0,5970711
0,1062572
-0,07098948
-0,2520411
-0,1376535
-0,1441223
-0,1083293
-0,128382
-0,2597806
-0,05271797
0,06492635
0,188657
0,06682108
0,1903407
0,2750224
0,2584151
0,03339556
-0,1611026
-0,1354358
-0,2257874
-0,2012452
-0,1675752
0,03208948
-0,02254385
-0,06651551
0,1517458
0,03052827
0,07837515
-0,01238316
0,2517148
0,2565776
0,1389464
-0,06430577
-0,05345346
-0,2215831
-0,3174592
-0,261291
-0,3297789
-0,1397313
-0,02240975
0,06300072
0,1209054
-0,1364254
-0,09595861
0,05412379
-0,04730344
-0,1304935
-0,2649255
-0,07820961
-0,2372543
-0,03327424
-0,03324032
-0,02712739
-0,1223313
0,227724
-0,1673858
-0,2505026
-0,07659114
-0,1299826
0,03653014
0,05931903
-0,0366041
-0,1665211
-0,09771805
-0,05591143
-0,06239058
-0,1370236
-0,3511074
-0,1475307
-0,07081962
-0,0679234
0,02223504
-0,2084314
-0,2720695
-0,3354748
-0,1189937
-0,3447497
-0,1544127
0,108878
-0,07356815
0,02671557
0,08448531
-0,02191173
-0,2696674
0,1715104
-0,05759651
-0,3717232
-0,2459446
-0,1470029
0,03700065
0,1713388
-0,007642896
-0,2808033
-0,04351386
-0,1144935
-0,292253
0,06709652
0,1912666
0,06614836
0,1435183
0,1506115
0,2102125
0,09027134
-0,01100078
-0,1133109
-0,02986609
-0,03110592
-0,0961679
0,03552763
-0,1447947
0,05231284
0,2233653
0,2116311
-0,2008779
0,155462
0,1811897
0,008220314
-0,05118385
0,02015661
0,07236916
-0,04633847
-0,07774953
0,1096151
0,2217214
0,4231957
0,0694558
0,3917032
0,6317174
0,4220609
0,1718421
0,2732198
0,2966382
0,1658887
-0,0104707
-0,04529849
-0,0749706
0,01161006
0,3097228
0,333943
0,1132055
0,2552023
0,1684429
0,2788814
-0,1717495
-0,03746402
0,0233266
0,1413545
0,200143
0,2866736
0,1748514
0,3402695
0,2746663
0,2575807
0,2349244
0,4218447
0,2336158
0,2907777
0,2424206
0,4218391
0,39788
0,4527178
0,2182033
-0,209052
-0,1046967
0,02151359
0,4146976
0,2422962
0,3295063
0,2258456
0,2195807
0,148656
0,1810201
0,3725472
-0,2020688
-0,1136671
0,0009691673
0,2106798
0,1101334
0,192253
0,02723407
0,03442407
-0,2210446
-0,1044598
-0,03306425
0,2800607
0,1144087
0,1699997
-0,1359734
0,2751639
0,3194533
-0,06774178
0,2018142
0,07770685
-0,1415538
0,2544692
0,6196887
0,2082398
0,2070768
0,08049943
0,174657
0,3963543
0,290166
0,1768573
0,1768455
-0,02710249
-0,05918287
0,03612649
-0,17587
-0,2116377
-0,2699304
-0,2556306
-0,1538695
-0,1655953
-0,3203601
-0,2546163
-0,111463
0,1005948
-0,1210932
0,1763318
0,326379
-0,01734597
-0,09453836
-0,1042051
0,1570153
0,09248288
0,5022542
0,1693903
-0,1524432
-0,2339028
-0,1404785
-0,007066755
0,223469
0,01561582
0,2529984
-0,2550238
-0,2099668
-0,2026789
-0,2178023
-0,2636761
-0,2696335
-0,1123022
0,3175827
0,03883703
-0,01839942
-0,1832563
0,06515484
0,05474467
0,07634319
0,1193294
-0,04355682
0,1225404
0,3456634
0,2563948
0,337176
-0,05662753
0,04576501
-0,1023685
0,1211594
-0,03478356
0,02715985
-0,06328144
0,2113527
0,08318869
0,1690059
-0,2943945
-0,1547154
-0,2812999
-0,3767586
-0,3405695
-0,3210576
0,1026399
0,1156119
-0,03554434
-0,03075762
-0,1007605
0,2827861
-0,03941453
-0,1172464
0,0627522
0,1129188
0,1001804
-0,1063217
0,09495145
0,04764041
-0,1171209
0,1089636
-0,2142858
-0,05828535
-0,05976805
0,05384392
-0,1128687
0,1957024
0,08595459
0,1358601
-0,1676681
0,04274347
-0,3779963
-0,3600657
-0,3329276
-0,1427163
0,1158738
0,2024091
-0,12823
-0,2754782
-0,1934272
0,09372048
-0,005901973
0,3241308
0,3271402
0,1313908
0,185789
0,3349131
0,2471783
-0,05246018
-0,1750054
-0,2902936
-0,3252364
-0,2441797
-0,1830106
-0,1109892
-0,1181501
-0,001620663
0,02800564
0,04897211
-0,059749
-0,1017003
-0,1219391
0,04725249
0,06744816
0,1513046
0,2744314
0,5006894
0,1106393
0,003629146
-0,01150622
0,121175
-0,006474107
0,05998236
0,043457
-0,1436057
-0,1974505
-0,1026293
0,04944077
-0,01600445
-0,1317022
-0,253719
-0,3407039
-0,04616325
-0,02163111
0,003937978
-0,2102972
-0,2717763
0,01179033
-0,04395162
-0,2072367
-0,004650937
-0,1346268
0,1489899
0,4374243
0,1897781
0,2405776
0,3333289
0,2313576
0,3405354
0,1326524
0,09278309
0,1026701
0,1320029
0,2477203
0,19861
0,3023721
0,2140015
0,4114198
0,5339601
0,06970514
-0,2435589
0,05669653
0,08290193
-0,07369059
-0,2164814
-0,2376348
-0,1920436
-0,0353383
-0,01729142
-0,2825973
0,2936307
0,01983194
0,1859421
0,235973
0,3075752
0,2902862
-0,006305529
-0,1554592
-0,009065736
-0,1191739
-0,3165497
-0,2425868
-0,04232594
0,05747939
0,2196009
0,1491413
0,0991913
0,03128171
0,09358551
-0,1853732
-0,2364955
0,1888202
-0,03046586
-0,1122751
-0,1910661
-0,2728033
-0,1190617
0,06000937
0,000887254
-0,3240169
0,0004867319
-0,1913828
-0,2095897
-0,1102888
-0,05947271
-0,3415302
-0,1364725
0,1384086
0,1599073
-0,188775
-0,05145458
-0,04120672
0,04028996
-0,09280603
-0,1955268
0,1419364
0,2967845
0,115643
0,04759621
0,2279784
0,1294248
-0,08048036
0,005162705
0,2299374
0,1769826
0,06206767
0,1602373
0,2070573
0,9099753
