0,07771598
0,05894238
0,01860805
0,1476841
-0,1924256
-0,1777846
-0,02307246
0,1005575
-0,1539825
-0,1155542
0,190077
0,2339439
0,3655825
0,3498533
0,08304231
0,1220611
-0,009992025
0,002141487
0,2859591
0,03850458
0,03190815
0,2461513
0,0490911
0,08668362
-0,02613198
-0,08769982
-0,0001762234
0,07302047
-0,1210787
-0,1577395
0,1190777
-0,00976572
0,05624276
0,002469854
-0,007635521
0,2153403
0,2613098
0,2825938
0,2884353
0,2763574
0,176281
0,06511322
-0,1025423
0,08691789
0,05587078
-0,08794635
0,02394032
-0,08719736
0,1419092
0,214818
0,08644734
0,126999
0,1427102
0,08255584
-0,1236575
-0,1576093
0,0928266
0,04451952
-0,09081912
-0,09481261
0,1290516
0,1890225
0,1636811
0,04755886
-0,03768438
0,3721688
0,4061694
0,009640782
-0,03262789
0,1105856
-0,004942187
0,1640746
0,02141691
-0,04877069
-0,1874601
-0,2986772
-0,1300844
-0,1226117
-0,01554351
-0,0007151337
-0,2829903
0,002074651
0,2870094
0,4158375
0,2025076
-0,06114364
-0,07489351
-0,1380221
-0,2333365
-0,1544864
0,04655761
0,1039028
-0,02920876
-0,0896764
-0,06694504
0,1937346
0,1093404
-0,09930066
-0,05181637
0,1560678
0,1438695
-0,02870804
0,05657231
-0,04767754
-0,01895329
-0,1027937
-0,1424666
-0,246182
-0,09329709
-0,01822094
-0,2106292
-0,08733579
-0,03929558
0,1022947
0,191541
0,1132209
-0,2365145
-0,0883754
-0,07077646
-0,1654581
-0,05887497
-0,05583058
-0,1080547
-0,09752571
-0,05822516
0,07107398
-0,02550007
-0,1166776
0,04988349
0,2010021
0,3177594
0,08612543
-0,03743221
0,03885585
0,108928
0,1132071
0,06318846
-0,08311666
0,05841365
0,03860125
-0,2396698
0,05811549
0,192369
-0,0106691
0,1224912
0,06384667
0,07971544
0,03724033
-0,02556467
-0,08421594
-0,1534338
-0,2087228
-0,08299268
0,05976639
-0,2505994
-0,1075418
0,09090477
0,1942459
0,1907334
0,2616765
0,161893
-0,2934437
-0,2648533
0,1257191
0,2442161
0,1242434
0,09756272
0,1378106
0,10607
0,06305464
-0,119178
-0,0204449
-0,04489553
0,05480021
0,09983717
0,07192799
0,01936682
-0,08213703
0,07476511
-0,005400388
-0,09593586
-0,1863352
-0,09563637
-0,1796016
-0,1999879
0,1412343
0,2321456
0,1443225
0,1104724
0,1309999
0,03842605
-0,1598938
-0,07434029
-0,01218745
0,0185392
-0,06733258
-0,2311365
-0,08170707
0,1159894
0,0871946
-0,2741326
-0,01407799
-0,1191574
-0,004362908
0,02027546
0,004348509
0,1134039
0,08282477
0,0118904
-0,119084
-0,1228591
-0,1347129
-0,1030164
-0,01309604
0,1781194
0,3896449
0,1634507
0,06375104
-0,1501243
-0,2964238
-0,02998727
-0,2330165
0,06000961
0,3202122
0,3409015
0,08949912
-0,1543196
-0,02982172
0,0448959
0,2870249
0,02656618
0,1990376
-0,2578883
-0,1600226
0,1026744
-0,0002761002
0,1185914
0,03972626
0,009110443
-0,1017856
-0,02559252
-0,07860559
0,04480559
0,1440907
0,1230949
0,2812076
-0,1814606
-0,1989279
-0,1806868
-0,00370134
0,185691
-0,02080239
0,4690223
0,3752182
-0,07310775
-0,2080451
-0,2504153
0,02190738
0,2480267
0,05996654
-0,05746826
0,01576823
-0,2182294
0,03654027
0,1490124
-0,1580336
0,06805415
0,03583866
0,004974955
-0,08102075
-0,08045883
-0,005711376
0,05548145
0,022483
0,00455852
-0,04587137
-0,2966457
-0,2079726
-0,173941
0,07875054
0,06509536
0,06325115
0,4219534
0,2170683
-0,06016248
-0,02532564
-0,0728094
0,219441
0,283496
0,1295784
0,182709
0,3713103
-0,01159247
-0,08502378
-0,05209889
-0,09070074
-0,05295444
0,02105351
0,07391124
-0,09952476
-0,04456088
-0,3129373
-0,1000737
0,01386611
-0,2295815
-0,1687139
-0,1916789
-0,141432
-0,07698184
0,05193837
0,4124354
0,3872943
0,268808
0,02526904
-0,1803062
-0,1186578
0,01663639
-0,0576226
0,01489307
0,1560685
0,4569185
0,4408051
-0,03975932
-0,1240107
-0,07248574
-0,1066991
0,04850724
-0,01379233
0,1143352
-0,02056215
-0,03980332
-0,1121431
-0,07671731
-0,0504864
-0,3969198
-0,3407237
-0,2689752
-0,2562701
0,1083942
0,2065853
-0,005242036
-0,1150548
-0,3093399
-0,0758925
-0,08373766
-0,083032
-0,003112005
-0,01314801
0,2110251
0,2259003
0,1045314
0,05751919
0,1606486
0,06701007
-0,1043809
-0,3088197
-0,07563303
-0,1007022
0,07462216
-0,02615526
-0,09286501
-0,04547351
-0,1428277
-0,1883564
-0,3302481
-0,3220433
-0,08103849
0,09747982
0,1317726
-0,08650692
-0,02342652
-0,03797957
-0,1228346
0,07763385
-0,05913072
-0,3201089
-0,123725
-0,002180877
-0,001337544
0,09316271
-0,008759223
0,1010354
0,1628992
0,03667964
-0,04572012
-0,1643664
0,01346551
-0,1472189
0,02563211
0,04266927
-0,08251426
0,04882434
-0,09212351
-0,2693321
-0,07811856
0,02413796
0,3278697
0,02335689
0,1449217
-0,08534629
-0,130124
-0,1175428
-0,005298979
0,02481519
-0,1103033
-0,2177775
-0,1586147
0,07585378
-0,1991671
-0,2920865
-0,1366394
0,1452056
0,3470309
-0,0211306
-0,03367246
0,05000671
0,06693932
0,001992821
0,003264552
-0,002739936
0,04843915
0,1189518
0,06613088
-0,1647926
-0,023927
-0,01608962
0,05450412
-0,124188
-0,06806747
-0,2634609
-0,2744114
-0,08684742
0,09444674
0,04022004
-0,08391187
-0,2667949
-0,1593795
-0,1031644
-0,1435993
-0,04399107
-0,001250007
0,01302461
0,3513636
0,03826853
0,0790515
0,0567853
0,09456594
-0,04001783
0,03290695
0,02826717
-0,04476618
-0,0181159
0,2298128
-0,02982431
-0,1374444
-0,1647308
0,02083403
0,1251449
0,2543
-0,08339176
0,002349137
0,01435336
0,0966408
0,04873826
-0,1168179
-0,1256206
-0,0859646
-0,0756457
-0,1141552
-0,1760572
-0,2706748
-0,002718663
0,23638
0,1971091
-0,00625128
-0,03737279
0,1042257
-0,02744928
0,2168807
0,2576346
-0,09302192
0,06360461
0,139041
0,08425912
0,06118486
-0,1519518
0,215284
0,2238577
0,3488866
-0,1807166
-0,1072655
-0,03416486
0,002568219
0,1555366
0,07808617
-0,136208
-0,2166283
-0,3220808
-0,1800182
0,06541248
-0,05121313
0,09990069
0,1512144
0,002554884
-0,0472448
-0,1459437
0,01318331
0,05514232
0,2622644
0,3321355
-0,02315865
-0,05472807
-0,07115089
0,141059
0,1784194
-0,1434452
0,07426736
0,05760413
0,04069458
-0,2242901
0,1574316
0,1111986
0,1343725
0,218652
-0,1085393
-0,1958513
-0,3202102
0,01927693
0,04929417
0,0430127
-0,1208246
-0,04392231
0,1720709
0,2306263
0,04959151
-0,08235266
0,06415091
0,145125
0,3105721
0,2669343
0,1125113
-0,03417731
-0,1457027
0,146454
0,2423141
0,07908376
0,1031113
0,07762321
0,1280182
0,02870091
-0,02771569
-0,06355861
0,1456338
0,2380731
0,08749673
0,1419968
-0,02020746
0,1699594
0,2066308
0,2193237
0,2837753
0,0681994
0,2705445
0,3004867
0,1609749
-0,05479333
-0,2536772
-0,09191842
0,1725811
0,2684458
0,1134857
-0,1460069
-0,1919734
-0,08219735
-0,005262699
0,05176639
0,004515093
0,2000366
0,08996127
0,2365098
-0,04618144
-0,2415817
-0,06912842
0,09435555
-0,0002825497
0,1067083
0,2572405
0,1049739
-0,218243
-0,008818186
0,1020345
0,2376403
0,2759016
0,187281
0,1861906
0,07311806
-0,1078407
-0,09944726
0,1581394
0,2762931
0,9359304
