0,1290304
0,03256763
-0,02577817
-0,02372224
-0,1957187
-0,2098526
-0,133518
-0,0766593
-0,1072161
0,04174064
0,3465121
0,03953803
0,04269896
0,1932646
0,2710629
0,07675851
-0,01450905
0,06785044
-0,02850444
0,05521274
0,15271
0,0001616574
0,07056428
0,005935324
-0,05770011
-0,06195642
-0,1836015
-0,2745686
-0,1356489
-0,08546879
0,1192614
0,02923105
0,1026272
0,04467334
-0,02030364
-0,1684008
-0,07370665
-0,1032076
0,1363003
0,01752364
-0,004514463
0,0852599
0,1228738
0,2101909
0,09969097
0,03017444
0,02180329
-0,08814822
-0,08562435
-0,0802305
-0,1391554
0,1322754
0,06823722
-0,2223456
-0,2310764
-0,1663971
-0,0880369
-0,05519754
0,1134316
0,03147348
0,05504349
0,06203391
0,1667883
0,2429641
0,1070731
-0,04937569
-0,1039744
-0,3094596
-0,2733329
-0,3398153
-0,3712724
-0,04608852
0,1929421
0,168439
0,1877594
0,243226
0,1819499
0,05007157
-0,07337524
0,03772232
0,03559936
-0,1991692
-0,1423557
-0,1570037
-0,2274676
-0,1381656
-0,03748281
0,05925365
0,1755213
0,2149396
-0,0168061
-0,1425813
0,0223513
0,1980809
0,346741
0,3990066
0,2091213
0,1340193
0,1520954
-0,0803707
-0,08641715
-0,12348
-0,1749026
-0,07850819
-0,2757508
-0,2370275
-0,004407629
-0,01449248
0,01517484
0,05055495
-0,03786744
0,01558858
0,2704919
0,0155111
-0,1030444
0,02105599
0,1731345
0,1719812
0,2411921
0,160688
0,1335556
-0,1971709
-0,07240162
-0,08538955
-0,003035395
0,07578669
0,435989
0,4551271
0,4144723
0,1662894
0,0215476
-0,2794881
-0,3633728
-0,2828584
-0,3014705
-0,2650666
-0,1662211
-0,1548156
-0,1590268
-0,0615488
-0,02037005
0,1130078
0,03094476
0,08065421
0,04049061
0,1564183
0,2824764
0,2177755
-0,05989449
0,01215472
0,0786031
0,03626293
0,1195915
-0,1922189
-0,2619904
-0,3915409
-0,2126708
-0,1623312
0,1626179
0,4253413
0,5908025
0,3487151
0,3004096
-0,107995
-0,1073852
-0,02893976
0,005959691
0,05334541
-0,01390648
0,1232355
0,2044093
0,15953
0,0294128
-0,05935968
0,1075849
0,2175103
0,3608294
0,1655497
-0,1838192
-0,007111199
-0,05180796
-0,04607102
0,3049178
-0,01751472
-0,2342983
-0,3616927
-0,394925
-0,3607738
-0,2966522
-0,009187394
0,2314371
0,5292015
0,8702012
0,5267942
0,2893583
-0,02714901
-0,1102481
-0,1759342
-0,05995778
0,06399529
-0,0131313
-0,1838945
-0,03061071
-0,04082749
0,002881539
-0,153954
-0,08397505
-0,06324761
-0,2605901
-0,0183197
0,04538724
0,03599118
0,1347447
0,2852072
0,1900858
0,06206733
-0,3236443
-0,4918525
-0,6443806
-0,5478865
-0,2008939
0,1119022
0,3409551
0,3430007
0,4191401
0,3895939
0,1945855
0,04405827
0,01455409
0,07083741
0,02027482
0,08445387
0,1610302
0,1469385
0,03190475
-0,06761415
-0,1692065
-0,125197
-0,05903501
0,04721785
-0,08908504
0,05955479
-0,1039542
-0,01148574
0,2850584
0,3949628
0,05509362
0,0311287
-0,2369454
-0,4492826
-0,3367364
-0,3090587
-0,2874507
-0,03882791
0,2596307
0,2453628
0,1740077
0,2459792
0,1050344
-0,04527319
0,004676663
-0,1758258
-0,02814421
0,1917572
0,165063
-0,007973216
-0,04734292
-0,02551923
-0,09881898
0,05263128
-0,1443442
-0,1550254
-0,09193612
0,05458339
0,2588403
0,3742306
0,4895364
0,2702164
0,2495233
-0,1508834
-0,3641008
-0,296818
-0,3088226
-0,1954598
-0,1319077
-0,101683
0,04807161
0,2123189
0,08720694
0,06321435
0,3579656
0,1328708
0,01252913
0,2122595
0,138743
0,2342053
0,09863891
-0,147933
-0,004224343
0,1855579
-0,05138355
-0,07593201
-0,1749579
-0,07007388
-0,106795
-0,04276051
0,08348886
0,2081038
0,3468825
0,1995264
0,1625409
0,01939259
-0,1481776
-0,2480687
-0,09175956
-0,2124783
-0,3518543
-0,03634651
0,1567141
0,0413283
0,1882925
0,1415876
-0,1359149
-0,1310135
0,02766438
0,08943236
0,3328279
0,0789408
0,18839
0,3187563
0,1385971
-0,1028675
-0,1089231
0,002379112
-0,150048
-0,1409071
-0,02838679
0,1138032
0,2356894
0,2412347
0,1776113
0,3060605
0,1903336
-0,04271834
0,1047579
0,07470351
0,2533068
-0,1272198
-0,08894674
-0,2129157
-0,03126841
0,1506839
-0,04220503
0,09624153
-0,1332489
-0,08641069
0,005032868
0,07527421
0,1709081
0,2902171
0,09931559
0,1237603
0,09670684
-0,04853484
-0,2097381
-0,1309458
-0,01914188
-0,05020421
-0,06574983
-0,002183497
-0,03360813
0,1469458
0,07690714
0,07779699
0,1406891
0,217483
0,09677646
-0,1280435
-0,1806051
-0,1930073
0,08343636
0,0986938
0,0389815
0,03794834
0,1551824
-0,00576749
0,09036426
-0,02077794
-0,007217442
0,1491963
-0,05108083
0,02072602
0,1600076
0,01375243
-0,08414562
0,08701753
-0,08311678
-0,2340415
-0,3844145
-0,2745055
-0,1203586
-0,084364
0,07846245
0,03537504
0,1059001
0,08868489
0,06009049
-0,03581188
-0,000872525
-0,07439124
-0,1181431
0,03413469
0,1016049
0,1312598
0,05486325
-0,07530771
0,1874385
0,08899099
0,05440219
0,1611573
-0,05365026
-0,126778
0,1381578
-0,04114085
-0,1241478
0,08905124
0,1242314
0,00795952
-0,0359632
-0,1132685
0,1109857
-0,01282495
-0,003500522
0,03190058
-0,1166319
-0,3020199
0,03917597
-0,02062489
0,07076687
-0,006271671
0,05908254
0,08312397
0,06810351
0,004671155
0,006702958
-0,07715126
-0,03885421
-0,03056811
-0,1157089
0,0743577
0,04046687
0,1005545
0,1176286
0,01450031
-0,02696671
0,04703939
0,1421362
0,1788247
0,2121857
0,1321068
-0,0523655
-0,1633622
-0,1399289
-0,1645469
-0,0633105
0,02780249
0,2252835
0,1320363
0,2434846
0,149092
0,07149268
-0,05036838
0,08564344
0,07437538
0,06348736
-0,03388533
-0,112545
-0,07990371
-0,1252736
-0,009059268
-0,07987401
-0,09204809
-0,00656056
0,1034852
0,1758954
0,02116468
0,1026138
0,1342282
0,1492085
0,06662685
-0,1069641
-0,009795513
-0,09552764
0,05068831
0,2162039
-0,01498045
-0,03506258
0,01962935
-0,04563567
-0,1183121
-0,1353764
0,1196042
0,2414389
0,1006136
0,05682986
0,1619099
0,05204505
0,02883626
-0,1392241
-0,06242507
-0,03931421
-0,004371565
0,0970023
0,07555486
-0,1348488
-0,07366037
-0,09573259
-0,04939348
-0,1246795
-0,08034804
-0,02448543
0,01547875
-0,07643981
0,07200873
0,3247283
-0,002636012
0,1546884
0,095467
-0,04186777
-0,2207542
-0,02516862
-0,2073388
-0,03934002
0,1952259
0,3236988
0,1846023
-0,14823
-0,1575499
-0,1136854
-0,1169798
-0,08901466
0,02588848
0,0185861
-0,003848355
0,05665846
0,03599755
-0,2296305
-0,1942305
0,03978222
-0,2327599
0,001252046
0,1895755
-0,2266461
-0,2986467
0,06091219
0,1081239
0,1752738
0,162405
-0,02931839
-0,1493104
0,008180517
-0,08204014
0,1105967
0,1128636
0,1817827
-0,05235005
-0,07859985
-0,07419568
-0,1317403
-0,003907716
0,01648683
0,1258952
0,04411839
0,02939846
-0,1646003
-0,08098303
0,04216861
-0,01272372
0,06029865
-0,1208922
0,1607803
0,09807432
0,08146309
-0,09976725
-0,1399883
-0,1936933
-0,07170469
0,2304364
0,04045872
-0,04183818
0,184489
0,2231366
-0,05105802
-0,1387915
0,01756194
-0,1628928
-0,1198313
-0,02055734
0,003054015
-0,02789595
0,9291855
