0,0399189
0,03978219
-0,053767
-0,03295155
-0,02493505
0,007214019
0,002560219
0,02507095
0,07955915
0,05048636
-0,03079177
0,03567296
0,0553188
0,01759542
0,0394513
-0,001973714
0,006668624
-0,03151915
0,003975843
-0,04082802
-0,04230484
-0,004003621
0,02531876
0,01284679
-0,02998692
-0,0483923
-0,06578021
-0,03535524
-0,001559243
0,0608749
0,01738507
0,0392017
-0,01951862
0,01727763
-0,01964316
-0,005458943
-0,003456266
0,03260723
-0,02730369
-0,04235532
-0,008106547
0,03343889
0,04678008
0,02676192
-0,04308633
-0,02178046
0,02624242
0,02294197
-0,02195499
-0,03005403
-0,04664558
-0,08397654
-0,005261844
0,02325121
-0,04465113
-0,03170902
-0,08532316
-0,04769278
-0,006298526
-0,002413583
0,03076746
0,0061698
-0,0196351
-0,01387793
0,02166697
0,01758861
-0,005867442
-0,01419869
-0,06700845
-0,003022998
0,01806651
-0,01616046
0,02692865
-0,01205078
0,01159692
0,0250937
0,02310999
0,02549097
0,001231014
-0,005141031
0,01886126
0,001096862
-0,02194433
-0,01970671
0,01333791
0,02336613
-0,02383678
-0,02357402
0,03674657
0,03198503
0,04615955
-0,04105045
0,01015443
-0,01980346
-0,04217859
-0,01951006
-0,05190271
-0,02580657
-0,0124872
-0,006122102
-0,002304749
0,09490757
0,03089732
0,006034187
-0,02077227
-0,03934154
-0,04594241
-0,02208036
-0,005138203
0,03145359
-0,0405339
-0,0001143735
-0,00134205
0,05452541
0,006798809
-0,01765604
-0,01527176
-0,001175314
0,0003714842
0,05711449
0,03477024
-0,03348961
-0,01159361
-0,03372796
-0,009834027
-0,03089014
-0,0202567
0,072901
0,05448737
-0,0208117
-0,03044857
0,01409779
0,01729412
-0,04042072
-0,05917713
-0,008249618
0,02569789
-0,002222525
-0,01452038
0,003703098
-0,01063035
0,03127193
-0,01172168
0,04647788
0,06285155
-0,009466198
-0,02407282
0,009567339
-0,00826788
0,01561906
0,0270843
-0,006745025
-0,01003832
-0,019736
-0,01863628
-0,04815723
-0,02538573
-0,005246764
-0,01481127
-0,020389
0,03636697
0,02295816
0,02011263
-0,02066456
-0,01458542
0,00980884
0,05989426
0,01052395
0,03281
0,06936235
-0,0138054
0,007017817
-0,0414499
0,04106251
0,07532843
-0,02425301
-0,03478637
-0,0154292
-0,01041455
-0,003492236
0,0180071
-0,02582463
-0,006447265
0,009004514
-0,01534799
-0,04248982
-0,01585932
0,0103801
0,05356693
0,09816469
0,0368188
0,004858265
-0,0330671
-0,01390078
0,02509503
0,02759195
0,07523901
0,03705572
0,001996963
0,0501481
0,02167249
-0,04305163
-0,001162052
-0,006063785
0,01963164
-0,01768646
-0,06375004
-0,04492535
-0,01112222
-0,01271707
0,03079455
0,01420665
0,04980507
0,04823048
0,04797345
-0,03361742
0,02218046
0,06850354
0,03300117
0,06243725
-0,0302502
0,05544599
0,02427804
-0,008500968
-0,01988751
0,03220962
0,0497795
0,009903853
0,09693876
0,07815751
-0,01262038
-0,01302931
-0,003938952
0,07239672
0,07264511
0,006960357
-0,03585247
-0,01791814
-0,001160114
0,02156722
0,06521402
0,03986682
0,03383851
-0,003392614
0,01670149
-0,01294944
-0,0008728644
0,0703823
0,05342767
-0,007539291
0,0005230904
0,05283067
0,01156517
0,002593108
-0,03316639
0,01690435
0,02541824
0,01948387
0,01921114
0,1112744
0,05835221
-0,02020832
0,01265159
0,09366251
0,05581703
-0,02225778
-0,05273472
0,004544196
0,04907916
0,05846724
0,05791313
0,02675822
0,01176958
0,0002986363
-0,01434342
0,03827227
-0,002593063
-0,0001455059
0,04869552
0,0603164
0,08284389
0,04191232
0,03522704
-0,004931807
-0,03001165
-0,03674535
0,02020204
-0,02612062
0,007302274
0,04186594
0,02022235
-0,01991659
0,02736237
0,1435201
0,07227512
-0,01587885
-0,01236036
0,009324176
0,05762669
0,03943213
0,06175281
-0,0009439756
-0,01496852
0,0342939
0,009606282
-0,02427342
-0,04529648
0,01446637
0,04020023
0,04351034
0,04537197
0,02896051
0,04656926
-0,0005100036
0,01738742
0,04827689
0,005509433
0,02735818
-0,0565405
-0,007779147
-0,003391899
-0,08105398
0,01133293
0,08577892
0,03974965
0,007720178
-0,05089698
0,0009902535
0,06540883
0,05832636
0,04355248
-0,02059317
-0,01426383
0,05401963
0,03865201
-0,01601657
-0,02087436
0,08179577
0,0697486
0,03739732
0,01562194
0,01128229
0,03593577
0,01547061
0,02688232
0,007299381
0,01183932
0,02736191
-0,01313432
0,02017277
-0,005106671
-0,06813976
-0,0390563
0,1206318
0,06345124
-0,002310674
-0,05649539
0,01578261
0,06244552
0,05784396
0,05101192
-0,03733248
-0,01797527
0,06018823
0,04041475
0,03715771
-0,03603261
-0,02308603
0,01094254
0,009086834
0,02144908
0,03186497
0,02909029
-0,01350976
-0,0006735743
-0,007247939
0,03539468
0,04258744
0,02233764
0,05420737
0,02537368
-0,08068413
-0,04844349
0,06339274
0,01641993
-0,04759806
-0,06299831
-0,01570994
0,0509128
0,06861133
0,03895848
-0,02594741
0,01560949
0,04288229
0,02582232
0,0346777
-0,01642054
0,03508093
0,03168661
0,03919061
0,08190595
0,07594184
0,05790238
0,03162344
0,06712568
0,02446294
0,01888029
0,01506641
0,05910905
0,04887197
0,04937178
-0,06782212
-0,06566673
0,05481711
0,04888042
0,01231988
-0,03097038
-0,03208984
0,004676349
0,06548567
0,03071952
0,009151128
0,03033325
0,05979581
0,04231581
0,009938042
-0,02630091
0,01024933
0,01649882
-0,009480665
-0,02195133
0,05425908
0,06436794
-0,0005936105
0,0170051
0,0558449
0,02086214
0,04767472
-0,01585383
-0,01636599
0,005479263
-0,04326673
-0,02590881
0,001501293
0,07888198
0,0311479
-0,02429139
0,02249239
0,07981676
0,1148092
0,06904172
0,01434417
0,002875548
0,03719902
0,009377189
0,002912968
-0,0223115
0,01782038
0,03481274
-0,05241824
-0,005508817
0,02447932
0,008987688
-0,008017105
-0,0001111993
0,03458345
0,07852783
0,0233656
0,04728352
0,04076064
0,005098883
-0,04257949
-0,03569936
0,006897294
0,08702534
0,05371927
0,02265452
0,03472961
0,0174013
0,07952182
0,08466986
0,03312785
-0,001168319
0,02266745
0,0543296
0,04106849
-0,01856458
0,009906298
-0,001031858
-0,06259138
0,003359586
0,04726445
0,03478888
0,02235826
-0,0118542
0,03040796
0,02242554
-0,016592
0,01969049
0,02983314
-0,002935554
-0,01624779
-0,01314308
0,02876079
0,05615442
0,03350444
0,02206503
0,04277263
0,04399543
0,07391474
0,007454724
0,004936786
-0,00509652
-0,02385861
0,02074322
0,01132828
-0,006922364
-0,02487524
-0,001291016
0,0009606921
0,01291395
0,02358887
0,006607976
-0,01145267
0,005880055
0,06075032
0,02880255
-0,03409896
-0,0004120765
0,01726904
0,02596563
0,04146025
-0,03268636
-0,02388329
0,01571793
0,01081703
-0,01850449
0,007962453
0,04686201
0,09120962
0,05552698
-0,005838554
-0,0391887
-0,04353292
-0,01649872
0,02184397
-0,00579665
0,01946657
-0,0008053242
-0,0005938563
-0,01517955
-0,04635827
0,02386161
0,03196316
0,01994995
0,02576413
0,00110233
-0,01495248
0,007356397
0,05335676
0,05162886
0,03052643
-0,02315775
-0,03142762
-0,01237503
0,03507123
0,01261735
0,05669254
0,07387693
0,07323416
0,02688292
-0,03210498
-0,02451147
-0,01364441
-0,01768676
-0,03523207
-0,030782
0,02365057
0,02451721
0,02793852
0,03548573
0,0082702
0,03812187
0,09622239
0,06564458
0,004612039
0,01821665
-0,01820134
0,05739918
0,09773223
0,03328875
0,01025898
0,04336007
0,007298468
0,02089464
0,0482393
0,02013371
0,06197053
0,06295894
0,1510051
1,01297
