0,2494621
0,06336621
-0,1828651
-0,170574
0,304206
0,4088503
0,1101655
-0,09315667
-0,02399853
0,007663145
0,09844033
-0,04285531
-0,05293281
-0,07548545
-0,03173834
0,09546384
0,06022715
0,3278099
0,0328599
-0,1153238
-0,01641083
0,2931755
0,3845727
0,3248491
0,6762652
0,5700282
0,104728
-0,1679029
-0,4055522
0,1074454
0,1277568
0,07367324
-0,0450561
0,1913618
0,1862382
-0,02780632
0,07573258
-0,03191546
-0,09859933
-0,114474
-0,01980799
-0,1211714
-0,1268971
-0,1158604
0,3351846
0,3255154
0,4037537
0,5011995
0,5241729
0,3282953
0,3891462
0,4450992
0,4650489
0,6990629
0,2375895
-0,2869518
-0,4452009
-0,2756941
-0,1732769
-0,004490128
-0,100843
-0,2299819
-0,3266441
-0,4046138
-0,734013
-0,7350873
-0,7153254
-0,5802416
-0,4429048
-0,3374472
-0,04272817
-0,01481831
-0,2696792
-0,4377612
-0,08860197
0,006765721
0,02427386
0,04428454
-0,1347674
-0,5348114
-0,6707112
-0,8410377
-0,603505
-0,7144744
-0,4436435
-0,6706153
-0,7777964
-0,3887219
-0,4521407
-0,0977878
0,00903177
-0,1676183
-0,5664874
-0,4949176
-0,4270155
-0,09285863
0,08727548
-0,03480014
0,0269384
-0,09531
0,1332835
0,2467283
0,1364779
-0,1942579
-0,2149087
-0,2874037
-0,4893771
-0,4189602
-0,5171487
-0,7035177
-0,6114753
-0,2572522
-0,2142395
-0,498662
-0,4925468
-0,5275025
-0,7036335
-0,330794
-0,1623928
0,1851716
-0,1259457
0,132151
0,1547547
0,5482203
0,3433935
0,4439641
0,1589642
-0,04601032
-0,1534232
-0,04588223
0,1184212
-0,2548531
-0,3581377
-0,5122346
-0,4135479
-0,4222762
-0,5804565
-0,5720338
-0,6071098
-0,2488376
0,04950142
0,1364038
-0,1959205
-0,1962539
-0,02372899
0,04290225
-0,1494038
0,32507
0,2932218
0,3895561
-0,24628
0,1428903
0,4965637
0,2687555
0,4976377
0,3074405
0,1738414
-0,324789
-0,4674209
-0,2633616
-0,288242
-0,2438519
-0,07304701
0,02267732
-0,05979048
0,09661526
-0,2439026
-0,4298232
-0,02704142
0,3805784
0,2064131
0,2334896
0,4709975
0,2943631
0,6327745
0,4874548
0,5225327
0,6279391
0,2965001
0,5428033
-0,008386943
0,01167583
0,101226
0,1263732
0,1570734
-0,1417495
-0,1623223
0,2213161
-0,115809
-0,07492805
-0,08651213
0,09596463
0,1207242
0,1010619
0,06047199
0,2127169
0,01393635
0,199881
0,3383642
0,2384741
0,2811908
0,581845
0,7732418
0,8283281
0,8587639
0,5800338
0,8143423
0,5525991
0,1699504
0,4345653
0,1718584
-0,1783013
0,07891906
0,3282731
0,1991169
0,3115718
0,06289116
0,1211637
-0,1063745
-0,03973927
-0,02590746
0,03974908
-0,181629
-0,04410222
0,008448592
0,228926
0,1953937
0,2374284
0,3222424
0,8859125
0,4131328
0,2767336
0,009975615
0,2342437
0,3765752
-0,1535807
-0,04841619
-0,138057
-0,201402
0,03712439
0,1882145
-0,1259219
-0,09786098
-0,004185225
0,2072523
0,1235188
-0,3161932
-0,0689968
-0,4195157
-0,4420765
-0,2900358
0,1231294
-0,1480184
0,07724849
0,1249178
0,3124208
0,2569238
0,1839439
-0,04462007
0,1159927
-0,3869546
-0,3704282
-0,2847879
-0,147026
-0,3645533
-0,4497457
-0,5273321
-0,3457744
-0,1798228
-0,005929104
0,07891018
0,07647954
-0,08284646
-0,145157
-0,1253542
0,4063173
0,1784558
0,1637335
-0,019163
-0,2526187
0,06071378
-0,04811876
-0,1271256
-0,02797407
-0,2989789
-0,002987164
0,06371334
0,08192001
0,1282576
0,09271353
-0,06036611
-0,2001143
-0,1617902
-0,1594167
0,05559836
0,05854064
0,07599006
-0,08184644
0,04880629
-0,00079261
0,05193362
0,02337174
-0,09930381
-0,01026135
-0,03859255
0,1973487
0,2133295
0,2979091
0,2362878
0,235424
0,3302111
0,415804
0,1397035
-0,1524849
-0,3274648
-0,08592946
0,06428321
0,02468315
0,2496961
0,2300608
0,06605826
0,004553759
0,1448744
0,1350394
0,09426611
0,2074485
0,1406467
0,004329564
0,1517573
0,4039191
-0,06348753
-0,07359385
0,0418644
0,2101765
0,1401727
-0,1028591
-0,04016381
0,05857263
-0,07684994
0,05192335
0,1235854
0,2530173
0,1179644
0,0165586
-0,2347607
-0,2152656
0,08457296
0,04745455
0,1085247
0,2841002
0,3307831
0,2044434
-0,1858753
0,1727493
0,1428679
0,1452327
0,1212147
0,3002848
0,2759207
0,4335246
0,2387042
-0,0008459985
-0,2525333
-0,05989442
0,2491331
0,3191954
0,2270038
0,2092655
0,113459
0,4294109
0,4027154
0,132558
-0,2149212
0,1241115
-0,1752495
-0,247898
-0,1172465
-0,2071848
-0,2944809
-0,2769699
0,1742378
0,1286763
-0,1475183
-0,0937628
-0,04926755
-0,2304105
-0,2277835
0,2362183
0,270567
0,3539387
0,008986106
0,01385942
0,1273943
-0,03691259
-0,01089843
-0,02538059
0,05596611
-0,02286484
-0,1879808
-0,2986252
-0,1370814
0,1145306
0,1283807
-0,2954128
-0,1625943
-0,02437752
0,02106057
-0,02607589
0,003642945
0,03279203
0,2005239
0,02200467
-0,05174301
0,03090543
0,2188959
-0,1339304
-0,125807
-0,04321092
0,1128278
0,3844849
0,1071908
-0,1142507
-0,1227769
-0,001505921
-0,1571778
-0,09223142
-0,09121569
0,009861019
-0,1973613
-0,2216848
0,07123198
0,1633144
0,1602611
0,145089
0,1351701
0,1405073
0,03089836
0,2325035
-0,09762017
-0,05869274
0,1247528
0,1354
-0,1280078
-0,0250708
0,3235843
0,2100527
0,006626785
-0,1044528
-0,09714392
0,262013
0,2891401
0,1648908
0,03352537
0,2353131
0,0698961
0,0349651
-0,2730662
0,2039455
-0,0103538
0,01195697
0,179957
0,007620633
0,2034258
0,0629719
-0,06500633
0,1446534
-0,0146012
-0,06405839
-0,01875082
-0,2660379
0,1007716
-0,04546075
-0,1941547
0,06588349
0,1665344
0,2383425
-0,2233043
-0,2375948
-0,1004056
0,2084574
0,2110401
0,228168
0,0693593
0,116475
0,003928691
0,1193681
0,1904062
0,368727
0,247305
0,179645
0,5427293
0,2829802
-0,1574456
-0,1805042
-0,1972236
-0,1389413
0,1091874
0,6632367
0,596359
0,2439182
0,100432
-0,305082
-0,2302137
0,007769535
0,3649238
0,08107306
-0,2915653
-0,1665368
-0,09353332
0,104989
0,06117436
0,03491268
0,05406523
-0,04939672
0,01166587
0,2094681
0,1762725
0,01100041
0,04207161
0,06992109
0,1139945
0,04890388
-0,2079491
0,1827412
-0,2755419
0,05846589
0,2729265
0,1056131
-0,2162014
-0,1191528
0,09743497
-0,0746936
-0,1664654
-0,1373145
0,03105633
0,09936684
-0,1012326
0,08719132
0,04973061
0,146823
0,1683994
0,05057596
-0,09716336
0,01421772
0,2139324
0,4209249
0,2224471
0,05206681
0,2980277
0,1637737
0,003573674
-0,2528895
0,2922972
0,1555598
-0,3325704
0,05365385
0,075338
-0,307673
-0,02614146
-0,1386484
0,04587529
-0,08969827
-0,2373816
-0,09423541
-0,0241833
-0,08921829
-0,06652259
-0,1115278
-0,02997038
0,1362974
-0,08451331
-0,3416131
0,1475117
0,3849807
0,09158972
-0,04323811
-0,1587407
-0,06204409
-0,07412435
0,2121806
0,1643112
0,02830173
0,3267286
0,2504039
-0,1018695
-0,09915147
-0,02754543
0,002013983
0,1665804
-0,2301193
0,1415501
0,05709588
-0,4312164
-0,1889601
-0,01654388
-0,1315612
-0,06442465
0,09242237
0,2514395
0,4768033
0,7109947
