0,05197651
-0,07581899
0,0107546
-0,1500313
0,1729808
0,1715892
-0,01630669
-0,08359458
-0,05875191
-0,1575002
0,07692529
-0,1250513
0,1051432
0,3571099
0,3081782
0,2532377
0,2177475
0,1536401
0,08727986
0,2000405
0,09003773
0,02356553
-0,03082252
0,1383156
0,2826463
-0,05332652
-0,02373853
0,07180529
0,08935313
0,06005294
0,08125903
-0,07255576
-0,1008027
-0,1479756
0,1143639
0,01100798
0,1416764
0,06136373
-0,02475831
-0,124011
0,1472785
0,006559697
0,04197067
-0,02175312
-0,04735272
0,006460096
-0,03083053
0,1094593
0,1097791
0,01427946
0,01792074
0,08583609
0,1749903
0,1428129
0,2439148
0,0680554
-0,1040429
0,1426728
0,1653224
0,05821904
-0,01486048
-0,1280929
-0,2587646
-0,1135109
-0,04513844
0,0353534
-0,1122227
-0,2466535
-0,2320666
-0,2077502
0,09178673
-0,0002037357
-0,06503484
0,01239394
0,07494499
0,1396744
-0,005481265
0,06621363
-0,01787355
-0,2650203
-0,009963789
0,1733714
0,01841856
-0,1645606
0,1711497
0,1912776
-0,1098082
0,04807558
0,06388455
-0,07042387
-0,01005661
-0,1157703
-0,007698529
0,0127545
-0,1177473
-0,09032264
-0,2174733
-0,2548668
-0,008697557
-0,1110406
-0,1389684
-0,126067
-0,04269249
0,0006981068
0,1327501
-0,1398687
-0,2456723
-0,4792303
-0,187658
-0,04041341
-0,1142052
-0,04757005
-0,03736407
-0,3097163
-0,0719316
-0,1609419
-0,07621593
0,06680073
-0,2096895
-0,08923215
0,02117759
-0,1981356
-0,01068318
-0,2216443
-0,2777405
-0,3345766
-0,2541281
-0,08612702
-0,08893873
0,01942707
0,03216742
0,0670023
0,1231084
-0,04772841
-0,08842304
-0,2857752
-0,1114721
-0,05894826
0,1343932
0,2482284
0,04728388
-0,1252499
-0,07566383
-0,1764221
-0,1002638
-0,01525325
0,1059991
0,3559687
-0,06872793
-0,0442843
0,1706378
0,02591433
-0,05386071
-0,1590189
-0,3103161
-0,2194581
0,2029568
0,01204179
-0,008680759
0,0717582
0,05173859
0,06738783
0,104382
-0,01356974
-0,07837146
-0,1376596
0,18921
0,4315549
0,2414635
0,07541081
-0,1042061
-0,1185591
-0,08709025
0,03244567
-0,04775191
-0,07456093
0,07898562
0,2552799
0,02659145
-0,06063183
0,01441656
0,001686884
-0,2155807
-0,06725524
-0,1599766
-0,1217373
0,04785454
0,1701234
0,2281645
0,02785891
0,07849896
-0,03374283
0,03338278
0,1836798
0,1188616
0,2282382
0,4405032
0,6068704
0,2848848
0,1788671
0,01631021
-0,02164644
-0,02943147
0,0679147
-0,03034986
-0,02460036
-0,04240209
0,03153245
-0,04394334
-0,0506689
0,1444399
0,168442
0,01947668
-0,04587812
-0,02134947
-0,1732522
-0,08388525
0,002507236
0,03888556
0,08477228
-0,008976622
-0,2404577
-0,2522416
-0,1808004
0,04598865
0,1260903
0,07356418
-0,0702089
0,02342752
-0,1063989
-0,2546614
-0,05209962
-0,038194
0,02290957
0,2070721
0,07831333
-0,113636
0,07259713
0,109943
0,03631355
0,1895105
0,275785
0,08162812
0,1532153
0,1454504
-0,1769883
0,008726378
0,1867106
-0,05714155
-0,1670506
-0,2160126
-0,3017372
-0,4711191
-0,3280056
-0,2432495
-0,2336661
-0,1702942
-0,1045602
-0,2329119
0,1203322
0,09262058
0,06010868
0,1225736
0,1380454
0,1840396
0,2118752
0,01848036
0,2095883
0,3070388
0,05858441
0,1244533
0,108293
0,1034299
0,1599294
0,004749876
-0,1689723
0,07807979
0,06939822
-0,1324001
0,04319838
-0,003983434
-0,08874944
-0,06559727
0,08089861
0,1154192
-0,06119755
-0,198194
-0,1603288
-0,1130123
0,1150479
0,2114281
0,1038669
0,1220245
0,1612266
0,01936078
0,04140024
0,1220031
0,1314
0,2076271
0,03663928
0,0435461
0,1635417
0,1469752
0,003289544
-0,03954966
-0,1261471
0,153164
0,01324104
0,06470866
0,06454945
0,02045483
0,009822911
0,08505939
0,2909559
0,2668489
0,2383346
0,1898164
0,3710341
0,1587142
0,003755371
0,146497
0,06297417
0,1400218
0,02929585
-0,164307
0,08707452
0,004537648
0,1117892
0,2264271
-0,002841638
-0,050758
-0,005265691
0,07845039
0,2929552
0,1331808
-0,006198149
-0,01709208
-0,05689562
-0,08620289
0,08569639
0,2830884
0,5080182
0,320537
0,435063
0,4667518
0,3577394
0,2734537
0,2412501
0,07997534
-0,08686399
-0,2943127
-0,2459715
-0,2260352
-0,1207477
-0,1381648
0,126861
-0,04997467
0,177933
0,07691745
0,05830511
0,02274789
0,01100161
0,06010187
0,08847673
0,1576461
0,07969305
0,04913551
0,006303488
0,2486733
0,1180647
0,1763052
0,2012602
0,04586513
0,163668
0,05968593
-0,07015161
-0,03014312
-0,02574624
-0,1096683
-0,07813673
-0,1635434
-0,2480537
-0,142493
-0,02266
-0,1139526
0,02523618
-0,1804982
-0,08683464
-0,1819904
-0,03144797
0,03670561
-0,103723
-0,09490147
0,1860767
-0,01987993
0,001064355
0,003696515
-0,04675418
-0,3024263
-0,1269775
-0,1377771
-0,2051998
-0,2870498
-0,2457271
-0,3237866
-0,3832622
-0,2156298
-0,2625738
-0,2200832
-0,1541658
-0,120196
0,03417268
-0,0118912
0,0588805
0,03579408
0,1286705
-0,1277071
-0,2198364
0,1057937
0,14613
0,03874237
-0,05723546
-0,1068375
0,08982701
0,009546541
-0,07247198
-0,06915964
0,04785538
-0,1152591
-0,07734344
-0,1078717
0,01346909
-0,05353963
-0,4087404
-0,1991656
-0,2317171
-0,05458667
-0,1156078
-0,04777733
-0,1017004
0,2006116
0,2395324
0,0488397
0,1148361
0,0003899068
0,02950916
-0,1105085
-0,2541997
0,08913691
0,07919506
0,05191302
-0,14308
-0,2297961
-0,06769961
0,006965854
-0,1216098
0,09073967
0,07197172
0,1977151
0,128772
0,04881434
-0,007025749
-0,09700954
-0,2079832
0,0969725
0,1173845
0,2037889
0,3233044
0,3994796
0,1996033
0,1988489
0,131111
0,08659411
0,2759946
0,008475615
0,1988986
0,1883686
0,08530945
0,2442708
0,06689642
0,2071653
-0,04003192
0,0119466
0,1071275
0,04927591
0,04479453
0,2508952
0,06081652
0,1017675
0,1787209
0,1519506
0,2812594
0,3246196
0,1402529
0,2393759
0,3092394
0,5022377
0,4397684
0,3543607
0,04405294
0,1306539
-0,1886438
-0,1078587
0,01410419
-0,0590952
0,07689219
0,1653301
0,09005299
0,06601056
0,1621515
0,0717761
0,01457157
-0,01612908
-0,04875856
0,01622765
0,1322898
0,2087134
0,07071973
-0,00444022
0,03859545
-0,104897
-0,04850978
0,1640967
0,1214725
0,1136952
0,2474844
0,28133
0,1346806
-0,07957043
-0,2708174
-0,2362674
-0,187147
-0,1753854
-0,006029671
-0,04173064
0,04819134
0,1161205
0,03610707
0,1719301
0,2385239
0,04077639
-0,148838
0,08954577
0,103932
0,09412879
0,03839047
0,01181825
0,1092736
-0,03718179
0,08697208
0,05720687
0,205476
0,2148133
0,2281806
0,2066002
0,2145929
0,1116524
-0,09749107
-0,08034119
-0,01650286
0,005612758
-0,2629052
-0,1463934
-0,005464464
-0,1331306
-0,07708163
0,1278612
-0,05247956
0,180515
0,2078501
-0,09957101
-0,182756
-0,07390621
0,01761637
0,121597
-0,008816997
-0,03876383
-0,07843853
-0,1840871
-0,2666027
-0,3920314
-0,3210623
-0,3034748
-0,3012484
-0,2705865
-0,2704543
-0,2621599
-0,3657751
-0,3269637
-0,1153993
-0,09865252
-0,08274929
0,08235803
0,001482035
-0,01268149
-0,04805524
-0,0510316
-0,2278559
0,07560797
0,08819502
0,9745844
