0,0333923
0,02507507
0,02162877
-0,006764818
0,03874699
0,04467731
0,01854028
0,01197043
0,0004609543
0,008502581
0,005248024
-0,002188843
-0,01922801
-0,003845895
-0,02394718
-0,02336699
-0,02054759
-0,03610865
-0,01314752
-0,008490853
-0,006980396
-0,02224427
-0,001241889
0,0179705
0,02641658
0,03712446
0,03588975
0,02844392
0,03088051
0,01925941
0,03829413
0,03556778
0,01695264
0,01349277
0,006625083
0,01554624
0,02022046
0,00528504
0,006711238
0,02273038
0,01738412
0,02372285
0,02150776
0,004424979
0,005006053
-0,0007112357
0,002480897
-0,01438705
0,001302219
0,004049746
0,01404836
0,009595193
0,04103908
0,0119794
0,01808984
0,02168891
0,0196538
-0,008926967
0,04489745
0,0192839
0,01893454
0,01753153
0,03619753
0,01829595
-0,007768314
0,001211727
0,002359021
-0,01585242
-0,0001842284
-0,002063569
0,01255426
0,006832054
0,0002752749
-0,009406827
-0,01193168
0,006272236
-0,009542875
-0,007634604
0,01088172
0,01396159
0,02675717
0,04312478
0,02143697
0,008769182
-0,004165653
-0,02190084
-0,01572074
-0,01064197
0,0436733
0,02215112
0,0108514
-0,02488354
0,02760133
0,02722294
-0,00397392
0,001397797
0,01004096
0,009699725
0,01364235
0,001428506
0,02008129
0,02556209
0,00247073
0,01433486
-0,0010246
-0,01739544
0,002854305
0,02226369
0,01837517
0,02266077
-0,007058265
0,02504012
-0,002192148
0,005308956
0,02211294
0,05018917
0,04407189
0,03159703
0,02071533
0,02135792
0,02260211
-0,022939
0,01509774
0,01642385
0,03537343
0,02543783
0,004512596
0,01007366
-0,0021705
-0,006977801
-0,01297509
-0,01365779
0,005233196
-0,01302629
0,008723748
-0,007976517
0,01016045
0,01925953
0,02495916
-0,007189872
0,0007641367
0,01652755
-0,003550274
0,01624635
0,025505
0,03627044
0,01329381
0,01345665
0,02883575
0,02315613
0,01354173
-0,007653309
0,007376885
0,004952766
0,02750021
0,01487274
-0,005481756
-0,007371361
-0,006845164
0,01423456
0,01200832
0,005020167
0,04754634
0,01894786
0,0160547
0,03120099
0,01472627
0,006656105
-0,002344966
-0,01939085
-0,009328917
-0,0005865015
0,009700813
0,04510292
0,01335738
0,03138737
0,02620236
0,02380766
0,002031671
0,01023089
-0,0236334
0,007693974
0,01161548
-0,01436601
0,01252247
0,01796135
0,01094529
0,02875865
0,004624491
0,01438346
0,01590482
0,006648724
0,009579717
0,006918952
0,02989433
0,04330112
0,01084956
-0,009985555
0,002647669
0,0008562509
0,006361296
0,00320389
0,008962283
0,03260579
0,02518052
0,02683603
0,001232038
0,0003172302
-0,0154589
0,004073367
-0,003853928
0,0006069746
0,007497496
0,02388705
0,006055855
0,0225842
0,02535912
0,03391164
0,001251985
0,01651541
0,003478947
0,02696368
0,02808429
0,002920229
0,003453336
0,03152883
0,03471902
-0,02486396
-0,02390402
0,008446534
0,008990698
0,01073591
0,05124976
0,04126395
0,03116075
0,01904956
0,004736433
0,01006109
-0,01764624
-0,006768359
-0,01165598
-0,00319796
0,0004754536
-0,001965627
-0,003495729
0,01472445
0,01289825
0,0252125
0,0177293
0,01640446
0,006652958
0,007297037
-0,01469967
-0,008615917
0,01870272
0,02389789
0,02524197
-0,001647277
-0,01717043
-0,007907755
0,01530642
0,02522415
0,0162945
0,0006052317
0,03445704
0,03832549
0,001780265
-0,002948749
-0,01573279
-0,005025412
-0,02427988
-0,01183352
0,003865851
-0,01299858
-0,03046444
0,01790264
0,03682387
-0,0004282066
0,01062893
0,01528717
0,001807803
-0,0009635448
0,02281766
0,02668166
0,008888225
0,003340168
0,01642883
-0,01394193
-0,007735279
0,02257314
0,009132872
0,02695411
-0,004069713
-0,004670602
0,003448563
0,01525798
0,01513565
0,003757923
0,002565793
0,002380661
0,009449498
0,0174752
-0,01060091
0,008878453
0,005960726
0,008897821
0,004961115
-0,006181391
0,01668917
0,03677118
0,00306475
-0,02274865
0,01161859
0,019454
-0,0002427072
-0,01247934
0,01220758
0,0009683151
0,02320593
0,008655122
-0,001426245
0,02968912
0,01899932
0,02316804
5,25446E-06
0,01485973
0,03351415
0,01842514
0,01165575
0,0006457588
0,002031304
0,01001419
-0,007660793
0,009579192
0,01275416
0,01863631
0,03612288
0,01585381
0,01312397
0,02887036
0,02610406
0,01009938
0,002582816
0,03327011
0,0041724
-0,00592423
0,01700668
-0,0108851
0,001276793
-0,02323422
-0,003084999
0,0285606
0,03018312
0,02165987
0,006698559
0,009670631
0,007376036
0,001838339
0,02011443
0,004473197
-0,02664859
0,005317366
0,01584808
0,0323142
0,008605056
0,03104209
0,03306149
0,01295365
0,01490087
0,01781382
0,01888468
0,02445681
0,007050731
0,02352508
0,007105236
0,02528382
0,02225874
-0,02097005
0,01851153
-0,002858571
0,005653426
0,01041235
0,01445645
0,009373837
0,02041147
0,01340919
0,02323477
0,01818065
-0,004062389
-0,01359732
0,01616324
0,03263374
-0,005927445
0,01881099
0,01634465
0,02172741
0,03624314
0,02611719
-0,01074176
0,003156932
0,009821074
0,01670025
0,01704065
0,0114188
0,01995861
0,03168521
0,04133891
0,00618748
0,03283898
0,02652538
0,01576445
0,006063914
0,007612082
0,008495972
0,002858549
0,01420063
0,002578498
-0,0004970401
-0,00877882
-0,0110519
0,01051492
0,01103884
0,01417807
0,01078714
0,02888153
0,02057061
0,01607159
-0,008747709
-1,078208E-05
0,006593564
0,009006322
0,006403201
0,0002484991
0,0153798
0,01897456
-0,001667267
0,0138138
6,636752E-05
0,02027055
0,0187782
0,01495249
0,01358567
0,007830644
0,01003189
0,01411667
-0,007570666
-0,01026819
-0,005050914
0,0160089
0,02122942
0,01886859
0,006039082
0,01223618
0,02277833
0,004554629
0,02399128
0,02506131
0,002071055
0,0224867
0,01047514
0,000979048
0,01118835
0,02367621
0,01130792
0,01373551
0,02574324
0,03566665
0,02028927
0,008718669
0,01137845
0,0125799
0,02651617
0,003882914
0,004689639
0,0007869379
0,01164563
0,009927426
0,0004279996
0,02314579
0,02485402
0,0002426537
0,003331541
0,005856788
0,001446212
-0,003181992
0,0199495
0,01643033
-0,002818546
-0,0003030112
-0,005991889
-0,001307136
0,003643192
0,02143715
0,01203718
0,002219791
0,01235865
0,01928729
-0,003546909
0,009459685
0,01580638
0,004906942
0,01311347
0,0128634
0,01715582
0,01132514
-0,004814856
0,01400255
0,01797335
0,01743532
-0,001644408
0,01946353
-0,003844246
0,00976242
0,008431889
-0,0008566607
0,02276511
0,005465758
-0,0008598727
0,01514639
0,01543212
0,005063226
0,001367956
-0,004197947
-0,0118294
-0,01510374
-0,00389147
0,0001891102
0,01198559
-0,009750267
-0,01450981
0,004696844
0,03382979
0,02987435
0,01731776
0,01076184
0,002843803
0,0172835
0,008841953
0,01398257
0,005209982
0,01408536
0,0008788535
-0,01406459
-0,008463149
-0,01592494
0,01181291
-0,02361497
-0,002277828
-0,007745157
-0,03735551
0,005617958
0,02693906
-0,01525554
-0,01662517
-0,003111715
0,01858339
0,01208529
-0,01389751
-0,002858629
0,003967576
-0,006566267
-0,01796275
-0,002875999
-0,007739009
-0,003771291
-0,01022844
0,008485847
-0,01349315
0,001381811
0,01250353
-0,001689752
0,01088596
0,01827179
0,02515811
0,01343078
0,01487315
-0,01056857
-0,01510184
0,001357121
0,01268627
0,0199782
0,004262689
0,005554609
-0,003501665
-0,01345804
0,01232918
0,02762719
-0,009851404
0,000657282
0,01346058
0,008586138
0,02275212
0,03201814
-0,0004456034
0,003443614
0,01906343
0,0008561549
0,01072825
0,003726385
0,00105685
1,037058
