0,09715118
0,02371317
-0,136593
0,1761732
-0,09549564
0,1776878
-0,03597392
-0,1047046
-0,1345294
-0,1150644
-0,1979314
-0,02859338
0,002032435
0,04356409
-0,02111698
-0,08043906
-0,0646158
-0,09110279
-0,02683758
-0,006973
0,1524878
0,4178128
0,1478499
0,08475823
-0,04577303
-0,07415672
0,1333327
0,3094637
0,03619293
0,03207261
0,257763
-0,07252329
0,02098378
0,08758967
-0,1835634
-0,1814647
-0,2040518
-0,1720862
0,02897104
0,1031157
-0,03879745
-0,09847301
-0,001540767
0,1719944
0,3132684
0,1320975
0,1973576
0,1721073
0,3436049
0,1501078
0,02703227
-0,05070892
0,004597106
-0,03982063
-0,1392288
0,06279741
0,2468596
0,3874293
0,04294329
0,1074819
0,2720192
-0,003953439
0,1089801
0,1772319
-0,007580271
-0,06253652
-0,0005868621
-0,09711237
-0,07144579
0,03610436
0,1769378
0,06333395
0,3558404
0,3292324
0,1747256
0,1697701
0,04298272
-0,07233164
0,2639105
0,09035125
-0,09913912
-0,232859
0,01933972
-0,09595206
-0,215186
-0,2279266
0,08000886
0,1145481
-0,07321767
0,09509446
0,05171325
-0,02478531
0,1845029
0,07688009
0,08421592
0,1396557
0,302263
-0,06213659
0,1230504
0,2729571
0,1886236
0,2729315
0,3309494
0,1486179
0,01061223
0,06878439
0,03571001
0,3249862
0,197546
0,1219225
-0,1129065
-0,0163263
0,1204393
-0,1498633
-0,07751768
0,1126849
0,08432017
-0,07204854
-0,1204439
0,1083998
-0,05208424
-0,04929356
-0,03267815
-0,2562326
-0,2509445
-0,05915121
-0,09226684
-0,1991587
0,07570011
0,06542753
0,06234203
0,1564867
0,06560366
0,1346783
0,0833814
0,02576923
0,1616326
0,166789
0,2807065
0,1208594
-0,06482855
-0,003792738
-0,1168976
-0,1771564
-0,1798681
-0,00508035
0,1035618
-0,02912587
-0,04569472
0,05513106
-0,105315
-0,3734276
-0,3337701
0,008704159
0,05723195
0,3388537
0,2302167
0,08498983
-0,07728681
-0,05441687
-0,1586502
-0,4049757
-0,1355387
0,03461244
0,05092288
0,159609
0,180397
0,2490249
0,09640879
0,255291
0,4061979
0,2503585
-0,293692
-0,1468653
0,1126132
0,2121252
-0,04240821
-0,2817344
-0,05465758
-0,02092825
0,09375252
-0,02133478
-0,2004756
-0,07063679
0,009347047
0,123956
0,1069746
0,06208544
-0,184164
-0,05154531
-0,2043532
-0,1543427
-0,02432048
0,02674488
0,1033239
-0,04780469
-0,2222301
-0,06068899
0,1276295
0,210546
0,1409249
0,00433548
-0,1713603
0,1991353
0,07952287
-0,07640219
-0,1948185
-0,207802
-0,1344094
-0,01921795
-0,1813195
0,0505424
-0,1289834
-0,1914325
-0,06742319
-0,07116523
0,05519835
0,2552283
-0,1611173
-0,3317783
-0,3883804
-0,0609257
-0,1014388
-0,01437265
0,1016414
0,002527634
-0,140615
0,1091407
0,188588
0,0472134
0,1375289
0,00754157
-0,04380685
0,1025887
0,008264919
-0,1589069
-0,1634976
-0,131626
-0,07242213
-0,09784219
-0,07409573
-0,02240059
0,0999942
0,04729201
-0,1651535
-0,2458757
-0,03372099
0,126055
0,2712644
0,07398856
-0,06791186
-0,01793933
0,08452696
0,07599527
0,2342374
0,07780679
-0,1190018
-0,1087492
0,05682865
-0,09345941
0,1796588
-0,05724235
-0,2782901
0,01266618
0,2086769
0,02862221
-0,1135435
-0,001476733
0,02480599
-0,06291998
0,02422361
-0,07795136
0,1615141
0,05985155
-0,1226203
-0,07905377
-0,07189414
-0,1057104
0,05975339
-0,03426165
-0,1728524
0,02410102
0,03051327
0,1286983
-0,008206935
-0,2034001
-0,231712
-0,07391874
0,3470037
0,04427066
-0,1832678
-0,1658308
-0,0379676
0,1973798
0,1717121
0,2127639
0,01310121
-0,06022105
0,08928606
-0,02293357
-0,04065793
-0,1743231
0,2053519
0,10057
0,1080095
0,07439589
0,0492328
0,00835147
0,1234595
-0,01717002
0,07565719
0,000459036
0,1949586
0,2168951
0,02411267
-0,03037503
-0,09420146
-0,09442946
0,03721849
0,00787121
-0,03839594
0,002002002
-0,1912696
0,1526249
-0,0708956
0,08075976
0,185771
-0,1034852
-0,003597078
0,006631047
-0,03955471
-0,143851
0,1231994
-0,1685866
-0,2027559
0,1781324
0,1259002
0,04051656
0,1876536
-0,04945697
-0,04325967
-0,2211011
-0,10195
0,03189619
-0,116318
0,0009589274
0,1007541
0,2947324
0,08347668
-0,03148938
-0,2259157
-0,0372323
-0,006501701
0,1984138
0,111658
-0,002289353
0,06719808
-0,001806697
0,001725846
0,003652523
0,04642896
0,104808
0,06944025
-0,1971351
-0,05701231
0,2619576
0,1447444
0,1131213
0,04998759
-0,157046
-0,1180937
-0,2409853
-0,1116262
0,1542364
0,162549
-0,1025065
-0,2236805
0,1102846
-0,105072
0,02418701
-0,1502038
-0,06177226
-0,1252425
0,09118454
-0,05391417
-0,04135136
0,1324901
0,07044239
-0,04743883
-0,00250902
-0,1031148
-0,05616173
-0,101747
-0,1984953
-0,1942281
0,2921359
0,02468818
-0,04004363
0,1210417
0,2019299
0,01484327
-0,02831604
0,2901434
0,668761
0,3932632
-0,1099056
-0,2058656
0,1937042
0,04019664
0,05467871
-0,178711
-0,03899962
0,09673976
0,05270545
-0,1096981
-0,1506889
0,1373354
0,2374492
0,01983918
-0,06744076
-0,06940974
-0,1632963
-0,03680728
0,04643679
-0,2022783
-0,002335798
-0,06759182
0,1793541
0,02073462
0,1015256
0,0206288
-0,120726
0,4456619
0,5598308
0,1798873
-0,4325693
-0,1112178
0,2862963
0,2218647
0,07350379
-0,1067062
-0,121056
0,1890205
0,09867661
-0,02766371
0,09063286
0,2191311
0,2458963
0,1724149
-0,008237869
0,16621
-0,009956296
-0,1065933
0,05018818
-0,1587251
0,0344041
-0,1217425
0,2306742
0,09853496
0,05062279
0,03892471
-0,05618292
0,2798206
0,2831641
0,1911428
-0,186242
-0,2039692
0,3468672
0,2737227
-0,01513167
-0,03837099
0,1169464
0,2241743
0,1988984
-0,1196097
-0,1524036
-0,07196869
0,07106475
0,1495301
-0,07780807
0,1542855
0,05371742
-0,1114746
0,09936324
0,01464962
-0,08951601
-0,07933659
0,1736021
0,2092169
-0,04981301
-0,1510663
-0,1593704
0,1689956
0,115731
-0,1497837
-0,5557261
-0,250568
0,009463497
0,05119667
0,04255869
-0,05902779
0,07306003
0,1189485
0,008193506
-0,2193147
-0,1388627
0,01749132
0,05061001
0,1107839
-0,08340308
0,01287435
-0,02896471
-0,03873566
0,1637545
0,06720509
-0,1181582
-0,3452151
-0,08154213
-0,0523934
-0,1720705
-0,05643051
-0,1054153
0,09078246
0,2050231
-0,07301477
-0,3142524
-0,03149558
0,04723619
-0,03428529
-0,1599103
-0,08626112
0,2497302
0,1201181
0,008737062
-0,2956079
-0,1142345
-0,03709682
-0,09329028
0,08963884
0,1074555
0,143612
0,163733
0,04674638
0,158113
0,1253101
0,03575605
0,1087383
0,2373477
0,003199699
-0,05060041
-0,2467277
-0,1147052
0,07238275
0,1630671
0,01002643
-0,05329815
0,1339015
0,09317148
-0,0006525372
0,04530666
0,1160632
0,2806606
0,3841203
-0,1056373
0,0310059
-0,08714164
-0,1207601
-0,1952825
0,06759209
0,1061077
0,08179598
0,02378327
-0,0312468
0,106268
-0,02482686
-0,1940641
-0,2445561
-0,03500531
-0,1858745
-0,1010821
-0,5013143
-0,4700737
-0,1549259
-0,1198125
-0,2792864
-0,2793036
-0,0297824
0,06080588
-0,004602187
0,01454813
-0,01192853
0,08888106
-0,02274746
-0,4149692
-0,1392208
-0,224798
0,06210978
-0,05852885
0,006209499
-0,0007084063
0,9847432
