0,0546063
0,05528248
-0,03091721
-0,0004687471
0,0300001
-0,01605213
-0,06833614
-0,09763542
-0,04173277
-0,03915717
-0,1031769
-0,1391807
-0,08851534
-0,09303913
-0,08659524
-0,0700545
0,00503653
-0,0977269
-0,002674398
0,02323779
0,1328104
0,1742311
0,2198828
0,1257876
0,1789791
0,07570474
-0,0009922908
-0,1219661
-0,2143697
-0,04401454
0,01372493
0,05299046
-0,01528117
-0,07220832
-0,08875222
-0,09102248
-0,1070581
-0,04454131
-0,1095014
-0,02421144
-0,03870943
-0,07651307
0,01962199
0,05703834
0,002735857
-0,0756369
-0,02473646
-0,02083303
0,01329761
0,04468755
0,05446752
0,09273513
0,1570804
0,1132107
0,09761704
0,1024378
0,07292695
0,0148857
-0,03768096
-0,0297233
-0,005861098
0,08518018
0,05657805
-0,04078211
-0,06618814
-0,06359022
-0,09448098
-0,05758744
-0,06598274
0,0189801
0,04119635
-0,0461353
0,02665774
0,05407231
0,007821741
0,01140221
-0,0162072
0,001301144
0,1209183
0,009899891
-0,01668717
-0,05190618
-0,09365302
-0,1415737
-0,03580485
0,01074763
0,1043432
-0,007991688
0,02689641
0,05960741
0,04268025
0,08233412
0,1145201
-0,001524346
-0,09643
-0,00920571
0,01736018
0,04648023
0,0328221
0,003384931
0,1409919
0,1455975
0,02177356
0,07891816
0,03050775
0,1094363
0,1525474
0,1341083
0,05006791
0,1136641
0,03678273
-0,08831595
-0,1635561
-0,111652
-0,142694
-0,1107075
-0,009859554
-0,08906461
0,02806181
0,1321227
-0,003704445
-0,01691337
-0,003933408
-0,03466449
0,001081002
0,02504463
-0,01275712
0,01791447
0,01334317
-0,03364037
0,04172457
0,0843064
0,08999968
0,09360374
0,09152156
0,05105407
0,006003114
-0,001715994
0,0054494
-0,05355532
0,006970689
0,00646733
-0,1053903
-0,1505566
-0,07499451
-0,04268993
1,17153E-05
-0,02368872
0,1317522
0,1400456
0,05082027
-0,06947894
0,06650131
0,06601749
0,07497534
0,06169502
0,051613
0,06852098
0,05602128
0,1056857
0,1293857
0,1197589
0,04030966
0,03680317
0,08022474
0,06781299
-0,01682571
-0,08003858
-0,04119649
-0,0005691539
-0,01532223
-0,002309092
-0,04479871
-0,06320947
0,01456731
0,02031235
0,05393752
0,04286481
0,1311344
0,1146474
-0,01275642
-0,1432594
0,01085756
0,02506284
0,03945272
0,01712077
0,06281139
0,06289676
-0,04689288
-0,03179983
0,05856359
0,1357902
0,04794244
0,008236455
0,04887298
-0,02389673
-0,06935354
-0,1041173
-0,07815808
-0,07819688
0,1010228
0,03270803
0,1126928
0,03169161
0,08622517
0,08400176
0,08999646
0,02105246
0,1158208
0,06759857
-0,07323112
-0,1064477
0,05604583
0,04558871
0,06146731
-0,07936808
-0,07703782
-0,03845564
-0,04622655
0,02262509
0,04962401
0,05434272
-0,01387355
-0,004073985
0,05008229
0,03657512
-0,07663734
-0,1111542
0,07659142
-0,0195313
-0,0865858
-0,1260971
-0,03176724
0,007552021
0,1539205
0,0004313469
0,05738468
0,1335852
0,08767673
0,06922681
0,00953417
0,008568008
0,137039
0,1043537
0,03544975
-0,05616212
-0,07403399
-0,02038513
0,02383606
0,01432191
0,02744775
0,03750408
0,009603376
0,07260627
0,1321504
0,2061078
0,09326257
-0,07662896
-0,0500767
-0,08755849
-0,09675833
-0,1363019
-0,02009374
0,03837544
0,09992436
-0,005699331
-0,03028087
0,04334739
0,0320975
0,03292865
0,02395329
-0,02799093
0,04936247
0,1214915
-0,02168122
-0,06910006
-0,008019966
-0,003087627
-0,006675104
-0,07682249
-0,01389032
-0,03890183
0,05386896
-0,00492925
0,05615187
0,0172378
0,02137138
-0,01546719
0,02727949
0,02171558
-0,04884863
-0,1048927
-0,1310755
0,1166928
0,1151975
0,01652192
-0,02197389
0,04637764
0,03165369
0,00782539
-0,0269701
-0,006352874
0,06283241
0,1497835
0,04578723
0,009176129
-0,0005797641
-0,00989409
-0,1291026
-0,08153503
-0,07291737
-0,1470525
-0,0872585
-0,1085545
0,003651181
0,04256237
0,03909767
0,1295668
0,1321782
0,122814
0,09019353
-0,03616259
-0,07932854
0,1220178
0,08502943
0,05653176
-0,03526272
-0,0369908
0,01322325
0,01943792
0,008298066
-0,02608265
0,04404317
0,05485813
0,09822143
0,05873638
0,03684317
0,08113505
0,01496727
-0,03371505
-0,114241
-0,06778292
-0,01619303
0,004374442
0,03764996
-0,00762096
0,02573913
0,05376294
0,09841988
0,1471649
0,06312686
-0,09572434
-0,0817147
0,1989533
0,1563128
0,08591259
-0,06305423
-0,03697696
0,01373295
0,008316454
0,02516891
-0,02403154
0,04073069
0,06051689
0,06690855
0,0816989
0,05880706
-0,006764815
-0,006649176
0,05169141
0,02647997
0,01122647
0,002355263
0,01680813
-0,0007822129
-0,1183508
0,0531983
0,05403084
0,09348928
0,1602605
0,01763108
-0,01482872
0,0190485
0,08646043
0,09376571
0,02738008
-0,02866357
-0,01162972
0,0004081158
-0,02002217
-0,01331804
-0,002454662
0,02378682
0,06433227
0,0506505
0,08291269
0,07230051
0,04438624
0,1017067
0,02987107
0,03695447
0,0646926
0,05680735
0,0841049
0,03070793
-0,004744999
-0,06201636
-0,04037781
0,2159038
0,09595143
0,001758955
-0,1229945
0,01570713
0,148275
0,08056416
0,02745624
-0,06278238
-0,04818869
0,006623718
0,05581082
0,06451086
-0,0614751
0,0487636
0,08672889
0,1185279
0,09615479
0,09032024
0,02687271
0,1385721
0,167645
0,01765725
0,009299363
-0,001998773
0,1023907
0,02396466
0,0336039
-0,1038727
0,0007417359
0,1778944
0,1788716
0,1259719
-0,06711157
0,01414255
0,1399525
0,1600164
-0,03602803
-0,1417952
-0,1645828
-0,1266764
0,0620681
0,1338262
-0,01427733
0,02367968
-0,05430412
0,02461333
0,02828538
0,007498439
0,02401209
0,06364028
0,1212309
0,1207566
0,04914233
-0,03595541
0,06737804
-0,01714418
-0,0186192
-0,09855244
-0,03760012
0,117979
0,1248844
0,02551298
-0,03480458
-0,03052841
0,1366821
0,1418633
-0,06851543
-0,1716739
-0,2262799
-0,22487
-0,009108704
0,07104469
0,08349582
0,1448218
-0,009368273
0,04096026
-0,02138489
-0,09855769
-0,03610024
0,002505664
-0,05781398
0,05487163
0,08395027
0,07196547
0,1076006
-0,0568001
-0,1004345
-0,08050571
0,0286058
0,05312791
-0,001398914
-0,00877725
-0,04043651
-0,008421709
0,1111485
0,09579565
-0,05930087
-0,1130806
-0,1339721
-0,1171508
-0,002728678
-0,008127801
0,06643631
0,1231032
-0,01773448
0,03547106
-0,008835445
-0,1245081
-0,1196157
0,01579888
-0,01911813
-0,0127654
0,02048584
0,03532362
0,0457033
-0,04275424
-0,07697553
-0,1255714
-0,0284858
-0,00451129
-0,02204666
0,008132057
0,009622111
-0,01863657
0,08764975
0,08961067
-0,1061346
-0,1500479
-0,1734
-0,1448395
0,02040634
0,07383274
0,02115524
0,02642858
-0,01520371
0,02584742
0,1010533
-0,08921324
-0,1162976
-0,09439146
-0,07080028
-0,008924431
-0,1031107
-0,02403298
0,0869538
-0,006977199
-0,08075491
0,0001705705
0,01865489
-0,05210723
-0,0237891
0,003131056
-0,02248135
-0,0322873
0,1019123
0,1838721
0,05987976
-0,03858653
-0,03009157
-0,04565057
0,06832995
0,1141896
0,01402461
0,01274104
-0,002527889
0,06929744
0,104927
0,01753924
0,01727896
-0,02247581
-0,0182163
0,00340069
-0,08160151
-0,03038477
0,05440904
0,0407554
-0,07832251
-0,0332239
0,07843924
-0,01189455
-0,01089603
0,05985942
-0,02090992
-0,09877172
0,05176867
0,1665079
0,03730097
-0,02050836
0,002921579
0,06666469
0,1469706
1,049068
