-0,006299787
-0,05735759
0,003157259
0,000479758
0,02604941
0,02486048
-0,01987215
-0,01198821
0,04721252
0,08123437
-0,005913406
0,02779914
0,06836392
0,04494641
0,01998012
-0,01978829
0,008185218
-0,006922193
0,06060088
0,03345833
-0,001141034
0,01224489
-0,002270685
-0,01908298
0,02646926
-0,01586972
-0,0102111
0,005768153
0,008566055
0,04839117
0,01619162
-0,001502721
0,04502803
0,0332038
0,01820327
0,03612031
0,06577771
0,08116321
0,05800721
0,03541395
0,0002454264
0,0456365
0,03980771
-0,01423599
-0,04566905
-0,01183996
0,04538477
-0,02576793
0,002531603
-0,01625697
0,0152205
-0,04746587
-0,02641414
-0,02323828
0,01611582
0,001576561
-0,002932636
0,01217
0,01541967
0,008926369
0,01013028
0,0007759191
0,01783645
0,03195061
0,02940159
0,03048565
0,04204632
0,02197224
0,02095825
0,02065656
0,009110421
0,003735031
0,007336422
3,202982E-05
-0,01849191
-0,02062344
-0,02408971
-0,01998182
-0,01758887
-0,03679965
-0,01273572
-0,04652896
0,0112769
0,01017733
0,02358297
0,0003286944
0,01132641
0,02258945
-0,01139163
-0,00512983
0,002908216
-0,02291356
0,005327586
0,01887523
-0,02636485
-0,01853772
0,06342226
0,03095656
-0,03609945
-0,05112955
-0,03577705
0,007150748
-0,0548861
-0,04825787
-0,002937073
-0,009929277
-0,03835045
-0,0248878
-0,01857024
0,01067855
-0,01781975
-0,04676965
0,01351043
0,0126815
-0,002032051
-0,01815309
-0,01931373
-0,02626152
-0,01594847
0,03449352
0,0007675241
-0,02431701
-0,01203657
-0,01335644
-0,02767039
-0,04162013
0,003548506
-0,001622958
-0,03189721
-0,03411647
-0,02406842
0,01761867
0,03001527
-0,01990303
0,005678129
0,01335166
0,01315113
-0,02606656
-0,0199083
-0,005389791
-0,02009572
-0,03623847
0,00284692
0,02882885
0,01355117
-0,03840372
-0,02972404
-0,0436775
0,01343272
0,03310836
-0,006236753
-0,004580083
0,008671082
0,02622643
-0,01950389
-0,01925059
0,02745682
-0,004265283
-0,01784543
0,01361294
0,03329066
0,04308988
0,06267735
-0,02207864
-0,03100504
0,0009064823
0,02680125
0,006308729
-0,01075737
0,02212199
0,008631907
-0,01136047
-0,02128042
0,005527593
-0,02966152
-0,04476571
-0,07725106
-0,05250397
0,0004546765
0,01829522
-0,00348488
0,009861368
0,01798955
0,01345797
-0,04209599
0,009629049
0,04015127
0,0569319
0,03314603
0,04614091
0,06694075
0,04575248
0,00257232
0,03574383
0,009648853
-0,04086315
0,03694418
0,04467912
-0,000315838
0,002529542
0,036032
0,01539854
0,01001176
0,02168332
0,01761438
-0,02745384
-0,04064739
-0,04935033
0,009394032
0,01491181
0,009527501
0,01277607
0,03257075
0,01641022
0,008574404
0,05972254
0,0808607
0,07999402
0,006222354
0,02236888
0,009168723
0,04881603
-0,007067468
-0,02671222
0,02314722
0,003028371
0,05883593
0,0307752
0,01063603
-0,008351719
0,02438139
0,01021024
0,02690544
0,04008074
0,04991465
-0,03917574
-0,0008250231
-0,01026815
0,004773972
0,011648
0,02263655
0,02423722
0,0333293
-0,009663387
-0,0167807
0,01528741
0,03728
0,01225827
-0,06111534
-0,03586892
0,0456224
0,02627153
0,01250058
-0,01315686
0,01368299
0,03335373
0,0528901
0,07365051
0,01064873
0,02026611
0,00224715
-0,007722748
0,02964559
0,03519623
0,02014937
-0,00633263
-0,03662178
0,001676157
0,0313023
0,03148248
0,01851921
0,01740156
0,05294679
0,002770447
0,02145797
-0,0003444652
0,0262753
0,006104046
-0,01774533
0,02153729
0,06500992
0,03121106
0,05201071
0,02555382
-0,002215144
0,02422689
0,08156645
0,05034617
0,03125339
0,03049854
-0,004459683
0,005386011
0,02370867
0,02229577
0,001057232
0,03721146
0,0268683
0,06972665
0,06226595
0,01396834
0,05357539
0,02627699
0,02359016
0,01141837
0,04690853
0,03956405
-0,001453697
0,01793752
-0,01496378
0,02552204
0,06367391
0,04265629
0,02740539
-0,02527313
-0,03151792
0,06396301
0,07846127
-0,006374374
-0,04319613
0,01249799
0,006706964
-0,000795405
0,05504734
0,0543724
0,01035162
0,01541454
0,01635917
0,08030422
0,07260492
0,005325898
0,02593526
0,03491293
0,04485627
0,00091806
0,008059053
-0,008064814
0,02762986
0,05512993
0,008315856
-0,01156728
0,05886181
0,006169109
-0,0363497
-0,03591944
0,0148561
0,03926552
0,0489135
0,043022
-0,02066321
-0,05339168
-0,03301603
-0,005552108
0,02251077
0,08536388
0,02462093
0,007502475
0,01688287
0,04354093
0,05044795
0,01060674
0,005967791
0,04584373
0,0113373
0,00463912
0,007486659
-0,004023461
0,02829808
0,006756414
0,005663281
0,01455393
0,08489004
0,0155609
-0,0476522
-0,06914531
-0,01740174
0,01854768
0,03959773
0,00237944
-0,03429364
-0,02570459
-0,0434284
-0,02812575
-0,01412035
0,04225329
0,02094051
-0,004009628
0,01390657
0,05216132
0,04680248
0,002425809
0,01564481
0,04116619
0,00969587
0,01899017
0,0342637
0,001794761
0,03484723
0,01369086
-0,01560837
-0,01244195
0,03093334
-0,03981926
-0,03967303
-0,04363234
0,002189197
0,01904579
0,007645296
-0,009245806
-0,01579825
-0,04192403
-0,02973727
-0,03018279
0,01388211
0,009899674
0,04364035
0,02703693
0,02021098
0,03285904
0,03522481
0,04395272
0,02111901
0,01099018
0,007988943
0,01855493
0,01545898
0,00558449
0,01899687
-0,03812833
0,00177444
-0,02524427
0,01568146
-0,03355803
0,01268142
-0,02382366
0,02620351
0,06429051
0,00426886
-0,01120702
-0,06981838
-0,04710954
-0,06820369
-0,03685599
-0,005364822
0,02163844
0,0515184
-0,009053135
-0,0268079
0,03824815
0,03037936
0,08021888
0,03621519
0,007958437
0,008753343
0,07112961
0,02488771
0,05135132
0,05322258
0,03375085
0,02315556
-0,03062185
0,01975561
0,0009880556
0,03421
0,002246335
0,01433983
0,06767444
-0,002683975
0,0126159
-0,006440045
-0,03268476
-0,08297932
-0,04115458
-0,01061143
0,03555998
0,01730175
0,01729349
0,03165533
0,04461443
-0,009973081
0,05197946
0,02408675
0,008195793
0,005720235
0,05240509
0,05029234
0,05070265
0,02258687
0,04399488
0,05427895
0,01022436
0,05259364
0,04525042
0,08337502
0,06296787
0,08582416
0,06775859
0,02941663
-0,006851433
0,00915938
0,01569253
-0,05472027
-0,07144427
-0,05492188
0,01331184
0,03183277
0,03498986
-0,007187347
0,007415471
-0,02092229
0,03907934
-0,01991072
0,01193707
-0,006343388
0,005251036
0,02175847
0,03270407
-0,003820586
0,003868023
-0,001764819
0,01030463
0,02377758
0,003270284
0,01848851
0,03221899
0,01293787
0,004143562
-0,03576641
0,01653987
0,002770084
-0,02278571
-0,03705547
-0,01376732
-0,02439027
0,001897215
0,02095072
0,0121112
-0,03810756
-0,01071816
-0,02916252
0,04464999
0,005287504
0,01129366
0,01598511
0,007580236
0,007530801
0,01279063
0,003285297
0,03531168
0,04475828
0,07221656
0,05187085
-0,006472869
0,005571498
0,03334415
0,02628626
0,05145327
-0,01388396
0,01919724
-0,002255735
0,008527016
0,02518577
0,009115435
0,000447977
0,03949306
0,0337696
-0,01212533
-0,01218539
-0,009600109
-0,02213251
0,04591338
0,02555836
0,0100537
0,03946867
0,02098283
0,02822503
0,006039837
0,006805606
-0,01506969
-0,004503863
0,01016637
0,02231984
-0,007306835
-0,005255184
0,009559341
-0,005289537
-0,01325875
-0,05701802
-0,06331263
-0,01791838
0,008982881
-0,00893895
-0,03278324
-0,01044009
0,009133529
0,01550327
0,03289929
0,03548838
0,03911646
0,02119209
0,09080466
1,056841
