0,03499709
0,02962725
0,01224251
0,009577699
0,01643958
0,01146496
0,002010185
0,02718626
0,02039905
0,03532548
0,007770521
0,01087854
-0,01276245
-0,00278826
-0,006238125
-0,007666006
-0,003372422
-0,0146471
-0,01747737
0,00875703
0,01650749
-0,00827838
-0,002186387
0,006985507
0,02992449
0,03236819
0,02665324
0,007350005
0,03264268
0,01634458
0,03800569
0,009846035
-0,01079153
-0,006552576
-0,009333986
0,03194967
0,03227258
0,02937532
0,02818241
0,01459194
-0,008258463
0,02427727
0,01645438
0,02373512
-0,0001525453
-0,01694326
-0,001158733
-0,02420834
-0,01120733
-0,01347018
0,003318998
-0,005163811
0,01147383
0,01879879
0,05038752
0,03274875
0,02793206
-0,01131871
0,01195349
0,01360411
0,009926988
0,008415809
0,007127604
-0,0007705926
-0,01644849
-0,01784911
0,02997852
0,01123893
-0,006479417
-0,03373754
0,008867417
0,03875263
0,004221306
-0,002009518
0,02560472
0,012389
-0,02721238
-0,04389991
-0,0192752
-0,008926529
-0,01824727
0,01506127
0,01634849
0,02099629
0,0160225
0,01276861
-0,004970332
0,008203667
0,01063871
-0,01169252
-0,002119066
0,0005085652
-0,003645736
-0,0246231
0,02064814
0,002093999
0,03527926
0,04554138
0,00455126
0,005656967
0,03443248
0,02573882
0,01789946
0,01139203
0,02126845
-0,002951787
-0,01077698
-0,007054775
-0,02278601
0,02329196
0,0006891504
0,002728487
0,003219167
-0,0163976
-0,00483835
0,06332286
0,04634589
0,03728066
0,0126742
-0,005295745
0,008760036
-0,009572625
-0,006353121
-0,002026764
0,01474362
0,02856653
0,01937373
0,02051779
-0,02271866
0,02084954
0,01387315
0,01573084
0,01279756
0,006063387
0,009657088
0,01027524
0,01204238
0,02065885
0,02352478
0,02417876
-0,002250523
0,01216341
0,008271734
0,03917279
0,03002215
0,03677641
0,04225227
0,0277218
0,01966065
0,01266859
0,01946709
0,004908633
0,01174767
0,009813869
0,01105859
0,0172937
0,0128905
-0,001725898
-0,01220949
0,003056416
0,009977601
-0,003873686
0,0305201
0,007212953
-0,01056992
-0,005782709
0,009902513
0,006137511
0,02138466
0,006998942
0,01202665
0,01775329
0,01283236
0,01271021
-0,01372038
0,02032759
0,04405019
0,03536178
0,04212805
0,03795369
0,007972068
0,01772606
0,008526731
0,01758488
0,01377454
0,02099704
0,02142462
0,005753457
0,0194087
0,02463083
0,03653096
0,003819947
-0,007122535
0,01984796
0,02629529
0,01201915
-0,0164869
-0,009772401
0,009971463
0,02042854
0,03955192
0,04116878
0,007844189
-0,00286524
-0,002308267
0,00425289
0,04886873
0,05469379
0,0503043
0,04987095
0,02678069
0,007583389
0,01475691
0,03480846
0,02040228
0,02774723
-0,002666852
-0,01791274
0,02655466
0,019279
0,008657064
0,01448469
0,01938521
0,008768137
0,01274127
0,01338679
-0,005598445
-0,01892427
-0,01769538
-0,007775543
0,01086734
0,02605592
0,05935436
0,003565144
-0,008031704
-0,004358893
0,03367952
0,02183575
0,03425686
0,02428776
0,03390641
-0,009822725
0,01749663
0,001684623
0,003689075
0,0007336158
0,00454743
-0,01182322
0,01609495
-0,01600763
0,02333829
0,01271548
0,03251596
0,002096825
0,008669671
0,01869454
0,009750727
8,663456E-06
-0,02445347
-0,03616804
-0,0002786649
0,0262894
0,03087396
-0,02546569
-0,01024323
-0,002115091
0,02506164
0,01933049
0,02056426
0,05153462
0,01275395
-0,01503863
0,0115938
0,001112734
-0,003652986
0,007866441
0,02038444
-0,005276807
0,01267919
0,003174298
0,0024342
0,02505879
0,03885378
0,01672512
0,01617071
0,01462701
0,01352551
-0,03811153
-0,02456036
-0,01816161
-0,02285932
0,02381278
0,01535368
-0,03378344
0,004099477
0,01428506
0,02573849
0,03252873
0,04062352
0,0566521
0,01480595
-0,01093747
0,002981203
0,0017374
0,008861152
0,01342876
-0,004165619
-0,01742144
0,02545606
0,04134064
0,009958232
0,01252362
0,01328833
0,03234946
0,02041746
0,02221101
0,001209514
-0,02741053
-0,01115855
0,006441687
0,01094003
0,03199423
0,007037241
-0,005123088
0,0179188
0,01845278
0,03733692
0,02935976
0,009878521
0,02746647
0,01713504
0,02095214
0,0119151
-0,01678271
-0,008895876
0,005707475
0,01648345
0,01031088
0,008034617
0,04345003
0,01456439
-0,003957284
0,03679886
0,03050784
0,01081703
0,03756939
0,008228934
0,0008687055
0,004339111
-0,009933035
0,03485262
0,03180555
0,01786573
0,002750989
0,01848052
0,01522719
0,04043845
0,02129409
0,01947264
0,0294906
0,008301195
0,00260571
0,01773763
0,02097372
-0,01576973
-0,008627248
-0,002675128
-0,02683368
-0,00197273
0,02420079
0,03052378
0,002980111
0,005888596
0,02968795
0,01818115
0,04831806
0,0104982
-0,01586092
0,001487635
0,01399739
0,002291236
0,0174765
0,02849847
0,004911495
0,01475326
0,01147326
0,02628588
0,01019461
0,02426377
0,002661247
0,04087365
0,02552368
0,01516453
0,007627434
0,008486887
-0,00163969
0,02600217
0,01056395
-0,009087126
0,02625957
0,03287784
-0,001765618
-0,008071154
0,011605
0,02586348
0,04031431
0,01991874
-0,009460372
-0,008105318
0,003971636
0,01589293
0,01244747
0,02587796
0,007824849
0,03815441
0,02536056
0,02729001
0,002286705
0,01971248
-0,003758178
0,01388885
0,01323601
0,01144507
-0,02448915
0,01460008
0,01753798
0,03929794
0,01256591
0,00999157
0,01734834
0,05011492
-0,008445763
-0,005522883
0,01382745
0,02302612
0,01799025
0,01625354
0,01476492
0,008877448
0,02466418
0,02369774
0,01210861
0,02683042
0,02728512
0,04462564
0,01549549
0,0008717983
0,008858088
0,01011766
0,008654849
0,03198928
0,01085998
-0,004579307
0,01139996
0,001469109
0,01305269
0,01790993
0,006844362
0,008569095
-0,001919004
0,002394781
-0,007188551
0,01172914
0,01707151
0,01514983
0,01309291
0,02284978
0,0249041
0,02147286
0,007297176
-0,01082052
0,0237248
0,008117967
-0,0007316527
-7,384252E-05
-0,01366152
0,004998296
0,04602426
0,03793456
0,005786227
0,01881352
0,002164867
-0,001622887
-0,002924056
-0,01492684
0,005802513
0,003546137
0,01759785
0,0003978518
-0,01777305
-0,004634391
-0,008673563
0,000716481
0,01750446
0,01769995
0,006787554
0,02130798
0,01243236
0,0235086
-0,01100887
-0,01285177
0,002160507
-0,0156039
0,00116409
-0,009891969
0,004336629
0,003351725
0,01185849
0,03268893
-0,02755748
0,001201823
0,0008735288
0,003950348
-0,01964342
-0,004884627
0,03063467
0,008469732
-0,005924381
0,001865281
-0,01883483
-0,003215248
-0,03545537
-0,01115341
-0,01932655
0,005549961
-0,008524532
-0,01136404
0,01662263
-0,002103252
-0,02929475
-0,01895389
0,005130366
0,004239984
-0,008486249
0,01047836
0,0165871
-0,002023421
0,003459382
-0,004815597
-0,03316237
-0,008926471
0,01413747
0,0245362
0,01230465
-8,133818E-05
0,01562717
0,03977812
0,02497704
0,01522794
-0,004016281
0,0137212
0,01376217
-0,004262053
-0,009447045
0,02260659
0,007413737
-0,008684223
0,009646202
-0,007438406
-0,001839823
0,01426564
0,008420353
0,004980688
-0,00341693
0,008673063
0,009417499
0,03377691
0,01620041
-0,01339039
-0,01784952
0,01745312
0,0176133
0,009561954
0,0008299242
0,0145113
0,01590661
-0,001695633
0,03255334
0,006651683
0,007174456
0,004766865
-0,005817656
0,0103725
0,01447758
0,007055218
0,02232288
-0,003204501
-0,02259553
0,0003196978
0,00412148
-0,008377046
0,02277376
0,02851788
-0,004269961
0,003369214
0,01315228
-0,01062109
-0,03054026
-0,04913478
-0,04068059
1,052608
