0,06594471
0,03382333
0,03031137
0,007640203
-0,01338278
-0,007878648
-0,01079623
0,01084662
0,06925382
0,07763233
0,01641277
0,002005942
-0,008509273
0,0182394
0,02761375
0,005771237
0,001626648
0,025821
0,009437529
0,01340476
0,01100517
-0,02903519
-0,02774907
0,001626484
0,07546665
0,0644718
0,02438233
0,00790544
0,01192837
-0,002173315
0,03085284
0,008916071
0,01834203
0,01050433
0,008429395
0,0279225
0,01525498
0,0489457
0,07667666
0,04924073
-0,00897812
0,01997461
0,009338738
-0,007039747
-0,03832342
-0,04401722
-0,009457405
-0,04923343
-0,02075555
-0,04850689
0,004365411
-0,01482353
-0,01739563
0,03989271
0,04787552
0,0665934
0,03224267
-0,01122225
-0,01261722
-0,01968138
0,01331202
0,009959714
0,01096048
-0,01302523
-0,0102907
-0,007658041
0,05057213
0,04485646
0,002312965
-0,02440033
-0,01861298
0,0378897
0,01039076
0,03900895
0,0624241
0,03790169
0,02506261
-0,007806015
0,001600286
-0,03193516
-0,06347521
-0,05375388
-0,03051306
-0,01332206
-0,01358832
-0,00105403
-0,01056217
0,0112322
-0,008999761
-0,01696921
0,0004228014
-0,03993069
-0,0113005
-0,02155496
-0,009352776
-0,005483632
0,04554208
0,09268651
0,02899192
0,01192854
0,02933684
0,04323081
0,0478571
0,04225017
0,0370995
0,01027717
0,02442562
0,001491816
-0,01602115
0,02517815
-0,02938273
-0,05884212
-0,05484226
-0,05097712
-0,05453097
0,02829099
0,06739134
0,04832356
-0,009806647
-0,0127369
-0,01927293
-0,02805892
-0,006826243
0,02015333
0,02460825
0,06003386
0,03652183
0,03722731
-0,01393554
-0,01129993
0,003944024
0,01182937
0,01864594
0,01260325
0,0472995
0,01690562
0,01804883
0,02896485
0,04580973
0,05646667
-0,003418858
-0,0181943
-0,008172723
-0,02112337
-0,02478695
0,01916303
0,09386641
0,04557995
-0,008371284
0,009137494
0,03031031
0,01123113
0,03732089
0,03639283
-0,02754939
-0,01672383
0,03352332
0,01248983
-0,0171505
0,02314308
0,02387956
0,01747488
0,02753948
-0,01009682
-0,01719231
0,0006803375
-0,01524549
-0,01732623
0,01694263
0,03577203
0,03805782
0,05188679
-0,002820426
-0,03558639
-0,08847278
-0,008734765
0,09783719
0,05957429
0,03631571
0,0418801
0,02245057
0,006349585
0,01504011
0,02965807
0,01951362
0,04966835
0,03819982
-0,01215928
-0,008796862
0,02577617
0,04245682
0,01312784
-0,024141
0,01660956
0,01662797
-0,006947512
-0,009103982
-0,02117316
-0,01541285
-0,003705755
0,07111514
0,05460843
0,007603541
-0,08015317
-0,08216193
-0,01470441
0,1182054
0,07393713
0,03188901
0,03706719
0,03475735
0,01129219
0,05018494
0,0073595
0,02713335
0,02550198
-0,04213981
-0,03280901
0,02628725
0,03568912
0,01417639
-0,008895876
0,007174103
-0,0003931601
0,007612068
-0,00453257
-0,02293768
-0,04189521
-0,03286597
-0,001555777
0,08514171
0,08788021
0,08365543
-0,06208174
-0,0872915
-0,04181757
0,1324912
0,07557914
0,02075803
0,02228063
0,04417816
-0,02558605
0,01800352
-0,02277377
-0,01554537
0,01293653
-0,01962303
-0,04386869
0,008918745
0,05250261
0,04413208
0,01479555
0,03001669
-0,005020333
0,02192096
0,02216797
0,01778213
0,08015148
0,02474063
-0,004080665
0,0445371
0,09787538
0,09550756
-0,02976533
-0,07816674
-0,02175711
0,09289408
0,06777142
0,0302397
0,06245378
0,008403024
-0,004144718
0,02237516
0,01793841
-0,02409515
0,02048815
0,003284969
-0,04208991
0,02859774
0,07829898
0,0421068
0,05146657
0,05108855
0,01011819
0,04949062
0,01049277
-0,003205182
0,009066412
-0,006237387
-0,04194108
-0,02263355
0,08771377
0,04115592
-0,05563762
-0,03724692
-0,003239388
0,04855403
0,08662936
0,05611317
0,04018909
-0,003899379
-0,0119091
-0,003040613
-0,01768013
-0,0271729
0,02624309
-0,01759722
-0,02067372
0,03556655
0,04931539
0,04426286
0,05826953
0,0337927
0,03528151
0,05271858
0,0239397
0,01317433
-0,003419107
0,0280692
-0,001136756
0,04486556
0,04121227
-0,001369753
-0,060816
-0,03096571
0,03422765
0,06744809
0,0485844
-0,008867897
-0,006385029
0,02589341
0,003938825
0,001910838
-0,02652925
-0,02849792
0,01831483
0,006073111
0,01433505
0,02630875
-0,001351138
-0,006351074
0,01385597
0,06839657
0,06206534
0,06944975
0,06228431
0,005503058
0,04069768
0,006623101
-0,04278829
0,05682615
0,009825816
0,004096447
-0,02165179
0,00371313
0,0374242
0,0818885
0,07006971
-0,008031198
0,02538557
0,02945806
0,02654561
0,0208511
0,04386995
-0,03179558
-0,0166286
-0,00559898
-0,01248827
0,0002768997
0,01016763
0,009678646
0,009939179
0,03409769
0,04219509
0,05960548
0,03035642
0,002378168
-0,0003906942
-0,004555103
0,02983268
0,07335358
0,01055943
0,0132141
-0,03055228
-0,009807557
0,02457991
0,06398164
0,01436746
-0,004244054
0,01236174
0,01252971
0,0234113
0,01904339
0,04563668
0,03141681
0,02167655
0,03219958
0,02997168
-0,01044896
0,0008558373
0,000573975
-0,005374418
0,001003628
0,001984202
0,03063974
0,01595278
0,003261799
-0,009626781
0,01113952
-0,003391289
0,04806936
-0,01262123
0,002735455
0,002892358
0,04545308
0,05894846
0,02716528
0,000798774
0,01162209
-0,002331879
-0,006412542
-0,005407316
-0,006171673
-0,004146324
0,04748174
0,05062271
0,04708895
0,04595955
0,02713663
0,02386723
-0,004908525
-0,02922614
-0,002699102
-0,006260914
-0,03458035
-0,02657995
0,005468717
0,05218491
0,01859233
0,01077747
0,06108683
0,009741807
0,02602891
-0,03460735
9,5014E-05
0,05979691
0,02703792
0,009493262
0,004667472
0,008873248
0,03119611
-0,0184293
-0,02430651
0,01285832
0,01906894
0,06200352
0,03324507
0,0438537
0,03233365
-0,01753474
-0,01397002
0,007425908
0,02593411
0,04621789
-0,01949366
-0,06111855
-0,002712728
0,04534022
0,04503019
-0,00953481
-0,01628671
0,000907875
-0,02603556
-0,02794744
-0,02978737
0,008509368
0,01719901
0,04455022
0,02114823
-0,001704468
0,02088977
-0,02572932
-0,0001535809
-0,02587232
-0,02016715
0,02017344
0,02346892
0,06460488
0,0501896
-0,02690515
0,005314773
0,004684725
0,005885197
0,04622731
0,01337485
-0,03423766
-0,000255051
0,03823536
0,04674373
0,01706607
-0,002996126
-0,02425145
-0,04217305
-0,0271785
-0,03049656
0,009998958
0,03842913
0,03253129
0,01161939
-0,0450666
-0,002756902
-0,004088619
0,00820417
-0,00146003
0,008968265
0,02303909
0,03137589
-0,007898716
0,01785017
-0,03034774
-0,03535384
-0,01687205
0,01484726
-0,0007325959
0,04971092
-0,001628968
-0,01245039
0,03730453
0,04040841
0,01680843
-0,01967655
-0,008001471
-0,005562961
-0,02707985
0,01030371
0,002584851
0,004804047
0,02160782
-0,01716571
-0,01601766
-0,02832786
-0,01539304
0,008790656
-0,01919161
-0,04513555
-0,03659333
-0,01578049
-0,03658042
-0,03435459
-0,03438234
-0,02272145
-0,01458758
0,03866247
-0,005445343
0,008935439
0,000469111
0,0001959495
0,02655851
0,02392905
0,01252904
-0,009953923
0,0008209291
-0,003609153
-0,02211737
-0,001645156
0,002557975
0,01501505
0,01123259
-0,04419184
-0,02847471
-0,02032628
-0,08095849
-0,008497342
-0,02642641
-0,0304888
-0,03717931
-0,03191147
0,02053651
-0,02307737
-0,03273883
-0,01789493
-0,0189702
0,01726149
0,05038066
0,04391844
0,03143791
0,009474466
-0,006867237
0,0250685
0,008297944
0,00100348
0,04397575
0,03533227
0,00259608
0,0107776
-0,01078512
-0,04586608
-0,06972679
-0,06407371
-0,04411378
1,057687
