0,1790888
-0,02941912
0,01566382
-0,1284431
-0,1979877
0,0472515
0,05379106
-0,3514567
0,05592666
-0,00282529
-0,1159878
0,04383434
-0,04146103
-0,02654365
0,09698778
0,177101
0,3897799
0,2138449
-0,1383763
0,2643271
0,1170316
0,01690475
-0,4144601
-0,3324046
-0,4029239
0,07516097
0,01213241
-0,03874166
0,04703978
-0,1982413
-0,02874801
-0,1179934
0,03919518
-0,1143168
-0,06661248
0,06937457
-0,07049883
-0,08051419
-0,09853598
-0,2382406
-0,1943401
-0,1135175
-0,1926383
-0,1752938
0,1401033
0,3447283
-0,04608899
-0,1127746
0,1347956
0,268977
0,04683581
0,03027416
0,2085025
0,243945
-0,118372
-0,004942925
-0,09499839
-0,1266198
-0,2580983
-0,02232119
-0,05380752
0,02673099
-0,06756479
-0,08208224
-0,02168638
-0,007059496
0,04363058
-0,0893985
-0,4307528
-0,200759
-0,05062722
0,06950278
-0,1167352
-0,5255629
-0,5680721
-0,3098204
-0,1916117
0,03679547
0,372813
0,2238026
-0,01120627
-0,03113093
-0,3352686
-0,1217644
-0,5016568
-0,3237794
-0,08446325
-0,06886338
-0,2867822
-0,2046811
-0,07936107
0,1693717
-0,1574038
0,2826671
0,4573189
-0,3374292
-0,2867557
-0,2347477
-0,1046019
0,01230262
0,08539457
0,2800578
0,4923066
0,4493059
0,1785456
0,3305405
0,1813454
0,01773096
0,2532055
0,3324221
0,3738614
0,287159
-0,04540876
-0,04589021
-0,06303741
0,03951715
0,3180764
0,2991921
0,03906649
0,01924886
0,3795245
0,5344772
0,105631
0,1207014
0,01564274
-0,3495084
-0,1735001
-0,2999732
0,08296954
0,1519461
0,1108718
0,1585058
-0,05559547
0,2932199
-0,1873011
0,1785592
0,09227324
0,1307404
0,141352
0,1201979
0,2005179
0,2399414
0,1855228
0,1013416
-0,1737693
0,03115963
0,06259587
5,678579E-05
-0,3343816
-0,2275476
0,5424316
0,4322448
-0,008760086
-0,08170509
-0,1210734
0,07643378
-0,1847394
-0,01525541
0,3464296
0,08541898
-0,06161774
0,002502816
-0,06301665
0,3591326
0,5103632
0,3868502
0,1668388
0,3221975
0,0956827
-0,1813003
0,03552619
-0,1700716
0,1224796
0,0823602
-0,0199663
-0,058708
-0,1499597
-0,02026853
-0,2513911
-0,2887008
0,1974659
0,3764479
0,1943781
-0,2828579
-0,5702803
-0,3277482
-0,3312216
-0,0449502
0,1201084
-0,09763674
0,3158807
-0,1033722
0,1126186
0,2324794
0,1091508
0,2371549
0,06843916
-0,1063885
-0,1052325
0,03572615
0,06637285
-0,1349557
-0,3312921
-0,4634311
-0,3653861
-0,5276622
-0,2977928
-0,1335584
-0,2341142
-0,07727919
0,03165247
0,3554483
-0,01183007
-0,1925774
-0,4918608
-0,3421156
-0,1705689
0,04649136
0,200408
0,4208716
0,3297123
0,1017127
0,07525548
0,3103843
0,2064486
0,06896506
-0,1150167
-0,3031005
0,101025
0,2596394
-0,2784683
-0,2216572
-0,1304534
-0,2002772
-0,5771255
-0,6660035
-0,04950016
0,007400688
-0,04840277
0,1374252
-0,3557531
0,1183535
-0,09099878
-0,07397234
-0,03017867
-0,5347239
-0,4269118
-0,5281591
-0,08681934
0,2709081
0,4058233
-0,2207061
-0,18234
0,5502873
0,07475834
-0,1959374
-0,0315207
-0,3234408
-0,4360171
-0,5800566
-0,2427322
-0,2162778
-0,3854521
-0,4092036
-0,200668
-0,1649412
-0,07945804
0,07686819
-0,03146484
0,2632708
-0,06406148
-0,2156533
-0,516763
-0,1991288
-0,0756755
-0,4384916
-0,3940053
0,1744126
0,6202468
0,5682622
0,6027093
0,1856956
0,01911721
0,4211165
0,4213485
0,06912556
0,01801402
-0,2507744
-0,2846349
-0,1293908
0,1032949
0,3067936
0,2663955
0,5785808
0,4298674
0,1168979
0,3150908
0,3125881
0,1512846
0,3989998
-0,1319663
-0,2995052
-0,5686432
-0,1642809
-0,1113258
-0,2925346
0,2440739
0,1653572
0,4643659
0,738439
0,5325933
0,3735513
-0,02933862
-0,02306188
-0,3015309
-0,1703354
-0,1375211
-0,05756519
0,06064501
0,03065122
0,03826334
0,1293215
0,07629885
0,1413584
0,03858737
-0,1896955
-0,0865881
0,0979623
0,2231186
0,4385171
0,2512976
-0,01557324
-0,2645527
0,1796751
0,232313
0,05339497
0,357552
0,3881808
0,5490194
0,3928129
0,4055158
0,1334678
-0,1196057
-0,2199546
-0,02685839
0,1014904
0,1377502
-0,0384356
0,03015465
0,3143459
0,4307612
0,154316
0,01297388
-0,01154723
-0,1492256
0,1156906
0,2303471
-0,001945192
0,1883666
0,351932
-0,03344781
0,01517476
-0,2022235
0,3270142
0,5241904
0,2795012
0,05210982
0,1920375
0,5604311
0,02156238
-0,01546825
-0,4027339
-0,6220127
-0,2596917
-0,1466199
0,07927593
-0,02367415
0,212762
0,1403532
0,2726505
0,3334728
0,1351507
-0,4354373
0,1661557
-0,002335742
0,1975957
0,2515694
-0,1155502
-0,1039578
0,284344
-0,1208392
0,280424
0,3599003
0,2496112
0,03182035
-0,3177926
-0,1662392
0,3466319
0,5141034
-0,05895869
-0,2878025
-0,5279206
-0,5830315
-0,3712759
0,009229309
0,08590985
0,3975706
0,491494
0,3277719
-0,02932801
-0,2565104
-0,3197693
-0,41662
0,08005486
-0,03883666
-0,1490053
0,1514753
0,03571559
-0,01386033
0,3700936
-0,1147474
0,3104459
0,4290502
0,4408057
0,3292366
0,09777677
-0,02283525
0,09525909
-0,2398478
-0,2265653
-0,1712644
-0,3940819
-0,1157712
0,176145
0,2508449
0,2860458
0,6334772
0,5879556
0,4636733
0,1275066
0,2920409
-0,1264233
-0,3874926
-0,03224023
-0,05587073
-0,1272436
-0,006647686
0,01689322
0,01702009
0,2480869
-0,03083762
-0,1012552
0,5054365
0,2770864
0,2233278
0,03838901
-0,09718446
-0,06914676
-0,2325919
-0,3771191
-0,1914421
-0,2269698
-0,09503001
0,001690699
0,01132513
-0,06509744
-0,02083467
0,00864588
-0,1319008
-0,3172193
-0,06400438
-0,05654118
-0,2092954
-0,1578903
-0,04165241
0,1563727
0,0496386
-0,1243205
-0,2818833
0,1723569
0,2631705
0,1263176
-0,07982931
-0,1585077
-0,4413797
-0,2644229
0,03470648
0,1949325
0,03246607
-0,1385474
0,03914117
-0,08000632
0,3995981
0,0080601
0,1943636
0,1512513
0,02359115
0,1007539
0,08909371
-0,1371697
-0,2077502
-0,2517011
-0,1831645
-0,1617011
0,02232898
0,08043501
0,01755344
-0,1385519
-0,1220244
0,3285292
0,4312835
0,08600896
0,1408762
-0,01458197
-0,4911989
-0,2901649
0,1343117
0,2028688
0,06173365
0,05575656
0,1518399
0,1388532
0,1231338
0,1737908
0,2961558
0,1371597
0,07308958
0,115652
0,1133585
0,02671075
-0,3389148
0,0897534
0,2047822
0,2273266
0,038041
-0,1959591
-0,2120248
-0,109639
-0,0463963
0,3518774
0,2325674
0,06705144
-0,2087279
-0,05663112
-0,465286
-0,5113528
0,0750568
0,1279879
0,1161418
0,138309
0,2515716
0,17625
-0,1882657
0,1270111
0,03622967
0,1377198
0,09676231
-0,09692032
-0,09841581
-0,02119005
-0,02749951
0,2411899
0,1032305
-0,1412703
-0,01136801
0,03637596
-0,1813592
-0,2697893
0,03735575
0,4367391
0,205365
0,2252448
0,03591444
0,156349
0,01304446
0,1021571
0,4693456
-0,00544899
-0,00921451
-0,2359458
0,1685488
0,2026365
-0,1646581
-0,09881242
-0,4315737
-0,2198433
0,01597627
-0,02837736
0,1516235
0,143158
0,02880985
0,1593748
0,2439394
0,2779863
0,2623209
0,08124609
-0,07529689
-0,1455084
0,0254243
0,2307712
0,8768559
