-0,02592069
0,04508267
0,0197218
-0,027998
-0,02453537
-0,01246787
0,03276129
0,0001113272
0,0009034868
0,07236793
-0,03621348
0,07032742
0,08758019
0,05331546
0,1126918
0,1525189
0,08082625
0,07090244
0,1100993
0,04373458
-0,0128033
0,03429109
-0,01232118
0,05141447
0,04275792
0,05072418
0,03611291
0,03602925
0,001105207
0,02494645
0,02347798
0,05865417
-0,01772454
-0,009804487
-0,008532288
-0,00389207
0,07040105
0,002080427
0,002437962
0,03428388
0,01282482
0,1048008
0,1075946
0,04484268
0,001984074
-0,01640116
0,0373622
0,03544959
0,03123725
0,0345246
0,01221579
0,008908035
0,05109105
-0,00281708
-0,02023075
-0,00472539
-0,01266199
-0,0229632
0,01772837
0,006609125
0,03676645
-0,00351548
0,04005964
-0,02196751
-0,0001579517
0,03962721
0,04596218
-0,009864449
-0,01591392
-0,003513837
-0,01508018
-0,0320106
-0,00810504
-0,03825361
-0,02486995
-0,008014734
-0,01478896
-0,06617112
-0,03539904
-0,03865851
0,03121293
0,0009573402
0,002314104
-0,01867744
-0,003690858
0,04847261
0,02263094
0,01296368
0,04505262
0,0177649
0,02728187
-0,05378579
0,0457583
-0,01971873
-0,03713425
0,01230973
-0,00364169
-0,03192743
-0,02270793
-0,01578934
-0,02036951
0,000378325
-0,02433558
0,01678312
-0,0160371
-0,03155646
-0,04893707
-0,007238457
0,00185055
-0,04411658
-0,02767089
0,04498346
-0,01963619
0,005556303
0,03818233
0,04422629
0,02948304
0,02410575
0,007297503
0,03183851
-0,008389384
-0,06188001
0,01816122
0,04159712
0,008621313
-0,05218851
-0,07648673
-0,05117916
0,03548383
0,0005644604
-0,03005692
-0,01580064
0,06033468
0,01747142
-0,01968405
-0,05588226
0,03564947
0,002037444
-0,00595592
-0,02457467
0,03403847
0,06234383
0,003144705
0,02555624
0,05088336
0,039066
-0,02610348
0,014287
0,0442817
0,02036581
-0,04328838
-0,08202905
-0,003715607
-0,00525968
0,07289473
-0,008996778
-0,03373976
-0,03392477
-0,0318792
-0,001853571
0,0360295
-0,003594582
0,03532712
0,003171436
0,01136833
0,03874987
0,09478983
0,06217226
0,04579684
0,02420704
-0,02375151
0,03191256
-0,02783482
-0,04339102
-0,008476252
0,01937984
-0,0679497
-0,02436693
0,008733943
-0,03097956
-0,02979054
-0,07582495
-0,01631978
-0,05700968
-0,009390607
-0,02073168
0,03077344
0,05591625
0,05633013
0,1654476
0,06740203
0,04644999
0,0326886
0,009794476
0,06359123
0,07202146
0,1169571
0,02818516
0,07014222
0,1079257
0,05077828
0,04821396
0,06055835
-0,03473488
0,1067746
0,1096993
-0,04353409
0,00528807
0,02263757
-0,03277355
-0,00145374
-0,0180714
0,02265777
0,03377696
0,05179522
-0,04880853
0,06756453
0,05830479
0,01375416
0,00767043
0,02441722
0,05079722
-0,02291368
0,01404891
0,04897394
0,007009604
0,06843916
0,03673358
0,03686466
-0,03724786
-0,02003036
0,04643107
0,03127945
0,000284493
0,04553941
0,03402653
-0,0369406
-0,009974917
-0,04798643
-0,02348925
0,0332241
0,01515193
0,04176274
0,06345831
0,0352953
0,02155334
0,08336303
0,03597944
0,07011005
0,03472136
0,01058408
0,01411234
-0,0595593
-0,01504372
0,02064323
0,02237809
0,1507203
0,006687325
-0,04022893
-0,03656789
-0,002094447
0,03255977
0,07764952
0,01577059
0,00438374
0,02021323
-0,03998636
-0,03912544
-0,03300424
-0,01982978
-0,02798413
-0,03837449
0,03051748
0,03130316
0,009451512
0,03434246
0,07860029
0,03790513
0,06267899
0,07265677
0,06962604
0,02396246
-0,01986034
0,01347221
0,06989703
-0,01271621
0,06783938
0,001514455
-0,01420334
0,01860846
0,03095965
0,01748637
0,04376419
0,03556091
-0,005756631
0,03865422
-0,01137861
-0,05429386
-0,02583992
-0,04186966
0,0512818
0,05233216
0,02756774
0,03021951
0,02187925
0,003351866
0,04086051
-0,01036357
0,05935702
0,08757602
-0,009607474
-0,0209936
0,03989982
0,0195319
0,008908431
-0,03916258
-0,01715399
0,01149511
-0,04244743
0,01806114
0,006938904
0,03316667
0,02843231
0,02899339
-0,04043894
-0,00349523
-0,006674168
-0,02799434
-0,03067082
-0,04589197
0,01195664
0,03361089
0,01966568
-0,01310444
0,02166946
0,05123193
0,05955673
0,05209855
0,1266584
0,06994408
0,001072919
-0,006217212
-0,04593115
-0,00463333
-0,02676595
-0,1303715
-0,07611643
0,001538313
0,0164226
0,0002157725
0,008924906
0,05213039
0,02035306
0,05992389
-0,02799373
-0,002719535
-0,0689583
-0,06057748
-0,0599856
-0,04602327
0,03738581
-0,002746957
0,04174807
0,01325349
-0,009853967
0,03251755
0,0007751379
0,04788399
-0,001061136
-0,04160409
-0,009584449
0,003820956
0,01593127
-0,02367237
-0,0576527
-0,06371089
-0,08851984
-0,1234721
-0,03786274
-0,01520845
-0,03361543
-0,004704543
0,04824964
0,07485864
0,03419523
0,0136409
-0,03172009
-0,04767855
-0,05095607
-0,008571233
0,04478435
0,020141
0,004040372
0,03944369
0,0211448
0,008738654
0,009285091
0,0398647
-0,0863153
-0,06135267
0,02502562
0,04784439
0,0504541
-0,001235623
0,03786085
0,03173594
-0,008945442
-0,07717615
-0,06872154
-0,04616637
-0,0150005
0,05316009
0,0635144
0,04310181
0,04778944
0,07105979
0,0135584
-0,0122964
-0,08404342
-0,007521691
0,01597748
-0,0192036
0,0397253
0,09195187
0,007396674
-0,0346669
0,01741857
-0,01649765
-0,03340992
0,02235514
0,01454104
0,05355407
0,0744147
0,04644261
0,01918524
0,02684014
0,0270666
0,04635252
-0,03498359
-0,06768996
-0,1136453
0,03708908
0,06130083
0,04777381
0,09613382
0,02112099
0,04530254
0,07136452
0,03381208
0,03755399
0,009935926
-0,001288247
-0,02946938
0,04757519
0,02317725
-0,02747403
-0,00783219
-0,0663758
-0,06639925
0,03246434
0,01433175
0,001403881
0,01940276
0,02030463
0,02842005
0,05354381
0,06975373
0,07882474
0,04084015
-0,02960332
-0,06399192
0,0185205
-0,02140257
0,04194211
0,04877424
0,08236512
0,09740078
0,01703234
0,04180619
0,09025175
-0,018108
0,01612332
0,007958708
0,05532204
0,02172042
-0,004794915
-0,001349972
-0,06642676
-0,08231115
0,02237569
-0,002529835
0,04186041
-0,03743519
-0,01110545
-0,0008318398
0,05216718
0,08806243
0,0118528
0,03555385
0,04109116
-0,03308224
-0,005157587
0,02554406
0,029088
0,03565324
0,07170463
0,07848562
0,05264918
0,05216857
0,06498571
0,04184891
0,02697728
-0,00886445
-0,005867398
0,03668462
0,04002387
0,02956047
-0,03894406
-0,07177984
0,05560224
-0,01738798
-0,009753013
-0,05780775
-0,0980559
-0,1063408
-0,04980719
0,03360479
0,05665585
0,02788148
0,02695437
0,003359897
0,0224574
-0,03802461
-0,04721377
-0,002770116
-0,01420574
0,001543105
-6,597149E-05
0,0960774
0,092843
0,02148626
-0,004783946
-0,0633801
-0,04038144
0,03888774
0,07259846
0,0454692
0,01564866
-0,01860447
0,02058358
-0,04453227
-0,04794151
-0,1152049
-0,06819931
-0,05780913
-0,05224831
0,006328592
0,01247095
0,07765836
0,1126865
0,06043611
0,06036704
0,008368719
0,004305345
0,03297619
0,06614171
-0,01515685
-0,0616692
0,06414708
0,09992934
0,007385431
-0,04255777
-0,05340986
0,01207557
0,02455255
0,004910946
0,02505239
0,06142632
0,03459705
0,007725814
0,003267232
0,008474633
-0,03613459
-0,02326228
-0,02676276
-0,03651559
-0,04452595
-0,03765037
-0,04198149
0,02401326
0,05714077
0,0301453
0,01443441
0,01794742
0,07731789
0,07684818
0,07133624
0,09354606
0,08059935
0,1064904
0,9958953
