-0,009034903
0,05313878
0,0004125538
0,01067032
-0,04376413
0,03707274
0,07372396
-0,06281114
-0,02162571
0,05739371
0,02471902
0,06524926
-0,003936407
0,04335391
0,0739292
0,08426376
0,06659122
0,04664931
0,1245756
0,07344458
-0,0203396
-0,07880984
-0,08778219
-0,02749235
0,1415401
0,02602764
-0,002791025
0,09946695
0,1217344
0,04671483
-0,05590793
0,0007044305
-0,06294668
-0,1009726
-0,08529494
0,005790222
0,0165094
0,1227797
0,05515347
0,1507233
0,01808321
0,007334183
-0,008590429
0,03536979
-0,04604989
-0,05620299
0,0277615
0,07253238
0,05438689
-0,01732704
-0,03283311
-0,05225496
-0,09316384
-0,04129337
0,01347155
-0,01954557
-0,06554476
-0,02735231
0,07113373
0,01871661
0,07248218
-0,00604813
-0,08502989
-0,08133592
-0,03665572
0,06606893
0,0762514
0,0889392
0,0782659
0,1306945
0,03487084
-0,00956308
0,004019343
0,01167693
0,06713985
0,02648369
-0,004731024
0,01836037
-0,01401427
0,02792934
-0,000939993
0,03237993
-0,0160059
0,01242973
0,08409555
0,01383811
-0,02059097
-0,03305387
0,08780079
0,05042605
0,08536079
0,009836813
0,01697496
-0,02905071
-0,06580097
-0,03489798
-0,007414011
0,02850633
0,03193576
0,08785542
-0,006595863
0,03280319
-0,006234714
-0,02542464
-0,07178
-0,06756836
-0,02252194
-0,002657908
-0,0486392
0,04894283
0,009990635
0,03069063
0,03807684
0,100885
0,08434175
0,06752113
0,03618615
-0,04468142
0,03020903
0,02139511
-0,01487985
0,003629426
0,006863653
-0,03588785
0,04576854
0,07525608
-0,06579188
0,01690621
0,01443404
0,0314569
-0,04240323
-0,04626373
0,04087095
0,04638348
0,01505283
-0,1007399
-0,01157057
0,00587351
-0,02716829
0,00151387
0,0654401
0,09883799
-0,004846671
0,1094526
0,196525
-0,003993096
0,02091546
-0,0648197
0,001790009
0,0156052
-0,03689321
0,05195615
0,025649
-0,001647174
-0,004934522
-0,07492299
-0,1069658
-0,05031296
-0,03485204
0,05253514
-0,0255344
-0,03971526
-0,002916583
-0,003901648
-0,0009337505
-0,04071037
-0,005420841
0,007150773
-0,001122539
0,05187047
0,02512309
0,01832674
-0,07239069
0,0285568
0,1084422
-0,01023804
0,01018973
-0,05636555
-0,001498626
0,06365118
0,009603598
0,01793522
-0,03277355
-0,0308455
-0,0813094
-0,09471373
-0,05903653
0,01233084
-0,03026354
0,1110041
-0,04650526
-0,01571429
-0,03341994
0,03209793
0,07466864
-0,06942073
-0,04786569
-0,04732406
-0,07146516
0,03132226
0,1384375
-0,04867421
-0,09649868
-0,02895022
0,03995338
0,01895752
0,05110185
-0,07142496
-0,05834745
0,01930878
0,0495851
0,05870255
0,05922246
-0,001805614
-0,002492742
-0,02928298
-0,05065843
-0,002222152
0,06529462
0,02880094
-0,08480336
-0,03765566
0,003720446
0,1160991
0,07015143
-0,08378514
-0,0959083
-0,05117765
0,01342758
-0,04545178
-0,02279672
-0,06228801
-0,06100409
-0,04649855
0,06317536
0,07196113
0,02044165
-0,03004009
-0,05639726
0,02467768
0,0793907
0,0599534
0,08056881
0,03773068
0,01535618
0,003488391
-0,02845789
0,07678872
0,1059104
0,009615043
-0,188473
-0,1052693
0,08266725
0,2007154
0,04645354
-0,03941423
-0,02163007
0,02630067
0,02124964
0,01312579
0,0535164
-0,04491365
-0,08651467
-0,03934464
0,03428073
0,03743109
0,0448194
-0,05362984
-0,06440149
0,03004838
0,05962172
-0,002030989
0,05804944
0,04466609
-0,02620631
0,004268805
0,05464705
-0,003287133
0,09195647
0,1308305
-0,06682471
-0,02762502
0,1214277
0,1410456
0,01188606
-0,1369401
-0,003956987
0,04987878
0,1426844
0,05857656
0,06443723
0,008044642
-0,08374317
0,04074254
0,1385166
0,02932653
0,07208746
-0,01368647
-0,06168281
-0,002236031
0,03159706
-0,02165234
0,04477789
0,04441267
-0,01331212
0,1161349
-0,004181249
-0,02219631
0,08526642
0,1578043
-0,07057475
-0,09615225
0,1013256
0,1343457
0,09131875
-0,1142737
-0,05285865
0,04681806
0,1662855
0,1143137
0,1695324
-0,03930045
-0,1043403
-0,009628852
0,07800309
0,01831559
0,1220025
-0,04451506
-0,03932368
0,0344474
0,1126444
0,01973344
-0,05084455
-0,03075797
0,02942655
0,1145035
-0,01405611
-0,07265617
0,08870339
0,2241129
-0,02581983
-0,1022884
0,08348152
0,1758124
0,07405241
-0,05834397
-0,06612096
0,02620815
0,1217787
0,1100418
0,1545183
-0,05533173
-0,1237976
-0,01512222
0,006917275
-0,001687271
0,05569345
0,0129052
-0,006699975
0,01485057
0,1162417
0,03056133
-0,01332821
0,01217167
0,0219212
0,02595973
-0,03709115
-0,05377656
0,09435225
0,1764094
-0,007932867
-0,09747326
0,01090622
0,07172074
0,08276559
-0,08102046
0,008797119
-0,01600717
0,005259027
0,005374672
0,1105058
-0,02406025
-0,06639232
0,02658683
0,0364085
-0,006531488
0,05041033
-0,04019257
0,01103688
0,03571158
0,1030049
-0,04315472
0,07404923
0,08195288
0,03655837
-0,01682768
-0,1018385
-0,05615451
0,1128673
0,1448451
-0,02235625
-0,1163578
-0,0604432
0,06475265
0,1511409
-0,002521306
-0,08240341
-0,05476262
0,0481597
-0,03230552
0,0007987246
-0,02303791
-0,08838313
0,05919104
0,001364162
-0,01060917
0,009247275
-0,09938031
0,07108968
0,03463887
0,03389933
-0,127315
-0,06168071
0,03807449
0,05789994
-0,06953892
-0,09313455
-0,04803337
0,06264902
0,1748953
0,0286959
-0,1615447
-0,08836176
0,05348652
0,06937129
0,05607519
-0,04889561
-0,01465198
-0,02436767
0,1183083
0,1767457
0,07244742
0,01530607
0,02784705
-0,04003977
0,00654731
0,0812611
-0,04801967
0,08030669
0,04270158
0,1311454
-0,08963748
-0,06184622
0,02442651
-0,004317946
-0,06758209
-0,1357846
-0,03362627
0,02707146
0,07668987
0,07202031
-0,0620553
-0,07265661
-0,007648506
0,02220303
-0,05308852
0,0439673
-0,01282298
0,06555001
0,0006362523
-0,08144533
0,07760163
-0,002043722
0,009599735
-0,01023702
-0,04482016
0,0509511
0,0209043
0,09750216
0,01001826
0,06393715
-0,06348474
-0,07761998
-0,008737278
0,02657099
-0,03526902
-0,1165363
-0,09161885
-0,01664193
0,08838901
0,1323782
-0,04686715
-0,09173969
0,07153744
0,107945
-0,03202539
0,005077373
-0,01204897
0,007344176
-0,0159221
-0,01481255
0,05197491
0,07490207
0,0495636
-0,02985783
-0,02080618
0,06068945
-0,01673258
0,09803346
-0,0107653
0,02256461
-0,0288636
-0,04454549
-0,02884477
-0,003896159
-0,02365022
-0,07476831
-0,03586883
0,01223776
0,06843854
0,1489405
-0,02384403
-0,0483043
-0,09955365
0,03183424
-0,03401331
-0,04340333
-0,0416039
-0,07484227
0,008808387
-0,0600469
0,04633267
0,05835066
0,0146916
-0,01375045
-0,05659128
-0,05965936
-0,05732651
0,06054959
-0,0223223
0,06854869
-0,02916938
-0,03968379
-0,04449906
0,0338659
0,0698195
-0,05893563
-0,03750166
-0,1086922
-0,06064887
0,01206827
-0,04182335
0,00872405
-0,01630251
-0,03412266
-0,009941461
-0,05017254
-0,004668406
-0,02983519
-0,01233939
-0,02429117
0,05417757
-0,006425058
0,0595447
0,1959544
0,08666544
-0,009290923
0,08318274
0,03779357
-0,06321
0,0787636
-0,0171217
-0,03154499
-0,08101023
0,06807735
0,1090613
-0,03939635
0,0236044
-0,07589179
0,006429074
0,06437925
0,04685479
-0,007633843
0,03862352
0,03565881
0,05101554
0,06178175
0,183514
0,1856429
0,1118709
-0,006807387
0,05937383
0,06181115
0,05910287
0,0664607
-0,07820781
-0,1473672
-0,008639417
-0,001750196
-0,04753495
1,030117
