0,1198433
0,07001441
-0,05281392
-0,007858593
0,1764135
0,1162389
0,02427166
0,04325447
0,2108938
0,2787943
0,07193039
0,09025605
0,2964489
-0,05516828
-0,001155173
0,2449456
0,1257314
-0,05072744
0,1870779
0,3777458
0,6115495
0,3101733
0,08329505
0,3387111
0,3305556
0,3929747
0,5607201
0,2701218
-0,06262598
-0,1475371
0,09138066
0,02364517
-0,2308104
-0,2879387
-0,3034126
-0,2977089
-0,345745
-0,2588494
0,01566027
0,1183837
-0,1450716
-0,1596366
0,1960981
0,1568274
0,2894351
0,2294121
0,09937382
0,0617019
0,3779304
0,322679
0,06778195
0,09454812
0,1374072
0,354948
0,2568944
0,2954499
0,1486366
0,04812637
-0,002340759
-0,01606705
-0,03600357
-0,2241476
-0,1467136
-0,1760857
-0,09705504
-0,1983964
-0,3217865
-0,1016952
-0,1014601
0,1561429
0,1658354
0,1098599
0,02815472
-0,06202757
0,05077082
0,6117073
0,433487
-0,02438352
-0,07919624
-0,04260304
-0,0639376
0,09030241
-0,1994142
-0,1427171
-0,07753489
-0,146485
0,005539576
0,0717777
-0,02702892
0,1383244
0,06726067
-0,1637175
0,1121209
0,004183684
0,1360986
0,1396899
0,08950413
-0,09372651
0,0625971
0,02213058
-0,07490157
0,1314647
0,04822841
0,3230785
-0,0831928
0,07859217
0,1327652
-0,1449
-0,1111476
-0,3384189
-0,4534622
-0,4238334
-0,4334229
-0,3580575
-0,1443379
-0,2028297
-0,1320819
-0,05318238
0,1329123
0,1836639
-0,07149966
-0,1984911
0,04714985
0,147452
0,1735627
0,2113573
0,2218775
0,3107068
0,4320378
0,1916443
0,09278918
0,06141522
0,09639079
0,01213961
-0,1706015
-0,03347164
-0,05567098
-0,172472
-0,2463751
-0,1214876
-0,1314977
-0,03060604
-0,03254908
-0,1195092
-0,09839617
0,02868413
0,02157802
0,1205077
0,08265535
-0,07130552
-0,2044267
-0,2711028
-0,007534003
0,08507035
0,2752245
0,1994096
0,2013824
0,0004726567
0,1578382
0,0746052
-0,1391767
-0,2463
-0,1533137
-0,2734548
-0,1723306
-0,1277296
-0,1154775
-0,06556535
-0,2059885
-0,007250025
0,1341244
0,1867624
0,1635795
-0,1880739
-0,1464213
0,1752331
0,05275423
-0,03168688
-0,05438535
-0,1412952
0,09575134
-0,01254488
0,07958435
-0,006334927
0,06109611
0,02269069
-0,1173618
-0,2214968
-0,1443823
0,1008125
-0,1468673
-0,2768538
-0,362187
-0,3602729
-0,1246379
0,0757411
0,1626921
0,05369568
0,07107023
-0,1694862
-0,208335
0,009767238
0,03280199
-0,1731863
-0,09626995
0,3338633
0,1458267
0,03046698
0,05443267
-0,1493444
0,1711854
0,005035717
-0,08994937
-0,07634065
0,02148437
-0,1162471
-0,1367213
-0,2279476
-0,1793846
0,01973149
0,002652777
-0,2472544
-0,4189279
-0,1134394
0,08875483
0,3707047
0,489538
0,2548632
0,4005318
0,2970262
-0,02310256
0,2417459
0,2726412
0,04959321
-0,002058461
0,08924837
0,0482559
-0,01336835
0,01264421
-0,02315799
0,06870051
0,08089723
-0,04519279
0,06789587
0,1103899
0,06060247
0,02368934
-0,05291201
-0,06710874
-0,02230651
-0,3317831
-0,3268404
-0,1664816
-0,005265069
-0,2526211
0,09960707
0,0858742
-0,1166048
-0,002988344
-0,09196591
0,1242757
0,1145592
-0,2500663
-0,199039
-0,2001034
-0,08192323
-0,03984203
-0,1720006
-0,07113824
-0,1795422
0,0992176
0,09481338
0,03602742
0,01675031
0,3639444
0,4002469
0,275742
-0,1014949
-0,3234344
-0,2255929
-0,2232933
-0,4635326
-0,1877199
0,03070179
0,03643052
0,2517147
0,1381162
0,1416066
0,1576931
-0,05818789
0,01588951
0,09341816
0,04621564
0,1780279
0,09006919
0,2145047
0,08693121
-0,2706973
-0,0902771
-0,166031
0,2457454
0,2178896
0,1597884
-0,02807894
0,2757341
0,09432241
-0,07674877
-0,07598327
-0,2554012
-0,202702
-0,2387829
-0,06349852
0,4808834
0,2591755
0,1048644
-0,07068441
0,02633136
0,3811651
0,1899141
0,2194299
0,1451548
0,1422547
-0,07071445
0,04705563
-0,2099748
0,2916089
0,2788055
-0,02435219
0,08508755
-0,03982413
0,08152075
0,2910838
0,3335217
-0,01316887
0,1021538
-0,00148393
-0,3176514
-0,2539267
-0,02522751
-0,01979473
-0,02097501
0,06084103
0,2066991
0,1121429
0,00977147
-0,2074385
0,127377
0,09872899
-0,05566526
-0,1273878
0,01345792
0,08443437
0,06878542
0,2282308
0,07233366
0,3186275
0,1650072
0,09684632
0,1197934
0,01427454
0,01361711
0,2277045
-0,05975643
-0,2895979
-0,1485164
-0,4239322
-0,3614318
-0,06431834
-0,03944606
0,07885884
0,240598
0,2473536
0,1697857
0,07604615
0,06713001
-0,2540521
-0,2522457
-0,1190621
-0,07995045
0,1111218
0,1255663
0,2570191
0,3256555
0,3098005
-0,04060494
-0,0281015
0,1583732
0,09274784
-0,01592648
0,08707742
0,0460727
0,1821452
0,06075346
-0,1602477
-0,04017066
-0,2611488
-0,3469442
-0,1001811
0,02405192
-0,08477838
-0,01557271
-0,09401999
0,2376923
0,03613365
-0,162324
-0,3764256
-0,09748964
0,03514036
-0,02882901
0,1179477
0,1873894
0,05310356
-0,03209225
0,09423704
-0,08630456
-0,05789482
0,2996802
0,08067141
-0,1387243
-0,006707176
0,0569468
0,001781611
-0,05570717
-0,1989861
0,1468642
0,05169853
0,1189483
0,193991
-0,04181014
0,05517513
0,1954069
0,06035643
0,2444721
0,1457686
0,1459613
-0,03886748
-0,1186774
0,01015419
-0,105543
-0,05813329
-0,1032715
0,08072208
-0,1103015
0,002897395
-0,07081188
-0,04003849
0,09844559
-0,0543991
0,01249753
0,04665247
-0,215842
-0,05874861
-0,06832138
-0,3100801
-0,2856203
-0,08648773
-0,07142323
-0,2215909
-0,2730532
-0,04620278
0,07175472
0,1773636
0,05446825
-0,1828866
0,1686523
0,2892474
-0,03888018
0,09650794
0,1747357
0,1347722
-0,04721086
-0,0873218
-0,005401114
0,1325282
0,04691647
-0,09771623
-0,1707723
-0,2006072
-0,15305
-0,05134528
-0,1046911
-0,1358494
-0,2464179
-0,05983115
-0,003459704
0,01006437
0,03148891
0,1160061
-0,113956
-0,06884293
0,03360117
-0,03628215
-0,1723126
-0,1527168
-0,01883967
-0,005208571
-0,1016988
0,1622876
0,2997844
0,2738273
0,1807484
0,03179805
0,03131042
0,2551806
0,1018163
-0,09650813
0,006094575
-0,08655499
-0,20892
-0,03344926
0,2027283
-0,1585337
-0,05637533
0,03383766
-0,01299229
-0,04341276
0,06193973
0,2402084
-0,008778553
0,0659383
-0,06186393
-0,1139676
-0,06210404
0,0878382
0,2632606
0,3925204
0,4139928
0,1386425
0,02515505
-0,1868763
-0,08592824
0,04893687
-0,1055154
-0,06712003
0,04077252
-0,1333953
-0,1851012
-0,152679
-0,102649
0,06157042
0,09755659
0,007262853
-0,1130673
-0,1247848
0,0736563
0,2062965
0,09475086
0,1520257
0,08250138
0,2299442
0,2634024
0,2097192
-0,002292425
0,07129238
0,1018335
0,3198544
0,3378554
0,1998103
-0,02568351
-0,1555495
0,0457409
-0,05436967
-0,1196932
-0,2645051
-0,4073209
-0,2679898
-0,1765465
-0,01770084
0,05722462
0,1412684
0,03559792
0,002268588
-0,01254147
0,1369872
0,1888005
0,1855991
0,0224533
-0,2029826
-0,1687271
0,0305082
0,09389888
0,1207882
0,08605945
0,2026184
0,1573187
0,03378881
0,2869578
0,391005
0,00829156
0,05651555
-0,03688224
0,03060603
-0,1831667
-0,2935207
-0,1733129
-0,0228712
0,06976304
0,0001616602
0,03364835
0,291968
0,8729835
