-0,002851439
-0,03476239
-0,03118207
-0,01558923
-0,01669255
0,04747345
0,02000357
0,02355749
0,01570262
0,01166059
-0,06760158
-0,02084036
-0,04166835
-0,07475553
-0,04465122
-0,004946318
0,01442812
-0,03309473
-0,01008885
-0,01406694
0,02500257
0,01823031
0,01013908
-0,04244002
0,001025205
0,002426072
0,01469043
-0,01519868
-0,0272369
0,02312354
0,01782552
0,01715409
0,01483164
-0,01855255
-0,0306603
0,04264398
0,03241226
-0,008132464
0,004190213
0,00116652
-0,03960022
0,01985845
-0,01606326
-0,04797919
-0,04044359
-0,02464891
0,004398669
-0,02840466
-0,02481049
-0,05674906
0,0001576518
-0,007928729
-0,01476975
-0,04105759
0,007967988
0,01827241
0,06184327
0,01853421
-0,01174239
0,02907525
-0,005590756
0,009271776
0,03787983
0,01063678
-0,02051494
-0,008269283
-0,004207611
-0,01467669
-0,05121476
-0,07000252
-0,005654721
-0,01326379
-0,006401442
-0,03083891
-0,001620908
0,017205
-0,04206813
-0,04240511
-0,007541141
-0,02820754
-0,003464546
0,001333593
0,02124328
-0,000482052
0,02976814
-0,01313813
0,02512601
0,03561154
-0,009472974
0,01934779
0,01635287
0,03589318
0,06409788
0,03838616
0,0309451
0,001248315
0,03691657
0,02880728
-0,01959611
-0,04468274
-0,0006658874
0,04115519
0,01491063
-0,01610761
0,004152008
0,01080203
-0,006667333
0,004122494
-0,05311108
0,002307785
-0,01230463
-0,009079109
0,02100422
0,0383929
0,004965758
0,004377714
-0,02707218
-0,02399263
-0,03143744
0,0112628
0,05122
0,03636266
0,05427653
0,0502525
0,01698521
-0,005869503
0,02581517
0,01757092
-0,03301017
0,03190587
0,05529825
0,0491868
0,05270896
0,03385324
0,05485788
0,0403569
0,06999473
0,05966443
-0,008533484
-0,05384621
-0,04365437
-0,02942978
-0,02629126
0,04774758
0,04036582
0,0294474
0,008088488
0,02190218
0,03211601
0,03170603
0,04886303
0,09118581
0,07840929
0,09021275
0,01266108
0,02524992
0,03717444
0,01014627
-0,01270251
0,02942665
0,02607538
0,03346359
0,05991844
0,03653298
0,02022971
0,00258297
0,02477734
-0,005046715
0,006010094
-0,01698324
0,001518593
0,008575501
-0,03373384
-0,02497784
-0,04251384
-0,007610829
-0,003070459
0,0119554
0,02049324
0,006881373
0,03597317
0,04212506
0,06496267
0,03467962
-0,03493832
0,05622736
0,07820654
0,07285517
0,03417361
-0,007733976
0,00830407
-0,007320499
0,02007401
0,07327129
0,0651647
-0,02383667
-0,01565164
-0,01459426
-0,002429864
0,03961124
0,05234521
0,03381007
0,002033217
-0,01003298
-0,006814955
0,005841766
0,05139536
0,03199011
0,03332596
0,01476106
0,04156515
-0,004839663
0,06628693
0,06963015
0,01687573
0,1065219
0,05571327
-0,003653669
-0,05521693
0,008077316
0,01896178
0,06440162
0,01948241
0,0007166207
0,05385702
0,01009843
-0,03002281
-0,01304322
-0,002613525
0,01262676
0,002032913
-0,002731737
0,01267889
0,02549547
0,02133317
-0,0383004
-0,01136221
-0,02949904
-0,01274142
0,01853627
0,02958003
-0,003011729
0,02307397
0,04560629
-0,003958983
0,02882021
0,02877946
0,01884198
-0,005568597
-0,007447393
0,06794268
0,0562181
0,08576735
0,02863105
0,0360415
0,01506424
-0,01737087
0,01920733
-0,03516203
-0,02142547
0,0492489
-0,01375845
-0,0169701
0,02662075
-0,0109938
1,963536E-05
-0,04177584
-0,0366307
0,008360498
0,05251824
0,01660003
-0,01541456
0,02166872
0,03715178
0,009136572
0,02725505
0,02348835
-0,04680035
-0,04273589
0,006417491
0,0494572
0,03606609
0,1065387
0,0253611
-0,01955408
-0,01808649
0,009883462
-0,02071054
-0,02560152
0,002239747
0,04128241
-0,007177912
-0,04146375
0,0101557
0,004828747
0,007431488
-0,03612733
-0,01164776
0,02532329
0,04888113
0,05210013
0,01306486
0,00412598
0,03039414
-8,997494E-06
0,004158083
-0,02936113
-0,02311497
0,005462173
0,05381274
0,02183666
-0,009187314
0,0205621
0,00231522
0,02267764
0,04838568
-0,001015618
-0,03725593
-0,07297923
0,005944984
0,04640034
-0,01502573
-0,03617698
0,01718597
0,04906419
0,02683004
-0,01752098
0,002436621
0,01984276
0,03305916
0,0171606
0,07717441
0,04957328
0,02471922
0,008629597
0,001511993
0,03747765
0,03106709
0,02256339
0,009264603
0,01413075
0,01973383
-0,0006147828
-0,003752593
0,04401947
0,01066802
0,006496144
0,009227322
-0,04171748
0,03049834
0,03504426
-0,02420967
-0,04677004
0,02601205
0,03395663
0,002817378
-0,03823896
-0,0547201
0,00803916
0,04059386
-0,002852648
0,01053397
0,0201318
0,01608436
0,03332564
0,04411816
0,01169076
-0,01076454
0,01155836
0,0159719
0,03681913
0,03268579
-0,006561351
-0,06874511
-0,02701963
0,02623226
0,05802177
0,02051751
-0,01268148
0,03824866
-0,01739909
-0,01919137
-0,03424577
-0,01975048
0,02153072
0,003418051
-0,06457126
-0,03006676
0,02541018
-0,002039789
0,05234997
0,02564184
0,0004694538
0,0161758
0,02699458
0,005945349
-0,009146006
-0,00246943
0,004683904
0,002215201
0,02874201
-0,02056499
-0,05147958
-0,04316714
-0,002824848
0,0007721927
0,03963943
0,015589
0,01250383
0,003799816
-0,003196105
-0,03380777
-0,0487763
-0,02658792
0,06473931
0,0337815
-0,03285837
-0,01013789
0,0661543
0,02486315
0,04410803
0,01069784
-0,006743358
-0,02037524
0,003172472
0,01813535
0,02300631
0,006172787
0,01502364
0,01548992
0,03689603
-0,0723016
-0,04649264
-0,04393874
0,03769094
0,04812166
0,03809958
0,01672605
-0,01568433
0,02268223
-0,01649497
-0,00584862
-0,04993381
-0,03107534
0,07223384
0,01696138
-0,06840225
-0,02098321
0,006184972
0,03898111
0,05349213
0,05127806
-0,000298399
-0,003080236
0,01630824
0,04284049
0,04146453
0,01189613
-0,01749357
-0,02276448
-0,01721392
-0,02894932
-0,009411895
0,01395097
0,07348152
0,05774013
0,02477075
-0,01905463
-0,00211922
-0,009365447
-0,06528322
-0,06221954
-0,06859764
-0,02966004
0,06092352
0,01053839
-0,04207477
-0,006441558
0,01213442
0,02808884
0,0196915
0,01307899
0,007352593
0,03516859
0,02305598
0,04953956
0,01170058
0,01771183
-0,03066983
-0,06682357
-0,0402318
0,04477182
0,04039001
0,08007482
0,1069009
0,001235334
0,003581436
0,004602074
0,02158063
0,01890018
-0,0379675
-0,04936366
-0,0822897
-0,01222081
0,08967612
0,07393517
-0,0288871
-0,04955432
0,00682883
0,01430858
-0,01107824
0,009452688
0,02050305
0,01166091
0,004510527
0,02415395
0,01151775
0,0267309
-0,02738304
-0,01980009
0,0037534
0,042214
0,09164397
0,09051577
0,054281
-0,0218899
-0,04693082
-0,01502827
-0,03620391
-0,003544281
0,007728219
-0,01769642
-0,03902498
0,004910243
0,08235523
0,0449537
-0,08933457
-0,06686929
-0,002571158
0,03688598
0,01500968
0,02922728
0,01910375
0,03977588
0,04023127
0,02798718
0,04781535
0,04413093
0,04687613
0,0933053
0,1368259
0,1289829
0,08996452
0,08648062
0,07424574
-0,02395262
-0,01332076
0,05011334
0,01539248
0,06564975
0,08920866
0,01548736
0,01539461
0,06953043
0,1073336
-0,02821476
-0,02909608
-0,02881906
0,04302245
0,05591298
0,03195834
0,02366406
0,03864114
0,02743793
0,0538288
0,01385125
0,01367468
0,0177337
0,01457134
0,04522292
0,06027748
0,03800292
0,06500368
0,0325583
-0,006836771
-0,06037934
-0,09450749
-0,04231347
0,0002440065
0,02224615
-0,004889255
-0,02761894
-0,04048731
0,03298778
0,04882979
-0,02137611
-0,01992211
-0,03057695
0,008557538
0,05768972
1,069192
