0,0007272437
0,02116955
0,06999708
-0,002371977
-0,009259493
0,0267274
0,01015996
-0,04570962
0,03344497
0,03046132
-0,01890222
0,02155359
-0,001804707
-0,02014704
-0,008743912
-0,04667535
0,03401411
-0,04799784
-0,0001921566
0,002422696
-0,06128542
-0,06124049
-0,02438948
-0,02771248
0,00354039
0,06224164
0,03991776
-0,01225642
0,05587223
0,09713463
-0,02072881
0,01741734
0,04813915
0,001929506
-0,03572805
-0,01914034
0,06398977
0,0369609
0,07157837
-0,02618859
0,01085146
0,02866961
0,006710449
-0,05117144
-0,05860555
-0,04779869
-0,001523541
-0,06221542
-0,07410641
-0,09378635
-0,07515125
-0,1068923
-0,06575686
-0,05726563
-0,02344708
0,1116647
-0,01246624
-0,07023034
0,03799463
0,0512568
0,001272871
0,02619489
0,1026095
0,03213567
-0,03047697
-0,01634277
0,07097629
0,0633473
0,1282098
0,09424568
0,04339262
0,06726995
0,03522473
-0,04173388
-0,02623137
-0,0184404
-0,06917229
-0,07703866
-0,06284474
-0,09352773
-0,07440043
-0,1077579
-0,02522148
-0,005311402
-0,0536704
0,02554712
-0,007904515
-0,0361264
0,0128386
0,03233925
-0,02144371
-0,01173175
0,1409269
0,02918416
-0,03094659
-0,01449506
0,02910287
0,09303598
0,07751105
0,05514235
0,09413525
0,1206138
-0,00470478
-0,08458924
-0,07346923
-0,09172904
-0,06046337
-0,02709815
-0,0246916
-0,1055511
-0,1268651
-0,04702843
-0,05427772
-0,04654511
-0,09917875
0,035274
0,02309659
-0,04929852
-0,04323594
0,04926283
0,0147289
0,00177752
0,1706391
0,07209241
0,05895027
0,02594015
0,02529596
0,1051841
0,06659657
0,01883017
0,05876088
0,05909963
0,08896198
-0,002411962
0,002628739
-0,006978243
-0,005411985
0,003135039
-0,04191728
-0,0574875
-0,07193911
-0,06890754
-0,07849861
-0,05606119
-0,06048263
0,02996076
-0,03316703
-0,05091948
0,005001175
0,05254462
0,0315823
0,04389083
0,03832857
-0,03146823
0,01310468
0,03550648
0,05361302
0,07076578
-0,008759786
0,01799299
0,03937061
0,0877287
0,1297652
-0,04803032
-0,02766841
0,03489488
0,06033868
0,005107539
0,001511702
-0,02210038
0,006764574
0,007168839
-0,09569542
-0,01779284
-0,09279329
0,001396101
-0,02236274
-0,007686042
-0,006205641
0,003402123
-0,02879716
0,01963785
0,008523705
-0,07725707
-0,05353314
0,03060711
0,06420702
0,02092682
-0,06366809
-0,0004023335
0,03899791
0,06712499
-0,05781006
-0,04118768
0,07631097
0,08636812
0,1051848
0,07808968
0,03978042
0,01061293
0,04056072
-0,01488202
0,0004009687
0,0397604
0,03221904
0,07172988
0,06396578
0,02309585
-0,01052908
-0,0049265
0,01650905
-0,001449755
0,06417603
0,009814518
-0,01226112
0,04646358
0,03728884
0,05262563
-0,03672324
-0,02298316
-0,02856159
0,04219088
-0,01945609
0,002686716
0,05339461
0,04822587
0,1193007
0,04928456
-0,001152898
-0,02394849
0,001572187
0,003869915
0,0791444
0,0942298
0,01604743
0,05831959
0,05758961
0,003697697
0,03761646
0,01567108
0,00255908
0,01256263
0,02052885
-0,01269142
-0,02255657
0,001781514
0,003456593
0,05554983
-0,002933581
-0,000103154
0,01201869
0,03864151
-0,003202386
0,00292737
0,05026003
0,05357305
0,06482515
0,03250229
0,0433916
0,03044
0,06999844
0,0661523
0,09821547
0,09123541
0,07247794
0,08850847
0,04692617
0,04502439
0,09206126
0,04364206
-0,03805133
-0,05114182
0,00419468
-0,01992218
0,01360436
0,02359536
0,0003378461
0,007057907
0,04341184
0,04303743
0,03909948
-0,01385764
0,02193121
0,02727272
-0,04891468
0,04713896
0,0535918
0,0008702871
0,03168647
0,02779761
0,0734188
0,007250527
0,05476343
0,05660382
0,06988098
0,06232277
0,06642759
0,07371821
0,07889493
0,03270846
0,01272532
-0,008172956
-0,008998051
-0,02546187
0,03002058
0,001078709
0,01910873
0,01716109
0,00512093
0,04419326
0,0249533
-0,02606777
0,04967183
0,03672175
-0,02051948
0,0311998
-0,005481277
0,01456887
0,04876377
0,05177784
-0,0154373
-0,00372284
0,05461552
0,1043286
0,00879556
0,04066983
0,08385541
0,09600101
0,01242816
-0,02535285
-0,03387791
-0,02873871
-0,0004864497
0,008093354
-0,01673783
0,001757257
0,06605128
0,05770908
0,0002972004
0,003206121
0,03390482
-0,002441072
0,06714027
0,09000599
0,02916245
-0,006869086
-0,0560127
0,0420231
0,05960452
-0,03019017
-0,06065914
-0,02012112
0,05779253
0,06553411
0,03448676
0,05929188
0,0591168
0,0308245
0,05435099
0,02251397
-0,04334519
-0,01204648
0,04848892
0,01703919
0,01217179
0,06541116
-0,01315339
0,01506782
0,0007062855
-0,02756544
0,05847178
0,04006366
0,008249471
-0,0205977
0,03011415
0,02838029
0,05820195
0,03790197
0,04574264
0,02423284
0,008690372
-0,01080393
0,07450949
0,07381602
0,1163541
0,0987099
0,03637901
0,05685948
0,01566298
-0,005007185
0,01765822
0,02735174
0,005058898
-0,02135604
0,007587735
-0,006547658
-0,02629507
0,01040345
-0,06528872
-0,03918221
-0,0187047
0,03112067
0,02921256
-0,007437679
0,02354625
-0,02108089
0,01332559
-0,0144196
0,006004274
0,02284104
0,01311232
-0,01983607
0,01431101
0,0880542
0,1154067
0,09036759
0,08942268
0,05180487
0,05239553
0,01733511
-0,02146292
-0,04696078
0,01572103
0,025445
0,04000212
0,04426752
-0,01229513
-0,01884141
-0,04114103
-0,03894931
0,06764141
0,07909372
0,01146877
0,00249713
0,05556912
0,03946846
0,04712907
0,0718056
0,007592932
-0,03118368
-0,08387776
-0,01906807
-0,04472489
0,01551118
-0,0006217221
-0,02988744
-5,144264E-06
0,03830738
0,07287224
0,03839464
-0,008867738
-0,02104397
-0,008953553
0,05635518
0,04524141
0,04093307
0,0109468
0,05995853
0,06653069
0,06584705
-0,02261394
0,01049162
0,0518434
0,02910125
0,05784271
0,01748348
-0,03461525
0,0003333893
0,01377975
-0,001711314
-0,05517998
-0,08925386
-0,0449241
0,0316763
0,0326098
0,02712892
0,02643264
0,02587274
0,03630287
0,04381051
0,01281808
0,01581964
0,06074106
0,06139482
0,07501148
0,06943808
-0,00518439
0,002722186
-0,01840226
0,04795592
0,05421314
0,07205853
0,08402405
0,05757441
-0,02417165
-0,01271924
-0,02029356
-0,0258981
0,006110221
0,007059955
-0,078759
-0,07017222
-0,07115524
2,906403E-05
0,01408636
0,00837858
-0,04169584
-0,01078846
0,05048661
0,04959926
-0,01521756
-0,02007777
-0,01922022
0,0422252
0,04245677
0,06324144
-0,001443502
0,01887034
0,03260779
0,02694161
0,004016371
-0,02357723
-0,0277951
-0,0324178
-0,0570146
-0,09275658
-0,02262011
0,03703832
0,05546379
-0,005201338
-0,01834871
0,03850215
-0,02544056
-0,02549729
-0,01005033
-0,0497888
-0,04689073
-0,01640744
0,04059466
0,04297784
-0,01155736
-0,03021308
-0,005968426
-0,001637551
-0,01350932
-0,03469879
-0,02392563
-0,0009417962
-0,04272237
-0,03462135
0,01511454
0,06927194
0,0326619
0,04389833
0,04087436
-0,01692674
-0,04150254
-0,007914236
0,005756851
-0,01875681
0,00525217
-0,003574055
-0,01335671
0,03678632
0,04044843
-0,06905505
-0,04623492
-0,001197785
-0,005329768
-0,006678817
-0,001409517
0,02458946
0,06574718
0,02180225
-0,009879479
-0,04647181
-0,0536517
-0,05200217
0,07456608
0,05987282
0,03912224
0,07880805
0,08854146
0,005527403
0,001334032
0,02168238
0,01277928
-0,01985043
0,01377794
-0,00370598
-0,04935351
-0,02480314
-0,001681958
-0,01486393
-4,720822E-05
-0,01528455
-0,02046861
0,01459494
-0,01360563
0,02597903
1,019072
