0,02020325
0,01108615
0,01730858
0,01726183
0,01008175
0,0397875
0,01668718
0,000560205
0,02047815
0,04259549
0,002559518
0,007670498
0,02542192
0,02063651
0,03789331
0,01621524
-0,002005579
0,001009733
0,02407648
0,01083679
-0,01505561
-0,00370556
-0,009847372
0,003379125
0,02499113
0,03649278
0,01683683
0,02582229
0,001265889
0,002077189
0,01740339
0,01982004
0,009509082
0,02699143
0,001985418
0,01211127
0,01047352
-0,001577201
0,00106807
-0,002866235
0,0004953958
-0,00420108
0,01247684
0,008916398
0,01314282
0,03061836
0,04120118
0,03188718
0,01909171
-0,002966215
0,005778174
-0,007635536
-0,02883689
0,01161729
0,01934976
0,03215712
-0,001397443
0,01249352
0,00229588
0,005264238
0,01983513
0,007437086
-0,01320127
0,0189956
-0,007816783
-0,007023661
-0,003107004
-0,01312255
-0,006137045
-0,02523156
-0,02020933
-0,01094387
-0,005335095
-0,004127259
0,02352755
0,03592615
0,02532804
0,0161684
0,02197733
-0,003179752
-0,008752359
-0,01637808
-0,0235022
-0,01714549
-0,01768125
0,001046264
0,01351516
0,007702629
0,002985602
0,01753235
0,00310377
0,01306231
0,002220124
0,008160832
0,009833296
0,01438033
0,01503208
-0,001683393
0,00154512
-0,003172213
0,000521439
0,02265924
0,00612551
0,0266287
0,03133126
-0,007998741
0,01075085
0,0105087
0,02305284
0,009273405
-0,01507339
-0,01770081
0,006884048
0,007038591
-0,00853544
0,008224091
0,0007405009
0,0102196
-0,01136701
0,02356692
0,0004503727
-0,01055825
0,008766149
0,01503065
0,02088248
0,03136782
0,01748058
0,007619993
-0,01295161
-0,0003821959
0,01269553
0,01395723
-0,01677615
-0,005105096
0,02003181
0,008632448
0,004993073
0,02280788
0,01655812
0,01976269
0,004157264
-0,02661648
-0,007312386
0,005650795
0,002653277
0,01828426
0,01807633
0,007812952
-0,01262339
0,01603795
0,006960871
-0,006695244
0,0121563
0,04818026
0,01553742
0,005290005
0,007800374
-0,01160147
0,00223352
0,02327638
0,01689927
0,02486051
0,02479438
0,009456751
-0,009998995
-0,02075924
-0,02194936
0,002552473
0,005176869
0,008742205
0,014495
0,008201323
-0,009252721
-0,01354049
-0,01767163
0,02064805
0,008914872
0,0125383
0,006533093
0,01417482
-0,0003355473
0,01844955
0,02397993
0,02480297
0,003714377
0,001765765
0,001882455
-0,007869083
-0,007226845
0,008743858
0,005698038
-0,006204165
0,000743265
0,02563878
0,01089557
-0,007210093
0,006914323
0,01217398
0,008079446
-0,00219163
0,02564253
0,01934392
-0,01303124
-0,01079322
0,002278537
0,009945214
0,01143711
-0,008018997
-0,008653543
0,005913737
0,005212875
0,003525945
0,04493939
0,01475822
0,007915108
0,002223298
-0,001115631
0,01208862
0,01468718
0,03637682
0,02087692
0,02997125
-0,01194648
0,01692892
0,01728086
-0,006509992
0,003259098
0,003214194
0,02310134
0,01199395
0,01470126
0,01040202
0,00460996
0,0003196794
0,007300869
5,26996E-05
0,02542881
-0,002558986
-0,00209003
0,005585794
0,01057042
0,01435124
0,02409344
0,0187566
0,003288398
-0,01898925
0,006275996
0,01327284
0,02375917
0,01817146
0,02118457
0,009221663
8,665131E-05
0,02183914
0,03270877
0,01653858
-0,01666477
0,03026712
0,03065912
0,03187263
0,04351849
0,01995758
-0,005590786
0,003559609
0,005742504
0,01513137
0,01655515
0,02301463
0,03092499
0,01328861
0,006358439
0,02532084
0,02705573
0,03561815
0,03837083
0,01210709
0,01533983
0,0001662376
0,005824348
0,01352547
0,0157873
0,02673329
0,04311797
0,03531139
0,02171338
0,001548404
-0,01599406
-0,008286033
0,0009938432
0,01304049
0,00204846
0,02769251
0,01155377
-0,006967693
-0,005266488
0,02342925
0,03217018
0,0233985
0,03876365
0,007161439
0,003895667
0,01981658
0,01284733
0,008915846
0,01038713
0,007095635
0,002010902
-0,005368564
0,01633742
0,03258
0,005194148
0,02944801
0,02250434
0,02421169
0,02217008
0,01218718
-0,0133403
-0,003072503
-0,00455979
0,03246879
0,005207531
0,009694868
0,02035676
0,0161013
-0,0124857
0,02503543
0,02730145
0,03138909
0,01880569
-0,00234129
0,02275057
0,03458855
0,02353656
0,02402579
0,01689592
0,01818559
0,01870819
0,01698012
0,02113994
0,01516415
0,01178805
0,01153587
0,02633091
0,02476715
0,03192703
0,02600292
-0,01230675
0,01214363
-0,008909732
0,006724623
0,004131598
0,01163535
0,0163525
0,005278521
-0,004855194
0,01209532
0,01361131
0,02517816
0,01613207
0,02071526
0,0077508
0,02250661
0,01450317
0,0253833
0,02826198
0,007515813
0,02071801
0,01303745
0,003713504
0,02528262
0,03221983
0,02253243
0,01168963
0,02482381
0,01576862
0,01486114
-0,009034107
0,009583428
0,01343225
0,009780577
0,004486761
0,01794343
-0,008516354
-0,0002094664
-0,00338388
0,004384449
0,01967067
0,03236783
0,01982336
0,01018539
0,006336812
0,01493738
0,009966963
0,01033059
0,02383329
0,008408888
0,02171431
0,02720889
-0,002301661
0,0179392
0,04655796
0,006778901
0,01752705
0,03221446
0,01636223
0,001653227
0,01072145
-0,006111778
0,01785664
0,02001487
0,005707478
0,01639995
0,03068553
0,02177321
0,02044772
0,004483101
0,005142378
0,01738774
0,02402283
0,02867907
0,002705539
0,005382208
-0,006089745
0,006731382
0,01812115
0,01082438
-0,0001765705
0,003057589
0,005962087
0,03908991
0,02957092
0,0215293
0,03583048
0,02016379
0,01419856
0,00236822
0,01166544
0,02045626
0,004831096
0,006842957
0,01013714
0,02378485
0,001122565
-0,005867945
0,005963761
0,0249603
0,003883844
0,009383746
0,01716641
0,02513589
0,02566082
0,004553401
0,004541446
0,009339981
0,006394347
0,02780914
0,02355069
0,01854831
0,02945535
0,0212958
0,009318089
-0,0004793374
0,01626241
0,02282019
0,02017956
0,01035219
0,00662664
0,01392187
-0,004433818
-0,01714854
-0,0175008
-0,003026719
-0,01201582
0,0004356348
0,005801127
0,01639267
-0,001201916
0,0003118294
0,004999005
0,02521675
0,03513001
0,01409369
0,02553662
0,009206134
0,007693911
-0,003774096
-0,01270828
0,005255896
0,02128036
-0,00242625
0,007162877
0,01642761
0,02855189
0,01217132
0,008676586
0,01512673
0,01834401
0,02790939
0,01609851
-0,001675399
-0,00221388
-0,00687357
-0,02363434
-0,008711344
-0,001387683
0,02460716
0,004858036
-0,005179155
0,008946178
0,03248537
0,01972263
0,02312966
0,02277195
0,01380034
0,003110268
0,00763693
0,007322718
-0,01080712
0,007060997
-0,01137332
-0,02084769
0,01309111
0,01760332
0,02194589
0,02772104
0,02287095
0,002343094
0,006925303
0,003410668
-0,01203423
-0,02682484
-0,01113634
-0,0150682
-0,005840667
0,01187814
0,004009483
-0,01102742
-0,00743833
0,01079091
0,03678511
-0,002817203
0,01076273
0,01542509
-0,004992898
-0,02141035
-0,02884956
-0,004827047
0,001131829
0,01360134
0,005603072
-0,008710728
0,00135868
0,0185635
0,02562252
0,01922273
0,01647194
0,005535841
0,02115636
0,003817709
-0,01154723
0,01707808
0,01359523
-0,008425836
0,01165729
0,02144098
0,003063948
0,0009737238
0,01112343
0,01930768
0,009733396
-0,01774783
-0,01258949
0,03926837
0,007739198
0,002292337
0,01632852
0,0004272269
-0,002065807
-0,006244898
0,008144341
-0,005759527
0,005954612
0,03560061
0,01866606
0,0118452
0,01561674
0,008170296
-0,001555269
0,00808798
0,01196791
-0,003948089
0,01458037
0,01758603
0,03866821
0,03056123
0,01160187
-0,001673916
0,008866067
0,00258837
-0,01261526
1,018275
