-0,01881708
-0,02571781
0,1769253
-0,01538807
-0,2914625
-0,1373207
0,1962312
0,136266
0,05508454
-0,02572473
0,1140544
0,241777
0,320389
0,2453067
-0,03361138
-0,09071288
0,08434556
0,09255477
-0,3241234
-0,104032
0,1204675
-0,166896
-0,1363579
-0,2639004
0,1871164
0,005563524
-0,1156044
-0,1007906
-0,08381185
0,2586881
-0,08438827
-0,103463
0,03967541
0,1006759
-0,05511647
-0,07203136
0,235368
0,06715012
-0,3100233
-0,1316585
0,2986654
0,2523403
0,1237573
0,140432
-0,02580858
-0,08568475
-0,2477645
-0,2077228
-0,2859878
-0,1635243
-0,1939975
-0,150435
-0,1189483
-0,4182697
-0,3856687
-0,157215
-0,1424386
0,06245206
-0,002660559
0,0637913
-0,07246392
0,025868
0,1500854
0,2069379
0,1495731
0,3423985
0,4140409
0,1815401
-0,3231312
0,006607404
-0,006459749
0,2648014
-0,09844021
-0,01161463
0,2143182
0,1009779
0,1321482
-0,06748103
0,04118349
-0,244625
-0,664152
-0,5182067
-0,4226052
-0,3723477
-0,2495894
0,01656531
0,03562808
0,05077536
0,1518681
-0,009206209
0,1370462
-0,02407916
0,06759598
-0,1620106
-0,2286309
0,2173725
0,4858843
0,2900834
-0,4893471
0,008629042
0,3089575
0,03086044
-0,1963433
0,1511327
0,1769168
0,1635087
-0,05435274
-0,1765141
0,03561683
0,2540694
0,184807
-0,1120444
-0,2543056
-0,07206546
-0,045972
-0,2188567
0,2440757
0,1477947
0,08337165
-0,02852003
0,1698871
0,1096525
-0,01301632
-0,2923131
0,03612769
0,4461309
0,3843994
0,04984464
0,07674476
0,2134815
0,2351982
-0,1507538
-0,2246373
-0,03890784
0,3148608
0,3695897
0,14045
0,1277539
-0,2072417
0,432376
0,5082967
0,2152905
-0,1307206
-0,2480372
-0,4137406
-0,3059523
-0,0212698
-0,299367
-0,1901488
-0,03586819
0,2859872
0,08865605
-0,1436774
-0,2787677
0,1103236
0,03207821
0,3895308
0,1073616
-0,2819054
-0,0286648
0,1064837
-0,1466031
-0,3276989
-0,3090626
-0,04790432
0,1055974
-0,2273142
-0,0460801
0,1999865
0,3026678
0,3869909
0,5917978
0,001558502
0,02186125
-0,371619
-0,2274184
0,03570883
-0,2118072
-0,1739792
-0,1241001
0,01573799
0,1701142
0,1261457
0,1315966
0,2541947
0,503218
0,2254122
-0,1062282
-0,1897182
0,4729039
0,5062759
0,03946501
-0,09122343
-0,02749804
0,1762581
0,1388673
0,1285609
-0,1554621
-0,4008621
-0,04196155
-0,04104648
0,2226667
0,3490003
0,1886775
-0,2720381
-0,2186092
-0,02601736
-0,06699929
-0,264562
-0,1500873
0,4459322
0,1162919
-0,1660125
-0,04169184
0,06067797
0,07027027
0,004809618
0,01359109
-0,0948727
-0,04966138
-0,1223097
-0,4909641
-0,09158657
0,1195936
0,3484319
0,2677798
0,018082
-0,05051068
0,02294691
0,04201245
0,02676881
0,5430672
0,3789089
0,09372348
-0,1145714
-0,268133
0,1173757
0,1393643
0,062891
0,007216467
0,512832
-0,04827373
-0,1082718
0,1651344
0,1717553
0,09804403
-0,2100253
-0,4086445
-0,3242058
0,2316252
-0,01520191
0,0006680881
0,1638788
0,09393273
0,1883595
-0,1202398
-0,09279992
-0,04398592
-0,1970962
-0,2203405
-0,2014083
0,1201385
0,5970865
0,5497321
0,04098681
-0,08629519
0,1395898
-0,06196061
0,0380215
-0,08844081
0,319046
-0,1187649
-0,02782594
0,09971701
0,2620002
0,04416252
-0,1816729
-0,2233914
-0,07085469
0,3563936
0,2203284
0,08300667
0,1516325
-0,09327656
0,1711353
-0,00597807
-0,1808225
0,1031475
-0,2319531
-0,1938863
-0,06238549
-0,3181959
-0,08033639
0,2307176
-0,1171553
-0,07044782
0,2812607
0,0030157
0,1068256
-0,1253028
0,3836267
0,2008403
0,4921574
0,3107608
0,2261055
-0,1024117
-0,08814077
-0,1530203
-0,1321845
-0,2494425
-0,2246725
0,3907617
0,4566775
-0,02007458
0,3327121
0,5723723
0,390355
0,37798
0,4444819
-0,09188563
-0,2729069
-0,1588223
0,09849489
0,05597315
-0,1799315
-0,06096691
0,1925354
0,03581984
-0,1318235
-0,1903659
0,2001731
0,08948289
0,3889587
0,2013707
0,2217785
-0,1501692
-0,264662
-0,2441569
-0,3039233
0,02657884
-0,3203039
-0,1088857
0,3502586
0,4142665
0,400294
0,3171232
0,2638511
0,4633171
0,5620559
0,5505968
0,2473027
-0,01374214
0,001805892
-0,09408289
-0,3352092
0,06216869
-0,1160651
-0,1308019
-0,3574027
-0,09213584
0,08923239
-0,01761045
0,4661373
0,4361881
0,1699692
0,06269869
0,1285023
0,04868357
0,05933218
0,09048609
-0,1096173
-0,4496066
-0,1721478
-0,1785496
0,1608102
0,3693267
0,3318433
0,2347586
0,1526611
0,1960591
0,07938033
0,3591246
0,07329542
0,01565398
-0,06034334
0,1951573
0,035702
-0,1158818
-0,2810313
-0,001909616
0,04696265
-0,01109068
0,2823821
0,2100378
-0,041637
0,2031228
0,3515293
0,2584599
0,2010126
-0,1472616
-0,3203464
-0,1502771
-0,07096057
-0,2859694
-0,2218105
0,06625667
0,3013392
0,1314853
0,1128711
0,128803
0,1965558
0,2409298
-0,06430078
-0,1415641
-0,2770265
0,05027779
-0,1677669
0,220416
0,1643328
0,1057499
0,08876763
-0,3491777
-0,3684703
0,06096857
-0,03463499
0,2281259
-0,1481313
-0,2486896
-0,06061277
-0,1034693
-0,1961529
0,3245726
0,08141496
-0,3584302
-0,2275319
-0,1716722
-0,1145199
-0,1682346
-0,2087902
-0,125405
0,07313311
0,1286159
0,3725596
0,05235383
-0,1805822
0,3299394
0,2324103
0,4851655
0,179087
0,006979602
-0,01716728
-0,3776383
-0,7410404
-0,1883987
-0,1323647
-0,1889991
-0,1275372
-0,1212501
0,04976836
-0,0484646
-0,105834
0,1849413
-0,004264819
-0,0369943
-0,003755241
-0,246933
-0,5016845
-0,3164746
0,002720521
-0,2749641
-0,2635067
0,05304099
0,1651099
-0,0004481015
-0,2515988
0,2945825
0,2011767
0,3085631
0,1008696
0,1360846
-0,3995004
-0,1506927
-0,2894659
-0,2650999
-0,05930961
-0,1487109
-0,09575075
-0,2033047
-0,1428608
0,04023918
-0,05051874
0,396374
0,3620978
0,2232348
0,02179872
-0,01944178
-0,0205141
0,277665
0,3380058
-0,1157071
-0,1443987
0,1851591
-0,005735154
-0,001947085
-0,5585533
-0,3833293
-0,1635603
0,1046285
0,08592508
0,1676023
-0,3379689
-0,0008279447
-0,2328675
-0,1168143
0,01865898
-0,04921621
0,002234891
-0,2221371
-0,4793412
-0,3151382
-0,03440937
0,3914739
0,2123388
0,4891115
0,1584737
-0,1371493
-0,04539308
0,277577
0,5025864
0,1292787
0,2184705
0,2614264
0,1715168
0,3920688
0,001556992
-0,4908814
-0,5321174
-0,08025471
0,2470083
0,4160595
-0,1538064
-0,2165751
-0,1492184
-0,08006874
0,002088859
-0,1588321
0,1164723
-0,1649213
-0,2085529
-0,2599594
-0,3692575
-0,3510867
-0,003820539
0,1697029
-0,002648872
-0,3807173
-0,1230965
0,00450662
0,3732178
0,2578842
0,353493
0,2622433
0,4315317
0,3493437
0,08816263
-0,4058538
-0,3089804
0,09741022
-0,06145317
0,006841866
-0,02441985
-0,3009399
-0,4639163
-0,6109328
0,02358831
0,1848955
0,3041414
0,2199171
-0,05406625
-0,09900857
-0,1206606
-0,1436284
-0,3973577
-0,1110128
0,006152929
-0,0361791
-0,2090948
-0,2942038
0,04972377
0,4021927
0,6103889
0,3069572
0,07867367
0,2546105
0,1085346
-0,09590002
0,004680044
0,3276505
0,09227823
-0,09622574
0,9510295
