-0,2822746
-0,1382925
-0,1975305
-0,2064842
-0,004194484
0,1405474
-0,09183569
0,1265836
0,1716186
0,005410615
0,06210404
0,3100908
0,08396935
0,04026769
0,299639
0,3294962
0,3214113
0,1770976
-0,05339317
-0,0635509
-0,01707955
-0,02357274
-0,2298841
0,04231712
0,2497899
0,3663775
0,2597972
-0,08657573
-0,1201146
0,01126906
-0,1779659
0,1103033
0,05154444
0,003665386
0,1581281
0,1414776
-0,2446808
-0,1454611
-0,2646546
0,04932872
0,08394856
-0,03056459
-0,1730755
0,06765034
0,07939171
-0,006174378
-0,06892706
0,09238841
-0,009069786
-0,173822
-0,3317392
0,09452765
0,2876599
0,1614055
0,09693323
-0,006629707
0,00132797
-0,1327563
-0,0735518
-0,1221846
0,07032967
0,2217187
-0,07783335
-0,3726012
-0,1033916
-0,04812586
-0,2539323
-0,1712321
-0,01452697
0,05573582
-0,1418501
-0,198789
-0,1372148
-0,03043235
-0,006980652
0,1012021
-0,0304595
0,01209021
-0,20121
-0,1812299
-0,002190642
0,3003133
0,2758029
0,1006583
0,005084713
0,00445067
-0,06547648
-0,3443007
-0,1656318
-0,05958167
0,05624513
-0,04468758
-0,3389933
-0,5245345
-0,462487
-0,1992953
-0,2972379
-0,4270916
-0,2490705
-0,1237291
-0,02819679
0,1742355
-0,04646156
0,0667782
0,05907036
0,008870689
-0,06217557
-0,04119049
-0,1027574
0,06736906
0,01696329
0,04611149
-0,1764311
0,07883797
0,03956068
-0,0687177
-0,1638305
-0,2297468
-0,1033894
-0,02863561
-0,1533772
-0,276183
-0,2884606
-0,4918322
-0,3303389
-0,1426655
-0,3503767
-0,2127372
0,1080565
0,09801599
-0,04799338
-0,01833821
-0,06776556
-0,0550467
0,1087136
-0,09516513
-0,09210431
-0,2185904
-0,05378545
0,1252017
-0,02380017
0,06920724
0,1394911
0,1933154
-0,2163837
-0,3573736
-0,1498897
-0,1151163
0,05110118
0,01991232
-0,4645132
-0,1414738
-0,1276922
-0,3317086
-0,1291129
-0,04925774
-0,03884778
-0,06263974
0,00734449
0,1831522
0,2513915
0,2900429
0,1133261
0,1412493
0,1487934
-0,2001875
0,033692
-0,1508229
-0,0290062
0,03189031
-0,00301612
0,124051
-0,06402212
-0,5604249
-0,4456086
-0,4654224
-0,0915982
-0,1779808
0,1553925
0,008172523
-0,2307721
-0,2645153
-0,2656858
-0,3484971
-0,2218035
-0,349731
-0,1310211
0,1163792
0,1875587
0,1800241
0,1894722
0,2821427
-0,01223988
-0,02583423
0,1475856
-0,04213477
0,001175141
-0,07524577
0,237067
0,4116268
0,06358556
-0,4150557
-0,2015068
-0,3748865
-0,4513281
-0,2393274
-0,09613518
-0,3618268
-0,05529949
-0,04673472
-0,2180136
-0,1038373
-0,04142821
-0,1457398
-0,0850914
0,1656914
0,2072937
-0,02515597
-0,09302501
-0,1906182
-0,2199521
0,1731748
-0,05468886
-0,06984468
-0,04437681
0,01143979
-0,1117356
0,2425985
0,06643583
-0,1212184
-0,1188259
-0,07998617
-0,08471093
-0,3412809
-0,1190226
0,1214985
-0,09400014
-0,0007109515
-0,05328346
0,1599883
-0,08430792
0,2002851
0,4153087
0,06823979
-0,001138258
0,1638294
-0,02493473
0,3758483
0,1812739
0,1480615
-0,1279202
0,1469268
0,03867079
-0,1004168
-0,02804547
0,01468689
-0,1374628
-0,1409839
-0,3611075
-0,3400469
-0,446816
-0,1207678
0,09382493
0,007644631
0,09719752
0,1871202
0,1477718
0,08235336
-0,02985342
0,1018135
-0,09733284
0,06010238
0,3969187
-0,07209686
-0,1900622
-0,05310488
-0,04628804
-0,07101582
0,1540721
0,085003
0,08796438
-0,08136109
-0,367084
-0,1399187
-0,09824365
-0,3057566
-0,06910465
-0,168629
-0,237006
-0,2059174
-0,1143686
0,3617577
0,3881323
0,2603926
0,1781175
0,4220718
0,3475945
0,06945117
0,04786864
0,0660916
0,184106
-0,102702
0,2966154
0,3155626
0,06983317
0,1437438
0,1972408
-0,06361174
-0,2609266
-0,3036023
-0,1059058
-0,06882223
-0,09204258
0,09428232
0,2823133
0,02202991
-0,07635824
-0,0714268
-0,1097727
-0,131983
0,08125512
0,07276839
0,295056
0,5221457
0,5188334
0,4409121
0,1007872
0,1379937
0,1963473
0,1562753
0,229297
0,2234538
0,1703369
-0,2492672
0,08398175
0,1392685
0,1167587
-0,05897051
-0,3056963
-0,2459837
-0,04855299
-0,07656772
0,0916791
0,1535311
0,3726879
0,2632926
0,1618291
0,2308613
0,07479807
0,3738677
0,3667329
0,1843938
0,3966121
0,0813264
0,2047209
0,07702785
0,07070705
0,2204466
0,1575233
-0,006893252
0,03505702
0,18704
0,1907452
-0,163933
-0,07553401
0,2239903
0,2113736
0,06323956
-0,3527964
-0,05257693
0,2495802
0,1137047
0,1803989
0,2531044
0,2705853
0,2068376
0,331895
0,4313024
0,621722
0,4358453
0,3158864
-0,1509994
-0,04921393
-0,2192767
-0,1966226
0,1464909
0,4485661
0,3171019
0,1425606
-0,01978652
0,07325073
0,08178568
0,5060761
0,1114782
-0,2204524
0,2329308
0,0216238
-0,1429673
-0,1951785
-0,3340262
0,06145634
0,00851447
0,08874379
0,2068364
0,1524345
0,453117
0,1547047
0,3552587
0,4566958
0,2812487
0,2173112
-0,1022415
-0,2175452
-0,1699783
0,02241346
0,2525055
0,2306738
0,1959662
0,2187073
0,06503491
0,3800959
0,1869042
0,3016024
-0,003613011
-0,2176926
0,1024348
0,04633533
0,01958541
0,003784834
0,175205
0,2145087
0,5199305
0,4278288
0,275694
0,1169023
0,3368062
0,1059875
0,3040197
0,1168099
-0,1453634
0,003842466
0,1199638
0,09052222
-0,1847457
-0,1706731
0,08685245
0,08033179
-0,1447127
0,02527749
0,1810139
0,2676358
0,1415106
0,3708959
-0,03734171
-0,3127383
0,2614198
0,05579447
0,06705777
-0,06936419
-0,3835151
-0,02754719
0,3429003
0,1721145
0,0159124
-0,1178816
-0,2364494
-0,1252998
-0,2349735
-0,07923912
0,06889395
0,03925819
-0,1335765
0,1086472
0,09681717
0,005462585
0,04463945
-0,2445254
-0,2918678
-0,03344353
0,06561872
0,2465049
0,421754
0,3340202
-0,1072444
0,2611221
0,5259107
0,2237798
0,171782
0,08386863
-0,1055886
-0,2792105
-0,004000517
-0,1414064
0,01268562
0,08336455
-0,02103624
0,04471191
-0,02513698
-0,07794514
0,2216941
0,3234469
0,1174681
0,4059751
0,2849073
0,07906092
-0,2893429
-0,1808744
-0,1754371
-0,2180252
-0,04737857
0,1257382
0,1196372
0,02087332
0,01136794
0,336676
0,3386514
0,02772617
0,1232861
-0,06758414
-0,1792153
-0,2238036
-0,009210126
0,06139986
-0,1252193
-0,1150069
-0,08068493
-0,1343908
-0,3339646
-0,3818791
-0,01921044
0,06194142
0,142689
0,14499
0,1614223
-0,2161037
-0,01855621
0,02989351
-0,1490058
-0,1683696
-0,05272617
0,3499328
0,08622631
0,141742
0,3708903
0,3184725
0,3555689
0,1564199
0,2497194
-0,07133543
-0,1272933
-0,1139398
-0,2610139
-0,06771404
0,05932237
0,1236679
0,07763062
-0,1546931
-0,3333252
-0,3296539
-0,1473199
0,103064
0,1805885
0,1011763
-0,06793907
0,03804207
0,09874029
0,06910727
-0,1130923
-0,1451484
0,0580708
-0,02884162
-0,02685229
0,1485413
0,1446589
0,3376342
0,01857042
-0,1312851
0,124983
-0,1635708
-0,3942415
0,06317024
-0,1042856
-0,255981
0,06784587
0,1061074
-0,1975584
0,1170087
0,02616107
0,02150997
0,2542073
0,09293509
0,03678761
0,1022726
0,03635401
0,1608321
0,1919196
0,0311085
-0,1722776
0,1052229
0,2096426
0,9090772
