0,02690054
0,0008299259
0,03450747
0,008442567
0,04700727
0,03035608
0,0021053
0,01919532
0,02999863
0,03151995
0,004873332
-0,001191959
-0,04146786
-0,013897
-0,03250508
-0,01609055
-0,01168863
-0,0438217
-0,02184141
0,02997036
0,03328989
-0,009442871
0,008693595
0,01165688
0,0002993173
0,02265995
0,01577858
0,04089202
0,06813794
0,05571304
0,02902682
-4,682784E-07
-0,0008509962
-0,004263293
0,01727352
0,03517319
-0,002557308
0,003198521
0,01980062
0,028059
0,006723166
0,01116798
0,00434608
-0,008135685
-0,02314222
-0,0355526
-0,01183921
-0,03757881
-0,005336298
0,01785482
0,004729752
-0,007058982
0,004034708
0,02215116
-0,0004109217
0,007101065
0,01523623
0,001330143
0,04344939
0,04270554
0,005727019
-0,01426814
0,02028537
0,004267143
-0,001927955
-0,01164998
0,01776136
0,008683115
0,01947046
0,001770913
0,03932628
0,02794795
-0,004349185
-0,01098941
-0,01238731
-0,01378776
-0,03852409
-0,03995772
-0,03364034
-0,009538345
-0,0245447
0,02277018
0,02504933
0,04631007
0,01938978
-0,02189619
-0,03433133
-0,006356702
0,02900073
0,02257557
0,005035424
-0,00982219
0,03421109
0,003039845
-0,001221861
-0,02111074
0,01711819
0,03085149
0,02163106
-0,003783259
0,02099067
0,03125643
0,004138268
-0,01370546
-0,005682615
-0,03147637
-0,007351387
0,001587945
-0,03814658
0,01346913
-0,03327304
-0,00495418
0,004759131
0,0125163
0,03790051
0,05187638
0,02368716
0,01213405
0,008603998
0,008712957
0,02241638
-0,01776037
0,004764029
-0,0162978
0,008177779
0,02311874
0,01647954
0,02545902
-0,01790322
-0,01049955
-0,01869319
0,02345607
0,01041933
-0,009784249
0,006345087
-0,004029376
-0,0140297
-0,00448966
0,0003026656
0,005566217
-0,009588642
0,01353291
-0,0007896489
0,0442402
0,08048653
0,03548652
0,01748356
0,009770755
0,0371541
0,03800621
0,02009403
-0,005635086
0,01776145
-0,003759925
-0,003145276
-0,002778937
-0,01165073
0,01042915
-0,002778139
0,003460647
-0,0001795259
0,01452596
0,05102324
0,02016404
-0,02303971
0,02155398
0,003189283
-0,02780504
-0,02435426
-0,03790237
0,0127075
0,016272
0,01610016
0,05476891
0,02055582
0,04454695
0,0354032
0,0252694
0,0261106
0,04943136
0,008809011
0,0224034
0,006619121
-0,005756153
0,005954286
0,01246718
0,01808399
0,04734433
-0,01207535
-0,004769179
0,03010539
0,01705067
-0,001639
0,007095852
0,01427679
0,05814096
-0,004991348
-0,03554289
0,001559527
-0,0120651
0,02975539
0,02783509
-0,01831558
0,01389803
0,01771459
0,04380889
0,03979934
0,02602143
0,02450242
0,04967893
0,04121494
0,0247749
0,02592918
0,03341986
0,01982966
0,02398162
-0,01359933
0,008931509
0,002714001
0,004184996
0,01462128
0,04753599
0,04186725
0,02065142
-0,004377379
0,0439009
0,01931161
-0,06337277
-0,03451821
-0,02288584
0,005133534
0,009939888
0,0331551
-0,004962428
0,01344208
0,0300411
0,01462936
0,02312016
0,008567184
0,01924786
0,01755608
-0,007759154
0,02647063
0,006551467
0,0009176233
0,02197504
0,02461295
0,03156166
0,01669856
0,001032411
0,0189462
0,02601665
0,02923016
0,02359171
-0,002016264
0,003735042
0,01855218
-0,005259013
-0,0112759
-0,005074379
0,01866934
0,02743668
0,0306999
0,007174575
0,0168561
0,03755465
0,0116981
0,009931418
-0,009431048
0,02987317
-0,007057849
-0,01220818
0,02220032
-0,002342253
-0,02800809
0,01261636
0,04178153
0,01353238
-0,005564508
0,0185893
0,006242818
0,01146498
0,02987186
0,0524769
0,01294001
0,02465184
0,04895363
-0,02449148
-0,01887619
0,00525368
-0,01738206
0,0373334
0,007836389
-0,01428256
0,01614605
0,01966609
0,01427561
0,02791738
0,01341101
0,04391409
0,006713233
-0,01723292
-0,01192817
-0,0009881346
0,006638954
0,02452557
-0,01659152
-0,009578673
0,01373918
0,04086333
0,05011415
0,008184289
0,02300046
0,06394982
0,01512593
0,0100092
0,03651664
-0,006322129
0,04077564
0,01914304
0,001351494
0,02312837
0,007255784
0,01155237
0,02656222
0,0187558
0,0228592
0,002346212
-0,007897052
0,01483388
0,02550912
0,007208627
-0,008546243
-3,702823E-05
0,005602539
0,01960211
0,02614762
0,02304726
0,0203374
0,04545635
0,04600765
0,02242349
0,05241064
0,07671311
0,01904173
0,05529521
0,02378352
-0,01748106
0,01137667
-0,01818143
0,02042059
0,01715598
0,03108604
0,02559794
0,02534851
-0,001150447
0,008171039
0,0003159042
0,01235155
0,004266979
0,01566242
0,01239109
0,01721714
0,04310256
0,01610369
0,00929448
0,006477547
-0,02507563
-0,002484614
0,008480337
0,01517823
0,01071239
0,03364262
0,06257234
0,04104189
0,05229382
0,0284257
-0,02598139
0,01962326
6,003782E-05
0,01957013
0,01533072
0,03113119
0,01748787
0,03341942
0,04173276
0,009413212
-0,008555805
-0,008560131
-0,0171295
0,03870763
0,02551657
0,02651673
0,01901849
0,01521817
0,002484763
0,02377071
0,007253101
-0,01757351
0,02035449
0,02059013
0,009373101
0,004603455
0,01155113
0,02139531
0,03806971
0,04719321
0,02341658
0,05305194
0,02597725
0,03624097
-0,001887894
0,02012409
0,03103947
0,0288476
0,02715119
-0,00526083
-0,009843173
0,01130684
-0,01257038
0,0006822662
0,008561763
0,04106332
-0,01804183
0,008272659
0,01552005
0,01180191
-0,00499424
0,01107524
0,01063953
0,02145004
-0,01703643
-0,01949347
0,01482856
0,009777921
0,01024568
0,00767564
-0,0006878182
0,02891962
0,04214851
0,05021054
-0,01266338
-0,003207891
0,006884119
0,01665194
-0,00571485
-0,01165982
-0,01677176
0,008459815
0,001050103
0,03601711
-0,008619929
0,01184039
0,02847325
0,01117333
0,03818418
0,0167843
-0,004734613
-0,006221262
-0,006940864
0,003937832
-0,005864672
0,01060997
0,001556822
0,01382727
0,03143035
0,02226362
0,02320481
0,01390444
0,03612316
0,01905472
0,02737751
0,0120266
0,01015876
0,009900023
0,014764
-0,0184797
0,00887992
0,01509061
-0,006005851
0,006919072
0,003607729
0,02216806
-0,007197074
-0,008625673
0,03581572
0,007156279
0,03042414
0,03037205
0,003134917
0,007999267
-0,02232577
0,0006002578
-0,006627799
-0,007154148
0,02140944
-0,002409731
0,006517207
0,0175222
0,01985817
0,0287929
0,009004679
-0,008001308
0,02044992
0,008382825
-0,009336182
-0,02124653
-0,01271779
-0,002274803
-0,03068271
0,02131174
0,001297766
0,02009852
-0,005599099
-0,006531173
0,02355011
-0,006080033
-0,002834417
0,02802514
0,01380751
0,01148387
-0,03978699
-0,03697276
-0,02330425
-0,006925423
-0,00813406
-0,02128437
0,02871743
0,0003470478
-0,000982089
0,002945036
0,001579478
0,01094445
0,02756058
0,01223754
-0,005045715
-0,01210078
-0,01812521
-0,01791621
-0,02230288
0,01712819
0,01630617
0,01907203
-0,004469109
0,003323152
0,01107692
-0,007441424
0,03768394
0,01274984
-0,01725171
0,04522023
0,0206424
-0,01448406
0,01055179
0,004062253
0,0337927
0,002002824
-0,006323246
0,002229639
0,004981473
0,005699401
-0,006600546
0,008096691
0,002101163
0,0002359349
-0,01066362
0,01945095
0,005015012
-0,01832946
-0,01129631
0,006731379
0,01253871
0,003710215
-0,001933537
0,01583093
0,02578096
-0,002274042
0,004217574
-0,008103138
0,01016062
0,03454162
0,01008601
0,003160386
0,02273902
-0,01635661
0,005239991
0,008664254
-0,03805689
0,001307961
-0,003062699
-0,02280233
0,005801625
0,0163234
-0,02671996
-0,02061296
0,001335445
-0,03681545
-0,05415956
-0,05829286
-0,04086001
1,047224
