0,1925304
0,3964789
0,1108676
0,1096477
0,3096676
0,1358586
0,08070544
0,2696116
0,03879667
0,02163959
-0,221164
-0,3470953
-0,1601358
-0,02653727
0,1691828
0,07093499
0,05818375
0,1371003
-0,009966691
0,2439179
-0,110297
-0,2883866
0,04215486
0,002245928
-0,0274572
0,1434275
-0,01216444
-0,2787858
0,1167303
0,2315498
-0,1503436
-0,1077929
0,1396682
0,280166
0,3765988
0,2109544
0,1361095
0,1403651
0,1470818
-0,05783541
-0,2837587
-0,09466477
-0,02586782
-0,2671905
-0,0978501
0,06097506
-0,0732572
0,07338761
0,2633543
0,1432929
0,0238397
-0,01114388
0,01647664
-0,05385021
-0,1103248
-0,08536654
-0,2907262
0,02103216
0,06543396
0,2483006
0,1735559
0,1797938
-0,02505238
-0,04721241
-0,2553371
-0,1286575
0,1194587
0,0732633
0,1437703
0,06760889
-0,2594387
-0,1899885
-0,1621037
-0,08211628
-0,2202065
-0,05625131
-0,04983631
-0,1329454
0,247023
0,2880898
0,2625912
-0,05577536
-0,04570058
-0,008105401
-0,1011883
-0,3930859
-0,2475764
-0,01500996
-0,2455194
-0,02211067
0,3988471
0,02197378
-0,07623121
-0,2909328
-0,2051011
-0,2312796
0,266178
0,4636689
0,5568164
0,340027
0,0741955
-0,03916233
-0,1479099
0,007334218
0,03529585
0,2744899
0,1364905
0,1161331
0,1224026
-0,04669165
-0,03702017
0,1541207
0,282223
0,1183065
0,3220361
0,09591763
-0,005990512
0,08296113
-0,1097771
0,003584737
0,07640736
0,06499604
-0,01088374
0,1198542
0,0260601
-0,1915168
0,07172548
0,081336
0,3602692
0,02969539
-0,1202221
-0,1570868
-0,2584918
-0,6755108
-0,5699369
0,06547052
0,05122787
0,04637952
-0,108588
-0,2814092
-0,1921148
-0,1992566
-0,03013951
-0,05001438
-0,0008233308
0,1559034
0,03977822
-0,09158931
-0,2504628
-0,001375701
0,04323142
0,2587941
-0,01446863
-0,126326
0,08102963
-0,1145696
0,07509848
0,1296613
0,3680623
0,1194553
-0,07221387
-0,2799688
-0,04489313
-0,3957441
-0,02347965
0,3781699
0,1254009
0,2090965
-0,1645734
-0,1626515
-0,207175
-0,1102385
0,1349265
-0,2924062
-0,09554888
-0,2002896
-0,4290454
-0,3871628
-0,2707524
-0,09051124
0,0257924
0,4437911
0,222752
0,1856771
0,2512142
-0,1124275
-0,2116715
-0,2997044
0,242074
0,2192458
0,2796137
-0,1560272
-0,1344897
-0,1795127
0,2016969
0,3266127
-0,09403165
-0,14521
-0,1553639
-0,04252261
-0,1410819
-0,09177376
0,03792586
-0,07054443
0,2549425
-0,04019515
-0,2167559
0,0549605
-0,03239804
-0,1650585
-0,1952417
0,2090587
0,06175873
0,1926341
0,2774263
-0,02837931
-0,04557319
-0,3300485
-0,2438065
0,01720912
0,2489499
-0,4858018
-0,5130779
-0,3222901
0,03597217
-0,1017853
-0,2614307
0,02731451
-0,1361738
-0,01437629
0,05245492
0,2049886
0,1761502
0,1566287
0,3035549
-0,05151406
0,007674515
0,1058277
0,1206139
-0,08005041
-0,1517368
-0,09734044
0,2989276
0,1319327
0,08805437
0,4309632
0,03400744
-0,1253294
-0,02076305
0,08921829
-0,01974322
-0,5923337
-0,8626434
-0,7075279
0,09095404
0,448295
0,385932
0,05727999
0,1666251
-0,131671
-0,1193823
0,09663999
0,1039504
0,1917407
0,343347
0,1016821
0,08652552
-0,1654009
0,05318141
0,1613364
-0,05004318
0,1257676
0,4021674
-0,01357964
-0,1712596
0,007482646
-0,3504057
-0,02590891
0,1623846
0,25857
0,2097423
-0,3382224
-0,6972914
-0,3138841
0,3933336
0,494808
0,3395699
0,208054
0,03926374
-0,3185364
-0,2505272
0,1029494
0,2614422
0,4523538
0,563205
0,5684699
-0,1659016
-0,006581801
0,1783354
0,2408505
0,07063455
0,2496471
0,3512339
0,1070711
-0,007544526
0,0997071
-0,1549136
-0,3832826
0,07628906
0,1994726
0,07391071
-0,6291261
-0,6475448
-0,3963215
0,1245484
0,3292876
0,1873613
-0,2923048
-0,281883
-0,2250724
-0,02706302
-0,2912928
-0,2918676
-0,05264784
0,2854163
0,2682019
0,1829022
0,1227128
0,1039943
0,1735134
-0,1574333
0,2525269
0,3962544
0,1768255
-0,002853196
0,0004666403
0,03095756
0,1839857
0,242889
0,3887441
0,06972104
-0,6900868
-0,9506302
-0,7080832
0,1069864
0,1898655
0,5925078
0,05327107
0,1762669
0,0458701
0,3464569
0,02285844
0,05462331
-0,03402223
0,2717137
0,4562312
0,2957093
-0,0614493
0,1178435
0,2602559
-0,06218028
0,2335321
0,2367378
0,4252462
0,07013804
0,2375178
-0,008194675
-0,3210057
-0,004620883
-0,1158587
0,2365874
-0,278327
-0,7849822
-0,6579109
-0,04283151
0,304185
0,4152424
0,2100883
-0,1460118
0,2191046
0,6781722
0,08114927
0,1021736
0,06326903
0,1298996
0,1382573
0,2560486
-0,1835111
0,04318331
0,2426569
0,03207705
-0,05034399
0,194736
0,5084248
0,2063922
0,05591488
0,03299007
-0,1591145
0,1869517
0,113887
0,2404874
-0,2445402
-0,8344448
-0,2837623
0,2811576
0,3516322
0,151772
0,04766266
-0,04568157
-0,03691403
0,08487733
0,08007035
0,119589
0,1790204
-0,1236766
0,03096392
-0,02470308
-0,04197047
-0,1975247
0,009873939
-0,1248492
-0,07992782
0,1494984
0,4882551
0,1406746
-0,402169
-0,1791625
-0,2365775
-0,2598563
0,2177591
0,3316749
-0,4820955
-0,577316
-0,4272268
-0,1320535
0,2443075
0,4881128
0,1070575
-0,2386408
0,2067137
-0,1066467
-0,3578216
0,1964007
0,4395458
0,2004153
0,1055224
-0,364148
0,06801453
0,1122624
0,05756165
-0,4396392
0,08479498
0,2335093
0,369217
0,2181192
-0,1829161
-0,2683219
-0,0968444
0,3587417
0,4486234
0,2193289
-0,5098423
-0,3402625
-0,2649063
0,02396086
0,1050005
-0,1723399
-0,04144652
-0,01180596
0,1996199
0,1432255
0,04381963
0,04087596
-0,02056225
0,1012699
0,2181713
-0,1287349
-0,1448467
0,07688332
0,03604401
-0,4305226
-0,0965308
0,1298205
0,1690271
0,1607713
0,04466303
0,1187323
0,130128
0,4930568
0,5875511
0,083654
-0,5077677
-0,5319739
0,1629764
0,1993946
0,1862108
0,2555064
-0,1281196
-0,08419762
0,4078023
-0,1591744
-0,3826898
-0,05487141
0,08571545
0,3829183
-0,07808974
-0,272465
-0,2755605
-0,196375
-0,09330265
0,05255022
0,1638903
0,2781528
0,41958
0,09151
-0,2544848
-0,1225224
-0,01037841
0,3345238
0,4680043
0,0361274
-0,3116658
-0,5012736
-0,160648
-0,06183966
-0,05495965
0,1533577
0,08413393
0,09539224
-0,06536432
0,1391533
-0,3156805
-0,3132438
0,05199398
0,322468
0,277302
0,3509337
0,2177838
-0,04739163
0,1735466
0,2555512
0,1416623
0,2194126
0,110123
-0,1580648
-0,1896875
-0,02193725
0,5417068
0,3971588
-0,2427849
-0,2243306
0,07608912
-0,3785094
-0,180014
-0,1323679
0,02701391
-0,001465455
0,0002525081
-0,07159911
-0,01617595
0,0482101
0,02784126
0,07994848
0,15114
0,2844103
0,04530791
-0,2050105
-0,1335906
-0,01497732
0,1550032
0,2538779
0,2384638
0,3004267
0,4442263
-0,160115
-0,2973661
0,1319369
0,2679597
0,3026624
-0,06013593
-0,1224078
-0,1783234
-0,4356248
-0,2161016
-0,2317122
-0,05669291
-0,08504016
0,0150995
0,00879203
-0,1218614
-0,08899633
-0,2329081
-0,1675743
-0,09142834
0,1302296
0,103037
-0,009200155
0,06177533
-0,0185642
0,1833403
0,7461644
