0,01730922
0,004755016
0,001607841
-0,0005617952
-0,003876023
0,02819494
0,002488693
-0,004658136
0,01108488
0,03020077
0,005638669
0,01551838
0,02089554
0,02440954
0,009937417
-0,003908732
-0,001399159
-0,01684494
-0,001177285
0,00174704
-0,01697362
-0,0158467
-0,005528318
0,001020742
-0,002055471
0,02155217
0,004951315
0,01858846
0,007339877
0,01871412
0,01734993
0,02124366
-0,001999469
0,009399575
-0,005804233
0,003573707
0,006119701
0,01947348
0,003764145
0,02099314
0,0299043
0,02517038
0,01581317
0,01306017
0,01808507
0,01712484
0,01762917
0,004067002
0,01095796
0,0104844
0,0106002
-0,005129782
0,007561049
0,007598852
-0,002611436
0,02273303
0,01101621
0,003469713
0,01800721
0,01416522
0,008502613
0,01157212
0,00196592
-0,003944064
0,0004992242
0,01097878
-0,0005058732
0,00313517
0,004514998
0,01647779
0,005201492
-0,005009039
0,01590527
0,006352033
-0,004890505
0,001036387
0,006613161
0,008142531
0,01155117
-0,005003511
0,008522093
0,004320686
0,000572008
-0,002708897
-0,005071828
0,01122207
0,01731047
-0,0009802828
0,02085034
0,006801014
0,01394151
-0,01541753
0,02427075
-0,003365042
-0,01203802
0,009586433
0,01726688
0,01641803
0,001940327
-0,001756258
-0,001138885
0,00420829
-0,0009033814
0,004509101
0,007345764
-0,01174881
0,005718707
0,02392529
0,01757857
0,01280423
-0,01870029
0,002606615
0,0006612499
0,001015662
-0,005632367
0,008687979
0,003586514
-0,0009630666
0,009269899
0,02852703
0,00908554
-0,01814465
0,01921298
0,003357179
0,02170403
0,01772496
0,002286663
0,005334426
0,01206251
-0,007716923
-0,01465444
0,0008057719
0,0103935
-0,0003472182
0,01617428
0,005763852
0,01715389
0,01010593
0,008106543
-0,002447797
0,01147181
0,01261702
-0,000938313
-0,004197048
-0,001955763
0,0134665
-0,0003833292
-0,01037466
0,001330086
0,01913131
0,01279335
-0,01511818
0,000305183
0,01395349
0,01250394
0,008909542
0,008247308
0,007907556
0,006919924
0,02617494
0,01864658
0,01516245
0,04726508
0,009475042
0,01537291
0,02080394
0,02542372
0,02153314
-0,001215513
0,01191622
0,01657951
0,01613408
-0,001780533
0,001125326
-0,006117713
0,009267514
0,003872646
-0,01705002
0,0006206333
0,01744941
0,003054148
0,001694439
0,01624264
0,01376713
0,008037722
0,01341059
0,01702159
0,017383
0,004216758
0,01200696
0,02419353
0,01648537
0,01108479
0,0009201649
0,008083265
0,02682888
0,02690597
0,01263994
0,004234587
0,004060269
0,02319477
0,02020967
0,01367211
0,007797544
-0,0002161554
0,0006822007
-0,01178782
-0,02372891
-0,006287541
0,009342677
0,005872419
0,002374035
0,02166994
0,007077229
0,005056995
0,01151038
0,03064896
0,03864692
0,006673753
0,01614647
0,008871454
0,03358261
0,01053469
-0,004062546
0,01112984
0,02673576
0,03731332
0,02135097
0,01973477
0,008905439
0,01719844
0,0235395
0,01559914
0,01610566
0,007691768
0,003093157
0,01197283
0,0004510401
0,001811256
0,01038395
-0,002989578
0,01088791
0,0124939
-0,001106981
0,001563867
-0,003583815
0,006048702
0,00745336
-0,002505619
-4,430016E-05
0,004466604
0,01426008
-0,01067792
-0,007807868
0,01778752
0,03237361
0,03552905
0,03378814
0,01205633
0,01863374
0,0265099
0,01862328
0,01392645
0,004813649
0,01703872
0,01082071
0,007814829
0,01769066
0,03343608
0,02219755
0,004873828
0,01898114
0,02957701
0,007880849
-0,007411757
-0,0003548836
0,01350313
-0,002856521
0,01593815
0,02182464
0,003909125
0,002053742
0,007165991
0,004891633
0,01298932
0,008092421
0,01769467
0,01172932
0,005491265
0,01857166
0,008822547
0,0168254
0,0004791179
0,007094282
0,002483369
0,01807119
0,02521859
0,02167514
0,03288338
0,01119406
0,02763245
0,02811715
0,02222416
0,02021666
0,01528915
0,002419225
0,002241458
-0,004407114
0,005010714
0,02118589
0,002374056
0,0008611134
0,01121768
0,008812685
0,001481339
0,005053163
0,007909179
0,002562592
-0,00786602
0,01137884
-0,004090448
0,008143727
0,02555767
0,02965483
0,002880345
0,0160234
0,03017006
0,02873731
0,03794671
0,01523857
0,01447435
0,01051667
0,014576
0,0259358
0,02164376
0,015746
0,009458019
0,007996935
0,003134145
-1,030917E-05
0,01160795
0,007147523
0,01026985
0,01132218
0,01735935
0,01400653
0,01320012
0,03100402
0,003576304
-0,01301201
-0,01022969
0,01591131
0,02705526
0,0319257
0,01960269
0,01365442
0,009926661
0,02131808
0,02656948
0,02039913
0,005497961
0,01031175
0,01054188
0,01755524
0,01775154
0,02601688
0,0210455
0,01402976
0,008300775
0,005450111
0,0260026
0,01364525
-0,0003296587
0,0005148024
0,00208827
0,02246713
0,01978383
0,007600895
0,01435105
0,002438645
0,005029484
-0,0007950537
0,01442173
0,008900349
0,02305388
0,008330564
0,009111878
0,02959065
0,01503981
0,01751562
0,01572159
0,01868065
0,01050331
0,0218384
0,01689309
0,02580851
0,02870604
0,02712703
-0,00496294
0,01172916
0,02008037
0,002906427
0,01000652
0,002903136
0,01102532
0,02678776
0,009539742
-0,004263476
0,02148986
0,0124177
0,005264773
-0,001666207
0,006108571
0,008906406
0,0194163
0,0266559
0,004466766
0,01643952
-0,004332575
0,01705215
0,01320395
0,009901538
0,01194483
0,01609487
0,01655181
0,01856337
0,002274675
0,00809648
0,01025246
0,02694559
0,01550241
0,005251987
0,02277042
0,005134282
0,005309405
0,01423097
0,01801744
0,0190997
0,002271461
0,001033363
0,0047814
0,004020575
0,01498641
0,01191604
0,02573733
0,009571273
-0,005870936
-0,004397098
0,005562821
0,03444615
0,01636094
0,001322603
0,001425264
0,02490236
0,01450913
0,03664449
0,02706368
0,03542828
0,0321462
0,01154774
0,00767682
0,009684267
0,01203745
0,01172016
-0,002826435
0,01447998
0,02328457
0,01960194
0,01949776
0,01621828
-0,0002650824
0,002502267
-0,0004350908
0,006302245
0,004976559
0,02449672
0,00626813
-0,002774323
-0,007580988
0,01720771
0,01888726
0,01589171
0,008639901
0,009255933
0,0145995
0,03006421
0,01508189
0,01691066
0,02170485
0,004205712
0,01840143
0,01089668
0,005526689
0,0002390475
-0,01560938
0,00494131
8,0278E-05
-0,008086036
0,01259851
0,03205337
0,00856258
0,002929593
-0,008205033
0,01361365
0,01483031
0,01957392
0,009120473
-0,009354861
0,004723732
0,01830715
0,007439779
0,01343122
0,005990437
0,007281529
0,01394598
0,01066651
0,009093789
0,005079316
0,01737551
0,01850399
0,01750241
0,007614585
0,00338008
-0,001862255
-0,007105894
-0,005925172
-0,005762473
0,005768012
0,001842269
0,009635065
0,007456861
0,01670306
0,0005865879
0,01348961
0,004448932
0,005297343
-0,002684833
-0,004284057
0,008535663
0,02565635
0,009833444
0,009347028
-0,00291707
-0,004796943
-0,01249308
-0,01058614
-0,008061413
-0,0003419801
-0,003481138
0,01038642
0,002202487
0,001283629
-0,009244685
-0,002398739
0,009923289
0,001851206
-0,01382051
-0,004697673
0,01232569
0,01359714
0,0009158924
0,00608389
0,004983966
0,007658901
0,02854133
0,01359807
-0,006405241
-0,01022169
0,0104772
0,01830916
0,003162774
-0,002589313
0,01490308
0,001779633
-0,0008569988
-0,008277575
-0,02444201
0,0004909071
0,002209881
0,008838797
0,006151899
0,001396064
0,006982906
0,004620553
-0,006611375
-0,001191002
-0,002133437
-0,02479598
-0,005655525
0,02150393
-0,008319497
0,01792344
0,02800222
0,01100767
0,01629979
0,01669051
0,005366912
0,01799893
0,02551586
0,02554226
1,027706
