0,01694739
-0,01592508
0,007880321
-8,677171E-05
0,01015251
0,01783218
0,009216247
0,02904709
0,01565018
0,01750679
-0,005210358
0,001439804
-0,007607649
-0,009807216
-0,01362374
-0,002728136
-0,001667772
-0,01015648
-0,01038127
-0,007438914
0,02186591
-0,00998552
-0,003633646
0,006197787
0,007526871
0,01847162
0,002318557
-0,006806971
-0,002099864
0,001576218
0,01966303
0,006194988
0,004455524
0,00978742
0,0225612
0,03337785
0,01710407
0,0008612336
0,007601704
0,0235731
0,004743659
0,01899191
0,01501
0,01253172
0,009077062
-0,004931857
-0,002318476
-0,03951396
-0,02619775
-0,004757205
0,0315212
0,003629026
0,01227657
0,02985748
0,04938757
0,03515111
0,01519702
-0,009061334
-0,003532857
-0,01418175
0,005422525
0,011452
0,0171573
0,01738806
0,002012291
-0,007908799
0,01797108
0,01900452
-0,01707205
-0,02470064
0,01725906
0,03350594
0,02694618
0,01487506
0,01315503
0,005489281
-0,01542238
-0,007190296
-0,006406784
-0,01190528
-0,01436995
0,007624655
0,01608687
0,02577524
0,01832936
-0,001745875
-0,01735137
0,0003332048
0,001308459
-0,01533433
-0,005908251
-0,01368715
0,01342799
0,01511675
0,01581188
0,0003050353
0,01322848
0,03914881
0,004358328
-0,00780382
0,01707372
0,02853186
0,01354781
-0,003494939
0,01480249
0,01733701
-0,008357693
0,004979614
-0,02205525
0,004267591
-0,00175726
-0,001795939
-0,0005244502
-0,002324275
-0,004665794
0,03666579
0,02028488
0,0195519
0,009872606
-0,0009162508
-2,673725E-05
-0,006470856
0,009073594
0,02019001
0,01002897
0,01133559
0,01296925
0,01810734
-0,02071441
0,003787761
0,005220745
0,01578785
0,0152529
-0,005668252
0,0125267
0,01701416
0,008829848
0,01489088
0,009086843
-0,01517481
-0,007394423
0,01808157
0,01661897
0,02816325
0,01933599
0,02163508
0,006583453
0,004601908
0,00959553
0,005624373
0,01382404
0,01373161
0,008984533
0,002644816
0,004023919
0,001732557
0,013384
0,006788085
0,005868965
0,01324678
-0,008921226
0,00462146
0,04192813
0,01000118
0,002664701
0,01170986
-0,0003257346
-0,004180322
0,003130965
-0,01693339
0,01830151
0,01968443
0,01877248
0,0284992
-0,007469329
0,009436634
0,02673594
0,01944099
0,01850148
0,01908806
-0,008972197
0,007631543
0,01215267
0,003343766
0,00848376
0,01869452
0,02183429
0,008627295
0,02874095
-0,0004692338
0,02574714
0,01778898
0,02017816
0,02956644
0,004725668
0,01480402
0,008410171
0,01636286
-0,008105357
-0,006239217
0,005693464
0,03038602
0,01758425
-0,004302959
-0,0126145
0,008803226
0,02614603
0,0276654
0,03355828
0,02779874
0,009482677
-0,01372827
0,008860393
0,04437561
0,01369972
0,02162484
0,006566732
-0,01161417
-0,006076625
0,006894944
0,004424064
0,0222656
0,04322957
0,02599702
0,005940494
0,0152563
-0,00333351
0,0001112551
-0,006895785
0,006293207
-0,002310243
0,006076092
0,04087356
0,009013306
0,00795726
-0,003289577
0,03496762
0,01932782
0,02193809
0,02466851
0,01274734
-0,01643296
0,004768037
0,00522669
-0,008071327
-0,01072769
0,008114438
-0,0202762
-0,0117221
-0,01385938
0,03702269
0,02586576
0,05478412
0,01047988
0,003838612
0,02283648
0,01290587
0,04854876
0,001008904
0,001459674
0,01422125
0,0110617
0,02382926
-6,787248E-05
-0,01024939
0,01165815
0,02965208
0,01405522
0,02080688
0,04672532
-0,004405596
-0,01240403
0,01369941
-0,00443947
-0,01104655
-0,01143209
0,007049925
-0,02450205
-0,0217039
-0,001936966
0,01782789
0,01117481
0,05808633
0,03000956
0,002395169
0,01705032
0,02691993
0,01452325
0,001030305
0,01005879
-0,01009829
0,01334086
0,0009259318
0,003593579
0,008590959
0,008239411
0,0206782
0,03904342
0,02973192
0,03757234
0,008877618
0,0170679
-0,007080248
-0,007206762
-0,002913567
0,02449282
0,0226573
-0,005096851
0,0006582951
0,01224716
0,007970582
0,009342415
0,03180459
0,04016149
0,006887509
0,007879255
0,03613058
-0,00956509
0,009612645
0,02258973
0,0056888
0,01949549
0,02300105
0,006200099
0,01687112
0,02842958
0,03388817
0,04242509
0,025936
0,02018184
0,01010916
0,04076712
0,02784805
-0,003478875
-0,005741199
0,007108472
0,02305993
0,02551768
-0,01046955
0,006965214
0,004903364
-0,002267949
0,02250225
0,03251718
0,02399479
0,01869029
0,01975101
0,009063511
0,003660726
-0,0003581074
0,03537855
-0,006321941
0,01430016
0,009170067
0,01278932
0,01910129
0,02308173
0,006073981
0,004041371
0,01363568
-0,008243798
0,0103271
0,01530053
0,0226591
-0,006266781
0,00240114
0,01324588
-0,01289622
-0,002586007
0,006195229
0,01956012
0,008778146
0,01615015
0,033617
0,0220611
0,03195506
0,02129639
-0,003662972
0,01507063
0,03170589
0,01613379
0,0200137
0,02687098
0,006754946
0,01810031
0,01162102
0,009751969
0,001226496
0,01009627
0,003390113
0,01645431
0,03152734
0,007180349
0,00584014
0,0207397
0,02167175
0,03892899
0,01096982
0,00130063
0,02440625
0,01383596
-0,01249208
-0,006510136
0,00352889
0,0008052324
0,01296177
0,02991429
0,009335326
0,01893688
0,01498233
0,01649224
0,01449282
0,02470665
0,02050954
0,03054943
0,02035567
0,009643942
0,01539588
0,01182255
0,004848619
0,02140576
0,03309829
0,0008565879
-0,01613356
0,03489575
0,02621805
0,02411531
-0,000997616
0,02077698
0,01178139
0,01165316
-0,01066002
0,0007859385
0,001840051
-0,004511401
0,003919845
0,01629164
0,02409668
0,004767654
0,002396437
0,01649565
0,01825381
0,01941972
0,01723092
0,03811995
0,001438433
-0,01437714
-0,01691487
0,01200265
0,03194121
0,03217572
0,02099396
-0,003067893
0,00865839
0,006333047
0,03386183
0,01061968
0,01321228
0,01883581
-0,004857316
0,01655313
0,01659231
0,004066687
0,006171409
-0,002995603
0,01347999
0,02077579
0,03275535
0,02566379
-0,01573671
-0,02274332
0,02455795
0,01678521
0,01031543
0,0001840798
-0,005250883
0,0251291
0,03393835
0,02024337
0,01888628
0,01398788
0,005414031
0,01060801
0,003981959
-0,003481378
0,02784659
0,007716028
0,03823924
0,01944038
0,00710842
0,008186571
0,007053577
0,008033569
-0,005500113
0,009105275
-0,004066291
0,004374829
0,02060779
0,0364941
0,003663256
-0,001474486
0,0187821
-0,02017975
-8,664048E-05
0,004467604
-0,005268198
0,02526486
0,01307022
0,02554654
-0,01761171
0,0002958633
0,008321028
0,03035621
-0,0001465929
-0,008449285
0,01929094
0,001548026
0,00617402
-0,003650548
-0,007903319
0,001738461
0,01253482
0,0173108
-0,001088677
0,01385239
0,002591141
-0,001151362
0,01186513
-0,01872613
-0,0163184
0,0131246
0,01679496
0,007173606
-0,006385558
0,006633047
0,005537463
0,004955782
0,004010607
0,008363138
0,002776417
-0,003939296
0,008648008
0,008123023
0,008562092
-0,006708593
-0,009141867
0,006601054
0,01386949
0,005181612
0,002666448
0,02286513
0,0152051
-0,00372454
-0,0001510826
0,01145095
0,01289299
0,005440049
0,0105192
-0,01333064
0,002414381
0,01589162
-0,002071936
0,00823954
-0,0123334
-0,000639922
-0,0088153
0,03684037
0,02106093
-0,001175119
0,00291576
0,02003727
0,0002431268
0,0103101
-0,007989217
0,01858443
0,004055933
0,0001816711
0,01809497
0,003574386
0,009934243
0,02500891
-0,002206802
-0,01076477
-0,003150841
-0,001013033
0,01266671
-0,002390322
-0,01220779
0,003985762
0,01371711
0,00990006
0,02631013
0,02053745
0,004909246
0,02927933
0,02932153
0,02599854
0,01445173
-0,01472154
-0,004431036
1,071135
