0,0647979
-0,0002416672
-0,05661346
0,09297088
0,0501369
0,01548432
-0,08241411
-0,04975563
-0,04514529
0,0199948
-0,05768643
-0,01265436
-0,06498016
-0,04627179
-0,06386982
-0,1016264
-0,1509749
-0,1369436
-0,07332146
-0,0139614
0,03602904
-0,06853027
0,009280764
-0,03809727
-0,0254981
-0,113
-0,04761961
-0,06862148
0,02649215
-0,0139512
0,03360317
-0,05965421
0,03102954
0,03676996
-0,04464623
0,009659114
-0,07991115
-0,04890452
0,02659777
0,00767566
-0,01848466
0,01411749
-0,08328445
-0,03262034
-0,03725069
-0,0286001
-0,0354281
-0,08724852
-0,0424695
-0,06345804
-0,07076227
-0,121926
0,01142206
-0,01755881
-0,00122229
-0,01568794
-0,01624654
-0,06848568
0,0362411
-0,0135323
-0,07246774
-0,09755043
0,05200427
0,03272348
0,01512955
0,02295581
-0,03792136
0,04204272
0,00609058
0,06198298
0,04548443
0,08465172
-0,002538317
-0,03110414
-0,001897825
0,01656648
-0,06910746
-0,06120209
-0,03639777
-0,001902503
-0,1031771
-0,01632045
-0,03103162
-0,06710357
0,04051428
0,0117086
-0,0579324
-0,07046014
-0,01215359
0,0218458
-0,02402254
-0,01032453
0,001892088
-0,02357657
-0,02045374
0,03629199
0,01109636
0,104009
0,06102737
0,09100395
0,1201577
0,08554905
0,01011034
-0,06875832
-0,08387072
0,05912223
-0,01848375
0,03171776
0,01562175
0,1305815
0,04467108
0,03382951
-0,02829446
-0,01370535
0,05312346
0,1238193
0,06441255
-0,002965255
-0,01581575
-0,05993531
0,06016083
0,02257645
-0,002597893
0,02917501
0,07405796
0,1055648
0,02492677
0,002546334
0,05509343
0,1288515
0,1715517
0,1492262
0,0167447
-0,0890331
-0,07012405
0,006215603
0,08176166
0,07195026
0,02585167
0,0362858
-0,04585813
0,0377126
0,009625172
0,04226409
0,0641257
0,04273488
0,08818752
-0,01946066
-0,03332799
-0,03965304
0,06797375
0,01090549
-0,01438781
-0,02031015
0,01161522
0,006399482
0,004833598
-0,03527587
-0,1089115
-0,08751954
0,08901222
0,1334334
0,08945894
0,03967845
0,005381288
0,05708905
0,04306411
-0,07249451
-0,01102701
-0,02863203
-0,0617121
0,05965468
0,03872943
0,0009334587
-0,01849765
0,03020354
0,06934684
0,05584566
0,03891999
0,01516392
0,007884338
-0,03478004
-0,08422673
-0,01966126
-0,009605732
-0,0385067
0,01413924
-0,06027135
-0,0332769
0,02448648
0,09579014
0,08402359
0,01313164
-0,03038388
0,03395155
0,1560059
-0,0143641
-0,1428444
-0,07289383
-0,02503742
0,05910721
0,0230347
0,06801371
0,02902987
-0,0793794
-0,03117128
0,101287
0,1505109
0,1058671
0,03042326
0,0571567
0,02505858
-0,02940203
0,07802784
0,02839855
0,02240805
-0,009154074
-0,03879983
-0,06339981
0,04698733
0,1833789
0,1637354
0,03465264
-0,1010304
-0,02216492
0,1643967
0,07807857
0,005035792
0,07342196
0,09138647
0,07243149
0,05808115
0,1372669
0,005235294
-0,01554727
-0,02147695
0,004118773
0,1775709
0,08360071
0,01478243
0,003095977
-0,0133234
0,02482384
0,066687
0,007677454
0,002411509
-0,0299598
0,09726249
0,09547072
0,04148022
0,0875416
0,09571689
-0,02325386
-0,05391184
-0,04640016
0,174194
0,08024291
-0,04722745
-0,02474621
-0,02358898
-0,01804168
0,005736384
0,09408853
0,09164438
-0,03188441
-0,03981403
-0,0173858
0,1410658
0,02111907
-0,005940372
0,02485662
-0,03680163
0,02050136
0,06484027
-0,09156951
-0,03803243
-0,01400757
0,03199045
0,04327155
-0,05393262
-0,08432837
0,02132023
-0,07247924
-0,09676325
-0,1319206
0,09245403
0,121334
-0,04182497
-0,05385093
-0,02466623
-0,01111621
0,03759462
0,1316814
0,01136081
-0,0001402597
-0,06408942
0,001772935
0,2134751
0,08281966
0,05204754
-0,03385186
-0,04374012
0,003669404
0,0130425
-0,100518
-0,05895655
-0,05672543
0,02322315
-0,03698428
-0,06982864
0,03278954
0,156158
-0,04600311
-0,1286413
-0,09752022
0,06730754
0,08514166
0,08629571
0,005616052
-0,1197999
-0,01341599
-0,03718597
0,08902878
-0,009547817
0,01990058
-0,09631828
0,004392621
0,08351597
0,0291876
0,0107351
-0,06667439
-0,04545084
-0,003235861
-0,07243773
-0,0801663
-0,1090904
-0,09042782
-0,01490988
-0,1038692
-0,04008544
0,03040721
0,168163
-0,04322407
-0,02716825
-0,05864611
0,07559592
0,135223
-0,001603754
-0,007103189
0,02462328
0,05200671
-0,001460929
-0,009796124
0,04897355
0,128699
-0,06307019
0,03454038
0,1709406
0,1139746
0,0334306
0,0207153
0,01297406
0,05492215
-0,06129863
-0,06716776
-0,03615322
-0,02239297
0,01168558
-0,04209923
-0,05116154
0,03130589
0,2066363
0,04424429
-0,06050732
-0,05725882
0,09215118
0,1744726
0,0853138
0,06338165
0,07159117
0,07893001
0,09559884
0,07475556
0,09573913
0,1195163
-0,09306432
0,066081
0,1801443
0,1639593
0,06255752
-0,004886756
-0,003107158
-0,01370899
-0,04800654
-0,06990608
-0,06252031
0,01131368
0,02523178
-0,04684208
-0,03038275
0,0750652
0,1951306
0,04873552
-0,0489132
-0,01730795
0,004016637
0,0954453
0,1491156
0,196189
0,1163878
0,07611233
-0,04709342
0,007495266
0,07139958
0,1296965
-0,01674643
0,04697328
0,1050364
0,1553204
0,0200339
-0,02098458
-0,07546805
-0,0247469
-0,03109473
-0,03855861
-0,04575692
0,06015604
0,030674
-0,04196125
-0,08051997
-0,01964836
0,07563929
0,09148393
-0,01123847
-0,006318415
0,03993158
0,141499
0,1934605
0,07577274
0,07415913
-0,01310702
-0,05812294
0,07626367
0,07029122
0,161748
-0,02811885
-0,01790235
0,09607951
0,1308182
0,03207934
0,0009177615
-0,02696152
0,007932424
-0,030789
-0,07312908
-0,008386296
-0,002751929
0,007342248
-0,02290528
-0,1854562
-0,1852812
0,08650492
0,1899195
-0,002291004
-0,01328439
0,02931699
0,09535223
0,1272107
0,1222
0,06655075
-0,005803504
0,007394366
0,03598319
0,0545774
0,06510221
-0,07538167
-0,05764215
0,04544016
0,08146141
0,03692888
-0,03795059
-0,06105717
-0,03959202
-0,08768538
-0,02439356
0,009557945
-0,03332336
-0,004539432
-0,050458
-0,1521525
-0,07635734
0,08358983
0,09062788
0,0691956
-0,004035001
0,0390196
0,1120983
0,03348627
0,02737996
0,03487332
0,01525278
-0,06565806
0,07957689
0,080348
0,06054374
0,007738325
-0,00724384
0,05381576
0,04160843
0,0306048
-0,04701783
-0,092321
-0,02915279
-0,1318907
-0,03049039
-0,01194191
-0,07395514
-0,05017691
-0,04362813
-0,1394087
-0,1258578
-0,003834766
0,1200546
0,1203466
-0,01928062
-0,05917278
0,03485268
0,06558833
0,008947828
-0,009125399
-0,08588835
0,003071709
0,04575782
0,1445103
0,09284168
0,02073006
-0,02235058
0,05329597
0,013629
0,03955234
-0,008350067
-0,05479357
-0,00741436
-0,1042435
-0,01255986
0,02882711
-0,05020829
0,02451769
-0,08567304
-0,1414763
-0,04353324
-0,01823797
0,1099012
0,05377391
0,02070657
0,04936611
0,2074395
0,1352911
0,08044978
0,06143957
0,04864338
0,04443363
0,03091217
0,1219706
0,03581583
0,02945672
0,05092614
0,07890654
0,04027586
0,0968726
-0,01701849
-0,05049035
-0,07324786
-0,159408
-0,09650917
-0,07259326
-0,09545514
-0,03201078
-0,1661724
-0,06046152
-0,03046638
-0,08125364
-0,05201791
-0,01676456
-0,02975985
-0,006579434
0,03483663
0,09700643
0,1855919
0,1140008
0,04051502
0,09244128
0,07488429
0,03266169
-0,04686891
-0,03055652
0,01067847
0,1128152
0,06598487
0,1038044
0,9667603
