0,3585235
0,3339401
0,1375328
0,3347772
0,08173174
0,2663833
0,4719687
0,289895
0,2264436
-0,157688
-0,05018159
0,1513321
0,2805371
0,2077264
-0,01636064
-0,332859
0,1007097
0,111315
-0,01505738
0,05999236
0,3849736
0,5679689
0,1773734
0,1183952
0,3739
0,0336369
0,09075294
-0,1153909
0,02018616
0,2004414
0,3262725
0,4295454
0,434338
0,3225539
0,1148029
0,07726113
0,3548443
0,3678842
0,3476253
-0,02733981
0,3785965
0,05704313
0,1051856
-0,003177195
0,241395
0,2323842
0,04659076
0,01431064
0,02731957
0,04941265
-0,06488852
0,1076332
0,06517538
0,05336084
-0,1071532
-0,1210618
0,03514546
0,03478101
0,2782707
0,2984917
-0,0518748
-0,1061803
0,1163186
0,2942941
0,1474135
-0,1130467
0,005174192
0,1437515
0,0742161
-0,3074138
0,07552099
0,1105708
0,335978
0,1744449
-0,02889293
0,1494529
-0,007099069
-0,2959136
0,04182357
0,1216022
-0,08404482
0,1900859
0,07392124
-0,3030743
-0,1208045
-0,08528203
-0,02239668
-0,1701396
-0,08242506
0,2025429
-0,03167586
0,005486836
0,0419993
-0,3646933
-0,4804789
-0,1255521
0,002005903
0,03780352
0,1605318
-0,0939645
-0,02758018
0,008378156
0,05184384
-0,1813648
-0,0190946
-0,01437835
0,2567614
-0,06578952
0,07064807
0,1908011
0,1556032
0,0976819
-0,1515701
-0,2641438
-0,09750116
-0,08912666
-0,1534635
-0,1677931
-0,04770967
0,1284739
0,206741
-0,1043589
-0,2522803
-0,3187208
-0,1745715
-0,3100586
0,06183587
-0,04106505
-0,2360125
-0,4839467
-0,2413676
-0,1838713
-0,04640222
-0,08085654
-0,1632859
-0,1726234
0,1998029
-0,2314947
0,2481261
-6,004183E-05
0,02702158
-0,06961472
0,0199189
-0,02203093
0,2171946
-0,1116216
-0,3939111
-0,2042046
-0,04728996
-0,05463606
0,1863479
0,2111154
0,1938214
0,1658495
0,4133632
0,2432644
0,5472574
0,4949832
-0,009660978
0,2002375
0,3877069
0,05893773
0,1545046
0,2219201
0,3251031
0,1764423
0,3495013
0,2382703
0,862865
0,4517269
0,1244901
-0,1534348
-0,2955603
-0,3078916
-0,2753836
-0,2508653
-0,039546
-0,02701623
-0,0415192
-0,09733363
-0,06665372
0,0282018
0,1812254
0,3587494
0,6986121
0,4499446
0,4172601
0,2367559
0,3685224
0,4050425
0,6991484
0,3557118
0,3532371
0,4682412
0,3605058
0,3365231
0,4629723
0,187145
0,2095483
-0,05009073
-0,3793221
-0,6863824
-0,3876577
-0,3892324
-0,6229837
-0,1650111
0,162967
-0,01677879
-0,1910707
-0,1761635
0,0728429
-0,08940849
-0,05857484
-0,139039
-0,04950764
-0,01925329
-0,01394669
0,2253884
0,1575805
-0,06361628
-0,2806191
-0,3464518
-0,2775181
0,0671657
0,2007499
0,3283378
0,6483111
0,1694058
-0,1003783
-0,3527889
-0,2089793
-0,3968644
-0,0752866
0,1678257
0,125082
0,2730817
0,03016623
-0,2181508
-0,208558
-0,1280957
-0,03309812
-0,157586
-0,4755663
-0,3205138
-0,4258915
-0,5226175
-0,3100984
-0,223947
-0,1315821
-0,5680442
-0,9281355
-0,8570495
-0,646419
-0,2707488
-0,1894081
0,3236848
0,0161438
-0,1168538
-0,150324
-0,2741688
-0,2242548
0,2769511
0,284425
0,3555692
0,417751
0,4211855
0,187745
0,05187363
0,01427132
-0,1785921
0,1568705
-0,1595508
-0,1938113
-0,3216157
-0,4960514
-0,1445283
0,01413557
-0,1431746
-0,3635837
-0,601272
-0,5558393
0,00489866
0,2021881
0,4870062
-0,2857342
-0,4113291
-0,3786894
-0,4257321
-0,4386999
-0,1499366
0,3750028
0,5086758
0,3541838
0,3659329
0,3883125
0,06271937
-0,01258423
-0,1367237
-0,1839873
-0,1504589
0,1373972
-0,1155546
-0,2536017
-0,2897559
-0,2498721
0,02442013
0,3123308
0,198108
-0,1457426
0,08712373
0,265603
0,3032303
0,2574083
0,4083526
-0,1797416
-0,1903611
-0,2364451
-0,3849487
-0,1170425
0,2217631
0,363006
0,175245
-0,1320816
0,03356741
0,176328
-0,3752737
-0,213276
-0,311986
-0,1998549
-0,1113238
0,01761983
-0,1014698
0,1710515
0,1400744
-0,03752332
0,2311019
0,08736173
0,0438787
-0,08748648
0,2643739
0,8537489
0,6323965
0,5328014
0,8024898
0,3699475
0,4693085
0,4244103
0,2109692
0,1859371
0,1037881
-0,07940111
0,3206476
0,2326068
-0,3079771
-0,01646938
0,1403
0,1027221
0,04139587
-0,1775467
-0,02687085
0,06553646
0,07576514
0,1378153
0,2159956
0,1470986
0,0601459
-0,2811975
0,04838391
0,03062109
0,656922
0,4289982
0,02916854
0,03530015
0,1678381
-0,2744754
0,1240207
0,3940044
0,1977338
-0,1329219
-0,2835954
0,00359551
-0,1045434
-0,1755727
-0,539735
-0,007170657
0,2650287
0,1230811
-0,03988157
-0,2590705
-0,03591345
0,3307422
0,2002601
0,02480759
0,06665557
-0,1230912
-0,2688057
-0,3287136
0,08957662
0,1424097
0,2128742
0,3197427
0,1789555
-0,03721623
-0,3097874
-0,325945
-0,08709997
0,05004459
0,3404151
0,04428901
0,01915196
0,1825999
-0,08349457
0,06226639
0,182912
0,4494798
0,2256222
-0,2220273
-0,1986001
-0,09193032
-0,03752503
0,1359329
-0,2561458
-0,2549429
-0,3036174
-0,4636097
-0,5521644
-0,4757309
0,09148078
0,1005083
-0,01402893
0,02337347
-0,2974939
-0,4772877
-0,3644052
-0,294646
-0,3940417
-0,1949477
0,275014
-0,04414319
-0,1223534
-0,1892277
-0,2066076
0,1152721
0,1102353
0,1759202
0,3081412
0,03833974
0,04105546
-0,112585
-0,09522802
-0,1979848
-0,08670521
-0,3287943
-0,2470504
-0,1458048
-0,09716633
0,09501004
0,3264615
0,1543431
0,09318763
-0,272219
-0,2056331
-0,2134815
-0,2735634
0,001033387
0,03683892
0,2323474
0,212077
-0,1317455
-0,2511591
-0,3158772
-0,1768334
0,3561192
0,2013757
-0,08619021
-0,4522076
-0,2400773
0,09187116
0,1590966
0,02915489
-0,1525813
-0,06183709
-0,1073629
0,1008906
0,07262771
-0,1370967
0,07299923
0,08032636
-0,2250217
-0,208068
-0,4841504
-0,4542362
-0,4493738
0,07852408
0,2172276
0,176015
0,1410913
0,1595906
-0,1840423
0,01460385
0,3515948
0,2628773
0,3373643
-0,1234728
-0,09721006
-0,06048041
-0,07924357
-0,2012292
0,1312339
0,1711471
-0,1080824
0,2197531
0,3471021
0,3187598
0,2631128
0,2344345
0,3803807
0,1149918
-0,1865972
-0,09079541
-0,05178829
0,1259703
0,2600274
0,1776492
0,4052333
0,271602
0,0462161
-0,1072956
0,007244098
0,08012715
-0,102455
-0,1767759
0,1430016
-0,1303456
-0,08322788
0,1331169
-0,1799877
-0,1586737
0,3094937
0,1165428
0,02564748
0,287848
0,008869017
0,1839188
0,3771998
0,1172988
0,004645724
0,1295701
-0,2891885
-0,02445961
0,09944137
0,1334018
-0,1322351
-0,01289105
0,2162722
0,1380019
0,1482834
0,04570702
0,1302826
-0,2718671
-0,4003881
-0,3057436
-0,1151202
-0,02946219
0,01944376
0,0214682
0,001521415
0,2740342
0,1904552
-0,04443382
0,08235526
0,1199042
-0,2349182
0,06380185
0,02414855
-0,1569416
-0,09140532
-0,07238756
-0,2548398
-0,04934037
0,0424003
0,003493523
0,04036211
0,03603275
0,2291891
0,2945523
-0,04718187
-0,0805119
-0,1691248
0,1031428
-0,162362
0,08332421
0,08410387
0,0008279058
0,1745701
-0,01051374
0,1648093
0,5730368
0,37542
0,04913792
0,8938546
