0,03480558
0,1549214
0,1907708
0,06638065
-0,05151099
0,05635376
0,01782065
-0,08011746
0,05402146
-0,1329346
-0,1794859
-0,05413546
-0,2122545
-0,0101149
0,162113
0,07872633
0,1164984
0,007134806
-0,3740033
-0,2539397
0,09887403
-0,1285748
-0,2193821
-0,1267772
-0,03089715
0,00366568
0,237272
-0,05029439
0,1563551
0,2388824
0,008273072
-0,06155079
0,01192309
0,1153949
0,06105902
-0,008172063
-0,1046255
0,04127514
0,04834347
0,0594971
-0,03217881
-0,03728784
-0,1014619
-0,1255576
-0,04426946
-0,02137055
0,09298378
0,1739702
0,03719041
-0,06697475
-0,1150758
-0,005336287
-0,1623314
-0,05850967
0,09941361
0,01114157
0,07302765
-0,2484301
-0,1980265
-0,05419662
0,1677059
0,07522067
-0,05739099
0,0004359891
-0,134427
-0,165978
0,1717897
0,1777845
0,0621946
0,1900489
0,3140991
0,1664639
0,1375966
0,05130282
0,01452959
0,06753658
-0,08436454
-0,1721915
-0,1492479
-0,09342657
-0,1075572
-0,04911934
0,1054017
0,2054101
0,07517675
0,03466659
-0,04316353
-0,2379856
-0,1540903
-0,18436
0,1143097
0,1124557
-0,03184484
-0,08335823
0,09678777
0,02866895
0,1120273
0,03425476
-0,1264229
0,09637581
-0,001405329
0,09622154
0,1873411
-0,07987533
0,03940278
0,08767889
-0,03038673
-0,1135077
0,01640413
0,0207104
-0,07024799
-0,1183527
-0,04205283
0,08388238
-0,09466808
0,04582894
-0,09215517
-0,1860648
-0,0692506
-0,06816144
0,03385824
-0,1176943
-0,1163667
-0,2111059
-0,09597936
-0,02982314
-0,100541
-0,2326654
-0,1032922
0,04566488
-0,03955467
-0,05650398
0,08678412
0,06568868
0,09011876
-0,1003292
-0,01519451
-0,1293251
-0,103721
-0,02212946
-0,1686175
-0,20847
-0,1270711
0,03026218
-0,02212552
0,2001781
0,3394361
-0,04494478
-0,2004766
-0,02676119
-0,08944221
-0,2491877
-0,08531667
-0,1925186
-0,2409823
-0,0009514245
-0,03116442
-0,06871276
-0,3503104
-0,2785932
-0,185486
0,05115462
0,228578
0,09964059
-0,02538987
-0,0899638
0,1374072
0,05144249
0,002513776
0,09914427
-0,01110643
-0,09353403
-0,1153163
0,08579132
0,08247428
0,07556684
0,339907
-0,01465572
-0,06481973
0,1135819
0,1185804
0,07930953
0,08576202
-0,0420408
0,1200744
0,1707192
-0,210897
-0,1275484
-0,1326114
-0,2441895
-0,3149672
-0,1922752
-0,01806697
-0,09518182
-0,1538774
-0,2162868
-0,1245076
-0,1980181
-0,1554796
-0,04217875
-0,1078075
-0,1771516
-0,07268891
0,09314542
0,0456786
-0,08781601
0,1493541
0,2860476
0,177376
0,09130353
0,04190895
0,2209567
0,2728121
0,02784786
0,2121962
0,1353201
-0,2737754
-0,1741863
0,03356927
0,08768818
0,03774948
-0,1044496
0,07347776
0,08531064
0,2108588
-0,02579549
-0,05525026
-0,08621359
-0,1003674
-0,03897259
-0,2231053
0,02946489
-0,09651338
-0,1225474
-0,2519862
-0,03633305
0,1402373
0,2185091
0,111965
-0,01351703
0,08335515
0,1007283
0,0299933
-0,1677145
0,1959279
0,2542299
-0,1300518
0,1048248
0,1385443
0,2197726
0,141842
0,1651664
0,1575213
0,09883821
0,1304698
-0,1323222
-0,186759
-0,270481
-0,1184454
-0,1121116
-0,2034852
-0,1036324
-0,04027785
0,002255127
-0,1105358
-0,1379546
-0,1095134
0,04951966
-0,09917829
-0,05754306
0,1299506
0,1646283
0,1112521
0,05760125
0,2771865
0,3329819
0,02688832
0,1605445
0,1279483
0,3112918
0,1661835
0,1943559
-0,04402481
0,143277
0,1448822
-0,1282024
-0,08048714
-0,2704943
-0,1336824
0,1231481
0,0091887
0,103799
0,2707096
0,008790058
0,08435769
0,01346798
0,08854875
0,2859286
0,06569941
-0,01651485
0,0679478
0,1599789
0,01378377
-0,06375126
0,1615009
0,2447747
0,2025067
0,07116549
-0,06058277
0,2169899
0,2751001
-0,06096551
-0,1266962
0,1151968
0,1097723
0,1240266
-0,02849002
-0,2788881
-0,1587688
0,005744484
0,2572996
0,1813125
0,1818007
-0,07714343
0,1259704
0,03170549
0,06986192
0,1545456
-0,1078498
-0,1013956
0,3347365
0,3183079
0,009312711
-0,2496664
0,3064862
0,1828297
-0,09538858
-0,07189909
0,1227335
0,3834324
0,1704326
-0,2324011
-0,009526206
0,09194654
0,1855959
0,1121875
-0,3097642
-0,1732165
-0,02779659
0,005151527
-0,1068474
-0,05509476
0,237973
-0,1266337
-0,07501382
-0,1401872
0,04913782
0,007855073
0,01644202
0,06651215
0,1890507
0,1429202
0,02301808
-0,141539
0,1707514
0,3266346
-0,0003702123
-0,08876241
0,08644335
0,2053242
0,2754871
0,0980718
-0,0584815
0,04071242
0,1982223
0,1051035
-0,05955544
-0,04493212
-0,2384741
-0,1924049
-0,2068112
-0,1273987
-0,005514947
-0,2968462
-0,2849603
-0,04657524
-0,08830253
-0,04097001
-0,04411377
0,0487792
0,1556291
0,1128663
-0,1254599
-0,07383797
0,08905167
0,371022
-0,02539924
-0,207997
0,05972012
0,3587457
0,262023
0,1492678
0,004042778
0,0252493
0,06307402
0,2878673
0,1282099
-0,1280711
-0,1570411
-0,09317998
-0,2250941
-0,152432
0,07283551
0,01958916
-0,1375893
-0,144228
-0,09326528
-0,0279189
-0,04550026
0,03663901
0,302507
0,2990752
0,2243896
-0,01689556
0,1778902
0,5798218
0,3715731
0,06282695
0,03416829
0,2127254
0,3642823
0,3755558
0,0348114
0,009769392
0,1546886
0,3199173
0,2759898
0,0688592
0,03233948
0,164408
0,05433862
0,41576
0,3174881
0,1731563
0,3039754
0,03594015
-0,01487126
0,005738534
-0,03060382
-0,04213028
0,4258156
0,4231859
-0,1172534
-0,301438
0,2585674
0,6036742
0,2662181
-0,1415669
-0,2626234
0,1085092
-0,03070603
-0,08641952
-0,1776571
-0,2224129
0,0590734
0,04826492
-0,009649681
-0,03537303
0,04152653
0,1273965
0,1745948
0,2846694
-0,04072812
0,02875037
0,06735462
-0,1092232
0,07210255
-0,0395762
-0,04243416
0,02382766
0,2540798
0,4030634
0,1829761
-0,01399152
0,2571952
0,426764
0,03586608
-0,3498802
-0,3145975
-0,1462791
0,06339149
0,1687962
0,00740704
0,0616392
-0,01820258
0,1175375
0,1348539
0,04120799
0,115827
0,157303
0,2120513
0,2369521
0,07768735
-0,08449607
-0,07695822
0,1245601
-0,03089477
-0,2149369
-0,1727296
-0,1163025
0,2941235
0,2260192
-0,08141573
-0,07279404
0,3245459
0,3524564
-0,2341619
-0,3863646
-0,268576
-0,1039815
-0,04803247
-0,02506094
-0,0699187
-0,1844306
-0,09771823
-0,07027968
0,1043824
0,07858222
0,05876245
0,07394867
0,05011604
-0,08102254
-0,1267224
-0,2680957
0,02605318
-0,06758424
-0,13271
-0,2337888
-0,164446
-0,06090587
0,1258071
0,06667557
-0,09445608
-0,1573825
0,03728884
0,3547851
-0,1060776
-0,4200799
-0,2259964
0,2093831
0,2535657
0,01748391
0,1171087
-0,052995
0,03825451
0,04898301
0,2108355
0,141282
0,05826978
0,1261588
0,2058022
-0,1021277
-0,1199998
-0,211529
0,06190274
-0,1439772
-0,0428944
-0,1025026
-0,1266141
-0,005839044
0,2835793
0,3405522
-0,05283866
-0,100244
0,1937651
0,2666002
-0,234641
-0,2678646
-0,0417741
0,3400624
0,4149864
0,1084027
0,1183857
-0,01754677
-0,2643026
-0,2345528
0,03268025
-0,2118485
-0,2543003
-0,0407069
0,02028217
-0,08115654
-0,283484
-0,0974893
-0,02094727
-0,1174985
-0,07919567
-0,3697219
-0,2779162
-0,09235717
0,9315601
