0,1469091
-0,06814282
0,004687141
-0,1019967
0,07730515
0,06078525
0,04254355
0,2650325
0,1316004
-0,03253198
-0,1257292
-0,1776818
-0,3367883
-0,1226765
-0,4393145
-0,2886867
-0,1168415
-0,1130844
0,08537487
0,3776811
0,3397366
-0,06108489
0,0118214
0,4002444
0,3215262
0,3952374
0,2773715
-0,0230483
0,1005394
0,2969851
0,09138271
-0,3324167
-0,1096306
-0,102227
-0,05411457
-0,04668752
-0,07431907
0,1167173
0,05131067
0,07649869
0,04266658
-0,09102255
-0,09264227
0,01874074
-0,0233159
0,09939738
0,1270119
0,1216329
0,3552427
0,1866248
-0,2367871
0,02505173
0,153319
0,2835006
-0,06937505
0,01351868
0,1604775
0,1301039
0,06762152
0,2674474
0,03554408
0,01876254
0,2533101
-0,04876063
0,01492475
-0,1172898
0,06738894
0,1082069
0,0790033
-0,03585879
0,04791448
0,08722845
0,03213509
0,1534789
-0,02046958
0,01265641
0,071231
-0,07666175
0,0876258
0,02203969
0,02487656
0,4101539
0,09932631
-0,09937119
-0,1201927
-0,1184295
-0,2236919
0,07706405
-0,09732741
0,1390477
-0,06539372
0,2143593
0,3866538
0,3184403
0,2251417
0,1127763
0,2017349
0,1457611
-0,01525888
-0,1895624
-0,1132937
-0,1579853
-0,2562279
-0,1126632
-0,2629644
-0,263304
0,1668111
-0,1022228
-0,2651477
0,07140961
0,2002202
-0,008409478
0,02012803
0,09083819
0,08511718
-0,03169811
-0,1882043
-0,1857939
-0,05408638
0,06053374
-0,06880339
-0,1281521
0,2043333
0,1539449
0,3251857
0,4092858
0,3715531
0,1693256
0,154349
-0,07936951
-0,0680145
0,05953657
-0,2318001
-0,1339999
-0,05750114
-0,1519855
0,1421174
-0,07889092
-0,1537394
0,09694162
0,2126133
-0,1298483
0,005066948
-0,01923704
0,0453837
-0,002444918
-0,1391146
-0,05625528
0,3044359
0,1669097
0,1160488
0,05921245
0,2427224
0,2082394
0,1497379
0,1816024
0,08397471
0,2333996
0,3649393
0,07144371
0,1859709
0,1979098
0,06498874
0,4101773
0,1699072
-0,1667243
-0,021676
-0,06072966
-0,1887249
-0,3085172
0,06801618
0,1166418
0,1372326
0,09559114
0,05097888
0,1423666
-0,07589097
-0,06504273
-0,07816277
0,01790814
0,2056464
0,2862053
0,2738247
0,06101694
0,03610271
-0,02812598
-0,09880637
-0,02264585
0,1131455
-0,05106246
0,1452764
0,03862369
0,1541639
-0,07952981
0,00633807
0,4042289
0,08659715
-0,2349596
-0,07463915
-0,2151557
-0,08069646
-0,07495701
-0,03158809
0,009952324
-0,0743985
0,06147358
0,04243635
-0,002478134
0,1838505
0,2642625
0,0438869
0,4211036
0,1546095
-0,1381645
-0,2340972
-0,06065509
-0,0007904006
0,05070216
0,1318541
0,1255586
0,3316471
0,03386623
0,2508012
0,1689543
0,1988397
0,09971469
0,03959842
-0,3359309
-0,1785641
-0,1506518
-0,09151925
0,1346395
0,0841419
-0,0487726
-0,04915165
0,1612669
0,05860575
0,1884498
0,03267477
0,06426506
-0,1997602
0,3323974
0,3180582
0,03289034
-0,1617218
0,2192416
0,1822749
0,1116932
-0,1305495
-0,01436468
0,1226356
0,1363247
0,1822899
0,1698674
0,0299118
0,01117817
0,1458492
-0,1804197
-0,06455775
0,0682162
-0,004991947
0,1104179
-0,1174049
-0,265737
-0,129219
0,2740658
0,1496432
0,08219866
-0,1763235
-0,02306065
-0,08283251
0,1838905
0,233902
0,2114328
0,05647068
0,2466298
-0,01680392
-0,01374532
-0,4472772
-0,3808282
-0,1951123
-0,04236997
-0,05902607
0,2937205
0,1708047
0,1911987
0,1030511
-0,04109564
0,1220099
0,1650081
0,06310717
0,3655925
0,1624387
0,09944618
0,2240649
0,3946677
-0,011768
-0,1701737
-0,05883829
0,2051363
-0,08844366
0,07237895
0,09039586
-0,03830683
0,04299511
0,231709
-0,1363873
-0,08643341
-0,04142257
-0,3242102
-0,1271977
-0,05679869
-0,2293041
-0,01005239
0,07806788
0,1100098
0,1792773
0,04265629
0,3452475
0,4652164
0,0688652
0,3012524
0,1737645
0,295229
0,07974258
0,01903861
-0,1986263
-0,2660435
-0,09829115
0,115684
-0,1729028
-0,2146231
0,01583202
0,1063251
0,1711458
-0,03215456
-0,1903637
-0,08641942
0,02519778
-0,1527726
-0,05131399
0,03625504
-0,2573941
-0,05406879
-0,1206395
0,09886035
0,1824839
-0,07503243
0,2308713
-0,1820894
-0,1329257
0,1393815
-0,05892847
-0,1473695
-0,2035179
-0,1288411
-0,03913831
-0,07499964
-0,000960284
0,001571918
0,1378618
-0,1894287
-0,2337655
-0,1159798
0,03422131
-0,1010146
-0,06773013
0,01163405
-0,09824651
-0,01858501
0,08789081
0,09546852
0,2138364
0,29878
0,08978373
0,148105
0,1187398
-0,217912
-0,1147567
-0,3226171
-0,08201361
0,001935823
-0,1347412
-0,2400028
-0,1768688
-0,02651968
0,1695697
-0,07535181
0,04045562
0,09410812
0,0537293
-0,1936676
-0,3914898
-0,5156288
-0,3125124
-0,1949927
-0,1363701
0,037629
0,1495504
0,3159626
0,2376517
0,3122733
0,2560604
0,04692635
0,1059918
0,06079481
-0,01826022
-0,05003556
-0,1672854
-0,3226009
-0,112053
-0,1524996
-0,147652
-0,1731892
0,02248963
0,1195218
0,05430931
-0,07393511
0,1273876
0,04569779
-0,1058217
-0,1501327
-0,1094552
-0,3899273
-0,3788537
-0,2924704
-0,2785514
-0,1371971
0,01272437
0,003468083
0,2348003
0,2041342
0,03289172
0,08646037
0,009898506
-0,1998686
-0,07549604
-0,0272252
-0,1007918
-0,3242244
-0,1141903
-0,2933043
-0,005562345
-0,05385291
0,09246595
0,2168473
0,05842301
-0,09029424
0,1159461
-0,0467933
0,002329316
-0,3237675
-0,3181549
-0,428019
-0,318954
-0,1249653
0,02610936
-0,129393
0,01507604
-0,06562119
-0,05542795
-0,1583446
0,2427763
0,02574307
0,2203748
0,09588465
0,01384294
0,1285377
-0,1310268
0,1333923
0,2003412
0,01599913
0,04575918
-0,08723328
0,2169601
0,1751578
-0,0931738
0,1812645
0,1582138
-0,02914452
-0,1631742
-0,3159738
-0,3744025
-0,5990037
-0,4897836
-0,1701524
-0,1301946
-0,07412764
0,1991993
-0,1256213
-0,1434453
-0,05324183
0,2913432
-0,1112879
-0,02467531
-0,04690676
0,03517828
-0,1066243
-0,1973269
0,2029315
0,2804624
0,1393363
0,07621883
-0,04200025
0,03627921
-0,1225141
-0,3724362
-0,09617504
-0,1749852
0,02148212
-0,04616563
-0,1366013
-0,2911745
-0,2542707
-0,09254382
0,01277952
0,1735014
0,2689267
0,118625
0,1330884
-0,005908018
-0,3167312
-0,1219244
-0,02464666
0,1424512
0,06228897
0,04373005
0,2388315
0,1822488
0,2001612
0,2635514
0,1400973
-0,01500493
0,1419792
0,01795718
-0,009748592
0,2144739
0,1404568
-0,01123559
0,04666859
0,08858472
0,2050551
0,1900018
-0,05240723
0,115659
0,1452762
0,1715462
0,5052558
0,1497723
-0,126661
0,05288273
-0,1491108
-0,2803479
-0,02835596
-0,1769108
-0,2426505
-0,08504993
0,07835122
0,1316876
0,02894966
0,1160982
-0,01263885
0,09231114
0,07795044
-0,2844641
-0,1580019
0,01274183
-0,09607896
0,07165145
0,1868521
0,01809177
0,1279562
-0,03498448
0,1192396
0,0634685
-0,176906
-0,2101049
-0,1200016
-0,2144301
-0,02723837
0,004845175
0,1974835
0,01065726
-0,0004227419
-0,2308356
-0,0878345
0,1465408
-0,2004028
-0,1524619
0,1078464
0,1526105
0,06945831
-0,1575654
-0,2257408
-0,2719606
-0,076077
-0,04605698
-0,03661228
0,2041996
0,2131596
0,8812746
