-0,107053
-0,1557411
0,06875367
0,1287511
0,01778619
0,1109142
0,1502909
0,1934291
0,1728965
0,07637522
0,03137144
0,05700465
0,2017361
0,09910673
0,06228316
0,1727733
0,08547939
0,01837981
-0,1861624
-0,2612263
-0,1948604
-0,04977571
0,006023981
-0,06760819
-0,06835534
0,08574323
-0,07404057
-0,200284
-0,0907407
-0,009764678
-0,1112038
-0,1801556
-0,1138968
-0,1542337
-0,02425039
0,006577812
0,1104807
0,2727409
0,488199
0,2671156
0,05403799
0,01406029
0,1460489
0,14283
0,1389188
0,002098291
-0,0809449
-0,1733803
-0,1988046
-0,04236941
-0,1211529
-0,02639116
0,0293102
-0,05645741
-0,00733617
0,005573186
-0,01396279
-0,2076146
-0,1778647
-0,07568137
-0,02033296
0,02102503
-0,02072836
-0,008196346
-0,1268098
-0,08293274
0,02866737
0,1912502
0,3164548
0,200954
0,07605405
0,1565967
0,237012
-0,003304725
-0,09665933
-0,2025895
-0,1833646
-0,2249469
-0,05099193
0,01883032
-0,07138964
-0,1319962
0,1057794
-0,04478754
-0,1383113
-0,1454287
-0,07631785
-0,1733746
-0,2754164
-0,1324727
0,01151673
-0,1862561
-0,001366592
0,02269842
-0,1572415
-0,0905512
-0,1956934
0,03048857
0,2603995
0,137461
0,09602914
0,0163635
0,2732275
0,1090034
0,1287438
-0,03582096
-0,1665175
0,1478924
0,01952908
-0,02021822
-0,07440364
0,04256338
-0,1287845
-0,1479301
-0,0715775
0,06632418
0,1088123
-0,07093805
0,02663946
0,1672918
-0,04497154
-0,06482019
0,2486056
0,4501828
0,06352501
-0,004661267
-0,03646735
0,04321161
0,216524
0,1654209
0,07409929
0,05283449
0,2057758
0,1269163
-0,09869302
-0,03628791
0,01974653
0,02700658
-0,03935173
-0,07855006
0,06357106
0,2272456
0,1082373
-0,02693519
0,1264812
0,2134282
0,2382652
0,1509228
0,2055427
0,2552497
0,04562625
-0,01796332
0,1062701
0,3289214
0,2377338
0,08321492
0,001671311
0,03821297
0,01796047
-0,04876356
-0,07991198
0,01378202
0,03628394
-0,06675109
-0,1249912
0,1603835
0,2654088
0,1633849
0,112222
-0,06310207
-0,01602208
0,1034463
0,06798059
-0,0354986
0,09269176
0,08367558
0,2580459
0,1982927
0,0748423
0,2016755
0,002863046
-0,09272274
-0,1516061
0,230432
0,2429539
-0,02139608
0,05734628
0,06983162
0,00988773
0,003365421
-0,1207742
-0,06199787
-0,09075005
-0,1560345
-0,09223316
0,1196888
0,1495526
0,07690952
0,002297475
-0,1376816
-0,1377071
0,04921484
0,0780642
-0,07087881
0,08783174
0,09128313
0,05453079
0,1823283
0,03284711
0,08246784
-0,06403664
-0,06690647
-0,1714351
0,271271
0,2755814
-0,02965328
0,1935937
0,2508345
0,04119466
-0,186968
-0,09528425
0,003317772
-0,1078828
-0,1326464
-0,2471075
-0,1898715
-0,0957799
-0,1385802
0,01045336
-0,02202204
-0,04389491
0,0221838
0,1248569
0,02274842
0,09453365
0,09223914
-0,03286767
0,02594914
0,01195575
-0,0521452
-0,01658196
-0,1361055
-0,1735576
0,01812809
0,04114582
0,1192935
0,2116483
0,07318822
0,01796227
-0,05337489
0,005446726
-0,03815817
-0,1658669
-0,2471289
-0,1519452
-0,1036743
0,03245094
-0,1455837
-0,04454195
0,06568255
0,03944926
-0,102884
-0,0006183751
-0,2335902
-0,1000669
0,1043202
0,0545809
-0,02581108
0,04898514
0,03987543
-0,04179257
-0,2045803
-0,1168821
0,007360698
-0,1903173
0,005246685
0,1858501
-0,09053066
0,0328986
-0,1371946
-0,09561208
0,008825643
0,01905089
-0,08627276
-0,0708859
-0,08742093
0,003463045
-0,08730393
-0,01474059
0,1418456
0,1650376
-0,2746079
-0,03827449
0,07341001
0,2089817
0,1508253
0,1313844
0,1056219
0,03332406
0,0461527
-0,01290196
-0,1858623
-0,05706188
0,1294547
-0,07127205
-0,06289466
0,08173182
0,1022188
0,2113113
0,08658649
0,0151421
-0,2401619
-0,2503125
-0,05349065
0,07322956
0,006548718
0,04707127
0,02393914
0,06967016
0,1397569
0,1819467
0,0712231
0,03710566
-0,002501302
0,2241414
0,1184247
0,3723109
0,2703003
0,1515032
0,204736
-0,02245466
-0,1904455
-0,01935225
0,102608
-0,06210664
0,08783449
0,1771715
0,1342
0,1715558
0,25484
0,1385572
-0,02121127
-0,1799184
-0,07506128
-0,06513526
-0,06677862
0,08553614
0,09702263
0,176352
0,2447532
0,2663851
0,1205316
0,1405768
0,1140369
0,2312112
0,3020121
0,3637411
0,1201519
0,1165923
0,1053771
0,0438771
-0,1926874
-0,006976237
-0,03871334
-0,04038533
-0,02002913
-0,04787217
-0,01510859
0,03818496
0,135192
0,1039708
-0,1388058
-0,3050996
-0,1791757
-0,1337298
-0,1848665
0,004514035
0,05235879
-0,09481266
0,1031681
0,1478961
-0,03081047
0,1219754
0,02221024
0,1146132
0,276361
0,1514921
0,09911562
0,05254332
0,08451422
0,06248517
-0,08245267
-0,1022242
-0,105883
-0,0880251
-0,04982108
-0,08933766
-0,05054939
0,03733657
0,1206255
-0,02866886
-0,1006307
-0,230658
-0,1745672
-0,1848898
-0,1499441
-0,1323359
-0,08937777
-0,03441662
0,06722218
0,08869748
-0,2043347
-0,1186966
0,01789655
0,02055963
0,1357876
0,09664658
0,1335714
-0,04386272
0,01823486
0,0378565
0,003690145
0,04705145
0,03255794
-0,03133956
0,1325043
0,01289977
0,03193638
0,07211425
-0,03325924
0,05854095
-0,1717241
-0,3977738
-0,298171
-0,2416439
-0,2290094
-0,2128642
-0,08578584
-0,02060419
0,08888332
0,1927024
-0,04433952
-0,1335033
0,134589
0,07072388
0,08986318
0,04433134
0,0748051
0,009565382
0,05073555
-0,04741069
0,01603009
0,1766685
0,1373486
0,02466871
-0,04747703
-0,1154188
0,0227917
0,1072644
0,1607816
0,07781366
-0,003012137
-0,2016887
-0,1294095
-0,09657407
-0,07656821
-0,06882244
-0,07077578
0,009622886
0,1285753
0,1110869
0,01147953
0,1071208
0,1734544
0,1161345
0,219861
0,1440946
0,0372347
-0,01236479
0,06903215
0,02803735
0,07607675
0,1377751
0,1756255
-0,01659511
-0,1097916
0,03140363
0,08222535
0,06531969
0,1806298
0,07800109
-0,1618337
-0,2543266
-0,1857923
-0,2048202
-0,1216248
-0,06307516
-0,1533913
-0,1574519
0,04602106
-0,02513902
0,09620814
0,1015739
0,08747636
0,2519844
0,2422564
0,2812569
0,05631537
0,03213292
0,1058842
-0,0531935
0,019668
0,1454411
0,1811698
-0,08046312
-0,1348952
-0,02357273
0,01199309
0,1041811
0,05657448
-0,196492
-0,1956279
-0,1424909
-0,2540338
-0,2440268
-0,07310288
0,04691157
-0,02144813
-0,04141789
-0,004896375
0,3022317
0,2770346
-0,009115261
0,009113966
-0,04390118
0,08231661
0,2169503
0,06241268
0,05329678
0,01990291
-0,06081423
0,002028081
0,1402839
0,1145298
0,04892674
-0,07849848
0,03999688
-0,04697799
0,01468115
0,1295874
-0,04128363
-0,1028854
-0,2562549
-0,2608784
-0,1519907
0,027479
0,1151904
0,1010688
-0,1188476
-0,03463634
-0,009104409
0,0390767
0,1441612
-0,03345537
-0,1145017
-0,06816673
-0,1026776
0,04473691
0,02731948
0,04337985
-0,01587526
0,02187194
0,1327632
0,1828524
0,1868069
0,03862312
-0,1226301
0,03265737
0,2679756
0,2017388
0,02465301
-0,0008797391
-0,2397552
-0,3333611
-0,3294175
-0,1418789
-0,04792698
-0,05120203
-0,1085568
0,0425006
0,05010173
-0,06291404
-0,006441159
0,03294268
-0,06427896
-0,1127252
-0,1426046
-0,0118985
-0,09404356
0,08449808
0,9595375
