-0,2500659
-0,1662929
-0,1175731
-0,007683015
-0,1663559
0,4022102
0,06329857
-0,2397361
-0,3208558
-0,05536132
-0,1657197
0,1226887
0,2545372
0,1365819
-0,2312548
0,08722946
0,23776
-0,1222043
0,0669047
-0,1023749
0,3326469
0,1025111
-0,01727381
0,1153898
-0,2532385
-0,328541
-0,1728132
0,02971648
-0,1844547
-0,3473773
0,07258599
0,165388
0,01714594
0,01648423
-0,3102688
0,03060592
-0,02041449
-0,09119752
0,06457076
-0,5168896
-0,2497095
0,3005197
-0,03518806
0,07572136
0,06051793
-0,1698613
-0,1078856
-0,1233628
0,04487791
-0,03252497
-0,04346715
-0,07681416
0,07037868
-0,1702014
-0,08627591
0,002732561
0,1711446
0,2434171
-0,1122691
-0,1643815
0,06580019
0,6486287
0,07346772
0,03551134
-0,2194266
-0,0845319
0,3664706
-0,1780906
-0,1565055
-0,08229201
-0,2786618
0,1196011
-0,04357962
-0,1771821
0,1809425
0,4810793
0,4773999
-0,06420229
0,1384109
-0,07416687
0,1132783
0,4770705
0,1487394
-0,192686
0,02828599
0,06232318
0,2925466
-0,1196867
-0,08592495
-0,01409174
0,07874238
0,4219796
-0,122304
0,08548132
-0,1464946
-0,34418
-0,1674592
-0,0001446642
0,1467549
-0,03961336
-0,4069154
0,2671082
0,5892636
0,08787864
-0,1636783
0,1753392
-0,02279372
0,1683078
0,09015021
0,1067094
-0,04254827
-0,01181
0,136041
-0,279089
-0,282641
0,1637158
0,07947841
-0,03354555
-0,07147437
0,06563982
0,02654898
0,1315077
0,2335349
0,1069343
-0,2464615
-0,2311055
0,3292027
0,1965693
-0,1079956
-0,1110715
-0,1079511
0,3217854
0,4791215
0,08859294
0,05723034
0,5656152
0,1652733
0,027775
-0,06085019
-0,0649013
-0,1967535
0,2527427
0,3288106
0,01288979
0,07505892
0,3379795
0,07073009
0,3188741
0,3980536
0,1695704
-0,06796568
-0,07474763
0,1555985
0,01955087
-0,4072461
-0,1562877
0,3475179
0,03228537
0,009340815
-0,01453508
0,4220211
-0,07521385
0,2301221
0,3692501
0,1305569
0,2688791
-0,00110783
-0,02337382
-0,2408724
0,1010379
-0,1401075
0,2749916
0,2457274
0,04576054
-0,009081122
-0,005431552
0,2297472
0,1934575
0,5695162
0,3419922
-0,1303706
-0,1920602
0,2800423
-0,01117416
-0,04810717
-0,005377939
0,4096808
-0,01535046
0,07766744
0,03406458
0,09142654
-0,2388473
-0,0705552
0,2724979
0,1301833
0,1324445
-0,02075428
0,06801467
-0,2910379
-0,03246434
0,1037861
0,2037469
0,1024876
-0,1900254
-0,3060137
-0,06181019
-0,1966491
0,1262782
0,2242163
0,2284475
0,02917285
-0,1183037
0,2226147
0,003882584
0,09266418
0,02867466
0,3512363
-0,1286444
-0,1387461
0,0262577
-0,1838928
0,2867224
0,2157912
0,1503787
-0,2496784
-0,2147976
0,008634843
0,3301481
-0,04030295
-0,01505771
-0,09836278
-0,1043998
0,4190307
0,4205582
0,146601
-0,1790247
-0,3501436
0,2897243
0,4345725
0,2166374
-0,07287133
-0,007213254
0,3370615
-0,1262267
0,1254463
0,3401054
0,1486518
-0,1004331
0,2228019
0,1340596
-0,09159036
0,06860393
0,396565
0,1486222
0,159482
0,03488103
0,2935946
0,4556334
0,106632
-0,3818285
-0,03053536
0,006050611
0,2177614
0,05739898
-0,2087393
-0,06612018
-0,3421088
0,2126011
0,4642285
0,423613
-0,1548637
-0,04405716
-0,1029795
-0,1390953
0,0490942
0,2348772
-0,2263558
-0,08170447
-0,1501942
-0,4637097
-0,6056604
-0,1872846
-0,04826087
-0,0001016516
-0,06734973
-0,09655809
0,2017634
0,06595161
0,1216133
-0,2733369
-0,4772285
0,1119527
0,6732461
0,1514611
-0,3472319
-0,393777
-0,3107176
0,1468809
0,1205146
0,2698236
0,0731978
-0,04044285
-0,08355916
0,1265274
0,3323347
0,01914286
-0,4717731
-0,4282028
-0,2997451
0,02264453
0,1763238
-0,3608062
-0,02585539
0,1328855
0,04520092
-0,01508184
-0,01226849
0,07901871
0,1882267
-0,2899014
-0,6331775
0,1083836
0,4544344
-0,1219553
-0,3472615
-0,2815251
-0,174096
0,0748082
0,08668815
0,2223475
0,07329459
0,04692033
0,1150437
0,1794637
0,279511
-0,08415011
-0,1508631
0,06241839
0,01810613
0,3643933
0,04318015
-0,1419087
0,2094753
0,1542077
-0,03550991
-0,1426607
0,1651534
0,2284436
0,3149253
-0,02434836
-0,2568993
0,1502868
0,5198967
0,3351028
0,07424483
-0,3736666
-0,1806892
0,3303846
0,3271368
0,1991384
0,0984038
0,1036255
0,1997007
-0,1442735
-0,1131388
0,2272314
0,007194623
-0,1159967
0,1198913
-0,02746934
-0,2422252
-0,108498
0,1263192
-0,1688164
-0,3253121
-0,2392125
0,3139326
0,1553195
0,1172699
-0,02835339
-0,2588116
0,08792526
0,5201797
0,2781893
0,2745077
-0,525298
-0,4754126
0,3125118
0,4450237
0,3195604
-0,06607106
0,2949147
0,005305639
-0,1451682
0,02246744
-0,2207121
-0,01147082
0,02716021
-0,1900372
-0,0797865
0,0100294
-0,03543946
0,240593
0,09225446
-0,4576697
-0,02326195
0,3313379
0,3549339
0,04045165
-0,4240819
-0,5153189
-0,2275237
0,5763354
0,1781116
-0,04768505
-0,3324406
-0,4240773
0,1461108
0,09195524
0,3738723
-0,04701013
0,05467375
0,202906
-0,04063445
0,09035232
0,01054106
-0,04898307
-0,1749577
0,09363647
-0,0485492
-0,2028701
0,07550597
0,4588851
0,001050252
-0,4022912
-0,3015665
0,4557773
0,4206059
-0,01194453
-0,8405553
-0,9333121
-0,2671298
0,7799982
0,1989164
-0,01649911
-0,4538006
-0,429164
0,3913089
-0,01495209
0,1789167
0,1334127
-0,07597312
-0,01735118
-0,292285
-0,136749
0,08751263
-0,2644476
-0,07419522
-0,05344049
-0,04762418
-0,04707503
0,2224394
0,4603601
0,1401578
-0,5344216
-0,552639
0,4215557
0,3596033
0,296715
-0,6433368
-0,6454281
0,02260475
0,7530665
0,1713379
-0,1840242
-0,412781
-0,1894833
0,2879331
0,2460665
0,3598145
0,2298387
-0,1519445
-0,04383046
-0,1138923
-0,03331057
0,08029088
-0,4227833
-0,09961671
0,09655899
-0,3104698
-0,1497183
0,3769636
0,5580963
-0,03534872
-0,6605688
-0,2430926
0,5060121
0,2481916
0,3440637
-0,5397964
-0,4818225
-0,1534674
0,1781293
0,257621
-0,03963718
-0,254437
-0,3986874
-0,2633803
0,3420405
0,1169003
0,1498358
-0,2221757
0,05212696
0,01585958
0,2903972
0,3033541
-0,1764566
0,1842493
-0,04858913
-0,3327141
-0,08998541
0,2032503
0,4778724
-0,270537
-0,445957
-0,2784624
0,1760606
0,2528118
0,2836567
-0,08647384
-0,5704129
0,05468779
0,2349322
0,01954076
-0,501077
-0,3017823
-0,2990324
0,199181
0,2412193
0,1045414
0,362006
-0,1183938
-0,2261936
0,1053903
-0,04160109
-0,255988
-0,2712396
-0,1726279
0,1121116
-0,1925572
-0,3081602
-0,09884799
0,429538
-0,1552302
-0,8037953
-0,3282693
0,1629859
0,1700911
-0,07567523
-0,1984835
-0,2734373
-0,005009433
0,3550702
0,1793506
-0,1766804
-0,1081844
-0,1568307
0,1444624
0,2075444
0,05314185
0,2839679
-0,1224123
0,0366639
0,3469431
0,0743334
0,05688967
0,3679576
0,0996469
-0,0107675
-0,1009863
0,03555309
0,1369429
0,7508728
0,2581804
-0,5262115
-0,1393248
0,0559376
-0,04518991
-0,3218662
-0,699141
-0,5286716
-0,2408171
0,2493247
0,0261415
-0,1833151
-0,1673579
-0,02415426
0,4900874
0,3084744
0,3265052
1,029399
