0,03240845
-0,03787349
0,04913121
0,05304788
-0,01613625
-0,0954787
0,02652843
0,07282149
-0,07329873
-0,02176612
0,1116677
-0,117997
-0,1282028
0,07199072
0,06836573
0,09054693
0,09246566
0,03006035
0,1102036
0,0308337
0,08793472
0,0675493
0,2736348
0,01541673
-0,07904167
0,03295768
-0,1114255
-0,1956299
0,01004566
0,1476196
-0,148758
-0,02503276
-0,02643532
-0,1155061
0,01609221
-0,01568557
0,04734619
-0,07848617
-0,0984164
0,041847
0,1387176
0,1464043
0,05707752
0,06211192
0,12048
-0,02549144
-0,07814412
-0,02769497
0,1064917
0,05603729
0,1405924
0,05998852
0,02994312
-0,1507683
-0,1521465
0,03363974
-0,03212955
-0,0388215
0,1411297
0,1295176
-0,1306392
0,1046505
0,04729215
-0,05749488
-0,03727484
0,09603919
0,153088
0,0003045802
0,01298716
0,03804342
-0,1340937
0,02289981
0,02311212
0,1273352
0,09534074
-0,03550284
0,004345103
0,2136399
0,2990533
-0,08247185
0,02810023
-0,04827585
-0,1449697
-0,1566675
-0,06252136
0,06603859
0,0492091
0,06994721
0,08407602
0,1300866
0,0009816665
0,01596382
0,07538371
0,1712827
-0,04215347
-0,001271831
-0,05191893
-0,1576896
-0,06510726
-0,0998261
0,07525169
0,173786
0,05092613
0,1168398
0,2369094
0,1329279
0,09103364
0,2032805
0,02546187
-0,1971012
-0,2861766
-0,2133938
-0,1612247
-0,07827392
-0,08235875
0,09997357
0,2235402
0,135506
0,09294214
0,120961
0,00424697
0,07649009
0,01904617
0,02193385
0,1218629
0,2181637
0,1858332
0,2064041
0,2086724
0,05834177
0,05075406
-0,09054261
0,06432823
0,06077075
0,1633969
0,1013908
0,1291502
0,1019872
-0,1254849
-0,1440998
-0,07013986
0,06362612
-0,02532695
0,03889762
0,1201802
0,1556373
0,1704538
0,09069759
0,05296483
0,08843859
-0,05904307
0,06283961
0,03044112
-0,08639759
0,0859466
0,193475
0,1842725
0,07399605
0,1225424
0,02194406
0,02197612
0,1337612
0,1340231
-0,04726737
0,05807946
0,05441973
-0,04084777
-0,06332503
-0,006410056
0,1108136
0,02329715
0,08460948
0,2856576
0,3514913
0,1196535
0,1435249
0,124649
0,06152906
0,03756426
0,05334088
-0,1172826
-0,02234657
-0,002669738
0,01273047
-0,110299
-0,1096586
0,06977076
0,07367408
0,003881303
-0,1005194
-0,1644598
-0,1403685
0,04634269
0,06254248
-0,0436196
-0,1551875
-0,1046706
-0,09243173
0,07469653
-0,06017681
0,04276185
0,03853517
0,1289575
0,1215329
0,04971419
0,09594944
0,03312361
-0,1533537
-0,0927261
-0,04635806
-0,1551269
-0,1059676
-0,01043478
0,1420898
-0,04518496
-0,07193214
-0,01754001
-0,02605242
-0,09117435
-0,1270175
-0,07592712
-0,06654965
-0,04138062
0,0007353114
-0,07913338
-0,1099303
0,1131356
0,03811068
0,07188011
0,1425079
0,2202026
0,1382027
0,2226312
0,07190564
-0,06638739
-0,04582282
-0,04260511
-0,1550758
-0,07859067
-0,03781947
-0,07129037
0,06709347
-0,004451623
-0,02737163
0,02516893
0,05136864
0,0517944
0,03208449
-0,07588187
-0,1214545
0,04787105
0,04983298
-0,227513
-0,1259843
0,01959177
0,01607055
-0,006768194
0,03820363
0,1008145
-0,01380246
-0,06717792
-0,0627692
-0,0007491332
-0,1436784
-0,08743034
0,001572535
0,01311791
-0,02232253
0,008099103
-0,02129695
-0,06775692
0,06530853
-0,05755688
-0,05270937
0,008401393
0,1463349
0,2173763
0,2145683
0,2537245
0,1053694
-0,07011013
-0,1634339
-0,2145092
-0,1204698
-0,02144347
-0,07115456
0,01969835
0,2053615
0,08505305
-0,08468969
-0,06981982
0,1067865
0,1167954
0,09601819
0,003099222
0,05288063
0,0707196
-0,02771397
-0,02306007
-0,03656219
0,01790864
0,1074191
-0,0730335
0,1992113
0,3430806
0,3407541
0,2673718
0,07079114
-0,01464767
0,06839232
-0,03172384
-0,1340733
-0,0587832
-0,09250955
-0,01383327
0,1115349
0,172985
0,2136539
0,2281859
0,0400683
0,07387158
0,2985772
0,3308807
0,1816468
0,06641161
0,128267
0,1821038
0,07351303
0,02759353
-0,0239651
0,05838577
0,04867598
-0,0924289
0,0720859
0,1279413
0,02010657
-0,05117249
0,1157431
0,05864743
0,1535051
-0,04996902
-0,1624241
-0,1555521
-0,01826596
0,1396048
0,0136657
0,1768162
0,1997963
0,1915172
0,004123856
0,08318703
0,1756778
0,120116
0,1306058
-0,007335277
-0,02487004
-0,04274542
-0,07627521
-0,07389114
-0,06239197
-0,07959898
-0,01478119
-0,05491321
-0,02397331
-0,08954483
-0,04990114
0,04633773
0,1279306
0,06602375
0,2002
0,02075848
0,02903777
-0,1790838
-0,1189187
0,03485137
0,05965126
0,05720592
-0,03935735
-0,02692714
-0,07537273
0,1197178
0,1056248
0,1321085
0,1057917
-0,1391156
-0,0867987
-0,1306909
-0,05024095
-0,1031567
-0,06739619
0,003027406
-0,07769685
-0,07013329
0,07276624
0,09767969
0,08575521
0,09447149
0,1448758
-0,003250755
-0,02952387
-0,1147288
-0,09647011
-0,08941926
-0,1055373
0,05421606
0,102186
0,05564094
0,01722117
0,2249431
0,02984374
0,145284
0,1507979
0,09890818
-0,06551736
-0,2004248
-0,1118831
-0,1758136
-0,2085026
-0,145384
-0,04744921
0,01252044
-0,06729147
-0,04669922
0,0635728
0,1617373
0,1491455
0,09115722
-0,001865777
-0,03115328
-0,07945035
-0,1322895
-0,02791977
-0,09800238
-0,1557935
-0,07506168
-0,08287662
-0,04556587
0,1579008
0,095914
0,03054071
0,0844512
0,07615165
0,1101938
0,09437087
-0,01449835
0,02698104
-0,1185015
-0,1474864
-0,1004654
-0,02007791
0,02450015
0,02280058
0,1015516
0,09803273
0,04635094
0,05343671
0,03684811
0,08151707
0,03081917
0,006481003
-0,04602609
-0,01881137
-0,06868655
-0,03999594
-0,05409338
-0,06327705
-0,06404617
-0,01894807
0,07114004
-0,008254459
0,1057963
0,142721
0,04336234
0,05288966
0,02417997
0,07511923
-0,08768886
-0,1523402
-0,09231475
-0,0641322
0,006702425
0,0335444
0,2500808
0,1466012
0,1667389
0,1192199
-0,04205728
-0,1123637
-0,0662396
0,08124473
-0,0981594
-0,2509461
-0,1789171
0,000695937
0,05872143
0,1538139
-0,09138751
-0,1342706
0,0004372449
0,01898859
-0,06220304
-0,07465167
0,0062343
0,1349063
0,1042099
0,03473132
-0,008513385
0,008651053
0,008687083
-0,01491572
0,1308904
0,1086276
0,09405172
0,05179699
0,008015078
-0,08638397
0,1200989
-0,004156915
-0,03384101
0,08136656
-0,0647514
-0,1550697
-0,1225943
-0,1875317
-0,1603355
0,1136699
0,02117782
0,02813606
-0,1633556
-0,2159596
-0,08970495
-0,07449157
-0,1938999
-0,03757579
-0,08004833
-0,1383415
-0,0001310018
0,01449555
-0,01769347
0,05488227
-0,03141662
-0,1005751
0,02802386
-0,09637741
-0,1312922
0,01888662
-0,01330586
-0,002629915
0,03390527
-0,04618977
-0,06159282
-0,04914915
-0,1347542
-0,001904885
0,01255027
0,02296838
0,04292498
0,08091941
0,06405625
-0,02885706
-0,1790288
-0,2095008
-0,1951709
-0,1662405
-0,04559362
-0,06403146
-0,0881448
0,06911863
0,08421493
0,1107522
-0,04087294
-0,0147533
0,01776992
-0,0522224
-0,08513667
-0,007942634
0,05288325
0,02481389
0,0124106
-0,09610134
-0,1945439
-0,07504109
-0,05790125
-0,005567223
0,1223862
0,05331345
-0,0386786
0,1420312
0,06909443
0,07077309
0,1325657
-0,1010032
-0,1564206
-0,1487669
-0,155569
-0,1810437
-0,03912843
0,0170558
0,05160784
0,09458449
1,017154
