0,03944426
0,01996439
0,02343841
-0,003361059
0,01385093
0,002751584
0,01606619
0,04467259
0,0430312
0,04501715
0,05004407
0,03093287
0,009234378
0,03914416
0,01283737
-0,005361384
-0,01117834
-0,02484149
0,01027825
0,02387674
0,01162467
-0,02905544
-0,03021367
0,01157043
0,01171921
0,03734998
0,03441626
0,02618039
0,03197997
0,04460353
0,02208382
0,01258053
0,01532785
-0,01782634
0,01108259
0,02203838
0,03552639
0,04039285
0,02798507
0,00466163
0,0144433
0,02170234
0,01438607
-0,002363081
-0,03570101
-0,02619363
-0,001820155
-0,02761434
0,01806138
0,01230058
0,01848644
0,01855008
0,005542825
0,02145878
0,009199663
0,0410757
0,02075426
-0,00669226
0,02208167
0,03629573
0,02960625
0,02905304
0,02457996
-0,01467948
-0,01298408
0,01012223
0,02439574
0,005437789
0,05788724
0,02432448
0,006745774
0,02745701
-0,008550247
-0,0004614662
-0,003923815
-0,01676787
-0,0317464
-0,03485084
-0,001560811
-0,002154711
0,01337079
0,02435285
0,0149676
0,02463303
0,0243386
-0,002699015
-0,009799624
0,01007667
0,0102721
0,03933081
0,03066813
-0,004374068
0,02520012
-0,00375107
-0,009780504
0,01721436
0,05135325
0,04809554
0,0443673
-0,02159002
0,001905955
0,01378034
-0,02373993
-0,01129766
-0,005483719
-0,04126833
0,004710352
-0,008374675
-0,03421837
0,000568979
-0,03116416
-0,003912979
0,009401287
0,002839167
0,007705048
0,004037203
0,01820796
0,004039554
-0,006235697
0,03274435
0,03442625
-0,01811361
0,02572192
0,008175133
0,04055983
0,05973645
0,05061872
0,05006168
0,008039898
-0,02348298
-0,005691655
-0,002113108
0,004765921
-0,002390568
0,009222056
-0,00141693
0,01194951
-0,01454804
-0,01258878
0,001975062
0,001679413
0,009034498
-0,02213352
0,01127609
0,05195232
0,04525361
0,05068291
0,02138097
0,04323721
0,05937866
0,02720435
-0,01047614
0,01428079
0,02274123
0,005568442
0,01508722
0,01750446
-0,01006432
0,01286611
0,0304151
0,02129282
0,01237604
0,04891548
0,03755214
-0,006568346
0,03717048
0,02558342
-0,01772797
0,01805779
-0,009115844
-0,006796448
0,01256521
-0,01041476
0,03421958
-0,01060932
0,02546624
0,04153371
0,01430444
0,02549862
0,04387809
0,03675153
0,001108457
-0,00683635
0,007367613
0,01265776
0,02777486
0,008925443
0,01612857
0,004450911
0,03190553
0,03891869
-0,02024457
-0,008832267
0,01769622
0,03126205
0,02948434
0,01746453
-0,008290431
0,0363389
0,00839098
0,04418577
0,01058326
-0,01269535
-0,01139222
0,009544472
0,03245201
0,04594254
0,01884587
0,02098912
0,05603817
0,03855437
0,01256084
0,04224722
0,02063457
0,03268649
0,05624609
-0,02169714
0,01148641
0,01908168
0,02320985
-0,01246047
0,02521821
0,03527687
0,00187536
0,003757108
0,009400057
0,006476302
-0,05196026
-0,01952767
0,002887578
0,03768263
0,04290506
0,0590015
0,008645423
0,009641014
0,01620585
0,01553198
0,01895528
0,02976635
0,02915664
0,02533108
0,01159371
0,03580113
-0,005282384
-0,0007815757
0,02469183
0,008002158
0,01750313
-0,002068332
0,0177754
0,0006052114
-0,0009470294
-0,01118505
0,007433316
0,007932669
-0,000214819
0,02243894
0,01879545
-0,006450352
0,005723441
0,04366256
0,03757694
0,02828397
-0,02303406
0,003685473
0,02671277
0,03496547
0,02662013
0,03891099
0,05466064
0,001405023
0,006861068
0,02371889
-0,006938184
-0,01220301
0,02614258
0,04193355
0,007167441
0,02490857
0,04028886
-0,006428145
-0,002443851
0,0352792
0,03750233
0,01427636
-0,008029129
0,009972705
-0,01895738
-0,00947778
-0,001346403
0,0158871
0,06713115
0,02216489
-0,01886723
-0,005363891
0,0101746
0,02093526
0,02316671
0,03514096
0,03831774
0,04918912
-0,01585412
-0,00557824
0,01695903
0,03238305
0,03448475
0,004432746
0,01157068
0,05204296
0,07788365
0,02862936
0,02511023
0,02266047
0,02376805
0,004001578
0,0003690282
0,01117061
-0,003116492
0,02090256
0,01743834
-0,004292067
0,0231041
0,0139815
-0,01031628
0,008616938
0,02444937
0,03790593
0,022469
0,01486818
0,02936031
0,03647149
0,00364954
-0,03267127
0,01370176
0,005300302
0,02741809
0,05646024
0,05047027
0,06750301
0,04012653
0,02035689
0,05529428
0,05808117
0,05327396
0,02494822
0,01619567
0,02099366
-0,00899309
0,001055811
-0,04875042
-0,003049794
0,007766267
0,01304696
0,01961317
0,008002305
-0,001235494
0,02318728
0,01066238
0,02424455
0,02664951
0,01728742
0,02325941
0,01583302
0,04357861
-0,01182013
-0,004785809
0,02313529
0,007518465
0,006434351
0,01163716
0,04632791
0,03567529
0,02388979
0,02277992
-0,006370505
0,00765554
0,0225007
-0,01511397
0,01241678
-0,03130933
0,01550899
0,01293797
0,01994039
-0,005569241
0,00830936
-0,001156295
0,01654525
-0,00567123
-0,004163262
-0,009572762
0,0400988
0,0086233
0,01996439
0,03234505
-0,0002856434
-0,004566732
0,002790814
0,02504162
-0,008861728
-0,006865153
0,01458756
0,02044966
0,02928214
0,03120289
0,03262287
0,05445366
0,04809748
0,008705066
0,03500818
0,01489981
0,03917367
-0,002649277
-0,0158237
-0,01915019
0,01607827
-0,004359452
-0,01047942
-0,03346482
-0,007461723
-0,009004975
0,01314616
0,01129297
0,04308393
0,006115443
-0,006732678
-0,00126492
-0,009036774
0,000513709
0,004247101
-0,005634267
-4,011788E-05
-0,01924981
-0,005582511
-0,007961384
-0,03252023
-0,005797174
0,02542434
0,01975172
0,02627015
-0,00440537
0,04152637
0,01874561
0,01005921
-0,01717172
-0,01805295
-0,01334955
-0,006348886
-0,02963739
-0,004580026
0,01322515
0,04963987
0,02344601
0,05508415
0,06119642
-0,002912106
0,006327054
-0,0001704055
-0,00797712
-0,01288855
-0,02288274
-0,04107693
-0,03647688
-0,01180158
-0,004305409
-0,03540791
-0,02213361
0,03033009
0,03844767
0,02045815
0,01544288
0,02466999
0,01503906
-0,00285883
-0,006691288
-0,01862103
-0,008852275
-0,01034179
-0,01158824
-0,01467141
-0,004508074
0,04165124
0,01983788
0,02184185
0,006117628
0,04277373
0,05800353
0,02331236
0,0186074
0,006084408
-0,01940053
-0,01946278
-0,03974238
-0,01089681
-0,02959677
-0,04127505
-0,02191575
-0,009149686
0,006483327
0,005460773
0,02538988
0,01353541
-0,007422877
-0,001035569
0,0008240695
-0,0217718
-0,009870845
-0,003062825
0,006454019
-0,003177538
-0,01808087
-0,002215031
0,01015254
0,007006835
0,00837863
0,0394058
0,04712809
0,01905413
0,01050511
0,02765047
0,02520003
0,003604142
-0,03767247
-0,01883611
-0,045608
-0,01368293
-0,002416663
0,008093812
0,02708039
-0,01320582
0,001963563
0,003652632
0,0003515789
0,0108649
0,01055839
-0,01745974
0,005291607
-0,002107068
-0,01280626
-0,02938677
-0,02353633
-0,02743187
-0,01436441
0,004422522
-0,003178174
-0,005931367
-0,006319231
-0,0008877123
0,006233294
0,01434007
-0,004563586
0,01662605
0,003070372
0,01611576
0,006081517
0,006168134
0,01737256
-0,006101261
-0,005417553
-0,009526794
0,0224716
0,007356171
-0,00593917
-0,008429582
-0,03911672
-0,03585535
-0,02788923
-0,01227708
-0,01899524
-0,01311154
0,005375126
-0,005889086
-0,03912034
-0,003717268
0,01231117
-0,0005093862
-0,0009935613
0,01293842
0,02531369
0,03710543
0,00600328
0,03328369
0,03147477
0,03848958
0,03612169
0,02872207
0,01254891
0,01557035
-0,01202445
0,009263347
0,02299659
0,02059973
0,03360424
0,03870932
-0,04509735
-0,03951083
-0,003601564
-0,0421019
-0,06525885
-0,03023594
-0,003062425
1,054815
