0,0639028
0,1602248
0,240989
0,3147846
-0,08505588
-0,1785827
-0,09959447
-0,1849783
-0,1240239
-0,009062351
-0,07920165
-0,1179924
0,1393493
0,4835812
0,4024895
0,3093062
0,1831609
0,1918941
0,08806356
0,0298187
-0,08868045
-0,3040292
-0,2703208
-0,1360348
0,02859613
0,2120081
-0,2060554
-0,2670618
0,09031685
0,1777524
0,008743234
0,1026926
-0,1092351
-0,08096563
-0,1902078
0,02520816
0,05045804
-0,1166689
0,2543211
0,1868735
0,001207747
-0,06968573
-0,0810301
0,0538818
-0,02805885
-0,2319305
-0,04684126
-0,02013266
-0,1375251
-0,1779149
0,07822979
0,2884488
0,1165291
0,09483727
0,155568
0,179465
-0,1152476
-0,183859
-0,1280951
0,1673961
-0,09674783
-0,01469673
-0,0869159
-0,1783377
-0,2740148
-0,1829315
0,1152262
-0,02007437
0,2950512
0,3415556
0,2745664
0,06036366
-0,08167956
-0,1812396
-0,0512198
-0,222901
-0,352269
-0,3851371
-0,1309392
0,04468638
0,1142837
0,2409682
0,2050566
0,1287664
0,219973
0,1364872
-0,001778821
-0,1544146
-0,1340587
0,1255839
-0,09944712
0,003744404
-0,1392811
-0,2498516
-0,06023378
-0,09941382
-0,04651064
-0,06970518
0,004005681
0,08525664
0,2289709
0,256274
0,1384944
-0,104132
0,1644864
-0,08932902
-0,254858
-0,1973643
-0,1248186
-0,06123067
0,05171885
-0,1106323
-0,02598611
0,01383828
0,06564163
-0,03264317
-0,09918905
-0,2071204
-0,05122684
0,05821053
0,003275537
-0,06520344
-0,1847055
-0,2888859
-0,1292051
0,1788761
0,2124088
0,08382401
0,1216978
-0,1038143
-0,09315706
-0,007445929
0,1598876
0,3897188
0,3363471
0,2137295
0,030764
-0,0392776
-0,1310369
-0,2675614
-0,2890293
-0,1867169
0,1202344
0,4451239
0,1871992
-0,09079941
-0,1266986
-0,1002681
0,06517508
0,1908648
-0,02082269
-0,267947
-0,1930873
-0,08719448
0,05161567
0,2085831
-0,08001391
-0,1569958
-0,0878901
0,0427133
0,1865957
0,06930183
0,02728062
-0,04378011
0,04980539
-0,09921967
0,1453632
0,0710135
-0,01321285
-0,3288865
-0,1580582
-0,308581
-0,2469945
-0,01475321
0,01819376
0,09758259
0,1317587
0,1174055
0,1035998
0,1632234
0,1013891
-0,2638196
-0,06566521
-0,03321802
-0,04375729
0,1659184
0,1945817
-0,1454898
-0,1696474
0,01247404
0,179895
0,1364914
0,114528
-0,01691277
-0,05838608
0,05227911
-0,04250471
0,1482794
0,1366956
-0,1099856
0,03746065
0,03276139
-0,1531764
0,06620567
0,1382606
0,2058895
0,1238496
0,1597872
0,07850239
0,1301078
0,04665145
-0,188926
0,002329919
0,1430421
0,04550467
0,0370573
-0,08326825
0,01525398
0,1595341
0,06689454
0,06077833
0,2923926
-0,04438121
0,244029
0,1725098
-0,07430768
-0,1729372
-0,1497191
-0,006907404
-0,1430703
-0,2132819
-0,08808081
-0,07646742
-0,0460902
-0,1366983
0,3386682
0,06480404
0,03804681
0,2953259
0,2656262
-0,1412011
-0,1407652
-0,1030723
0,0883611
0,2022671
0,1421526
-0,09468625
-0,2736329
-0,01904792
0,1730581
0,2562005
0,1808086
0,01951703
-0,01176047
-0,0247335
0,02025718
-0,03826974
-0,1664362
-0,01752949
-0,07718661
-0,007387497
-0,1772397
0,0361415
-0,1290359
-0,08102342
0,2532477
0,06560433
0,0336886
0,1853619
0,1694264
-0,1734037
-0,1739801
-0,1554877
0,06811648
0,1620016
-0,04456302
-0,01257514
-0,01181768
0,1441633
0,2909967
0,2299925
0,1202718
-0,303511
-0,3032151
-0,05677507
0,1256617
0,1663548
0,07111456
-0,01813029
-0,1384666
-0,03380968
-0,08881998
0,1429203
0,05188134
-0,166271
-0,04071706
0,03281197
0,002826817
0,177411
0,2724712
-0,06853619
-0,2178181
-0,1552648
0,007809946
0,1077126
-0,05087278
0,006413057
0,05722244
0,04267227
0,2447633
0,01200279
-0,06883559
-0,1519245
-0,07645389
0,1860708
0,05464959
-0,371047
-0,1318799
-0,008488283
-0,0251306
0,08048996
0,06264014
-0,05670678
-0,05239322
-0,1310121
-0,1044623
0,1450049
-0,02487715
0,07795244
0,3810825
-0,0547084
-0,06373546
-0,1934307
-0,03621683
0,1173456
0,1168008
0,1679135
0,06646904
0,2678218
0,1922545
-0,1233956
0,02068238
0,1713413
0,03971551
-0,03879615
-0,04788797
-0,1854003
0,114192
0,1188854
-0,02457468
-0,08675221
-0,005989794
0,002263607
-0,07348841
-0,1585644
-0,02812771
0,1108411
0,05986826
0,2930266
0,3792755
-0,05701456
0,04766918
0,06436114
-0,06254189
-0,05097503
-0,08880273
-0,1119513
0,04155175
0,2050726
-0,0190808
0,0008490231
0,1825048
0,1268837
-0,1397942
-0,1653449
0,2029983
-0,04336452
0,1287221
0,0182511
0,1888913
-0,05203239
0,3482038
0,1597976
-0,06300673
0,04418615
0,2660543
0,05323858
0,2396369
0,2261428
0,2447029
-0,002478802
0,1747726
0,0471306
-0,2767783
0,02223371
-0,1264936
-0,1057742
0,06557704
0,1266292
0,04280059
0,03472779
0,2211897
0,1304428
0,1222815
0,08148386
0,2257777
-0,02606192
-0,06011041
0,01526824
0,314322
0,1503296
0,3145935
0,2133891
0,2220636
0,1650783
0,06697181
0,03492313
0,03347183
0,1008074
0,2251392
-0,04696475
0,07921763
0,05126133
-0,09141792
0,1394365
0,192518
0,1584998
0,1879806
0,1260875
-0,0512003
0,07112013
0,1272595
-0,06853018
0,09714815
0,1174357
-0,06753013
-0,06621446
-0,06895774
0,1670867
0,1615384
0,01402565
0,1321422
0,1012692
0,002911408
-0,04915965
-0,1318159
-0,01044744
0,06275175
-0,1613069
-0,1043235
0,003754716
0,06243374
-0,1676842
-0,2678662
0,2411053
0,2623157
0,1825006
0,05052647
-0,01994675
0,2159818
0,1357536
0,1483954
-0,008446623
-0,05237877
0,1138757
0,09071426
-0,01259833
0,07672154
0,01257067
0,04259642
-0,0006784871
-0,01560758
-0,1442525
-0,2096664
-0,2435729
-0,2770567
-0,1270128
-0,029828
-0,1679588
-0,06567635
0,0348892
0,1820152
-0,01621808
-0,05303197
-0,06258588
-0,0810864
0,02385977
-0,03654579
-0,09391765
-0,04518514
0,2395714
0,4309744
0,3058439
0,1075816
0,1120579
0,1494851
0,1147071
-0,05683132
-0,09616601
-0,09941364
-0,0245266
0,1679019
0,1774852
0,05257461
0,038355
0,001260741
-0,05807563
-0,1698308
0,04975828
0,009662128
-0,01382177
0,00888755
0,008487914
-0,05232558
-0,01729316
-0,04573264
-0,1928986
0,02545868
0,07461995
0,07355092
0,2661692
0,2583553
0,400742
-0,0335049
-0,02903299
-0,1311018
-0,1674159
-0,08468558
-0,02545535
0,05850381
-0,02947208
-0,1270308
0,0293704
0,1526028
0,03138222
-0,1885024
-0,3034612
-0,3212753
-0,03916613
-0,09006003
-0,118286
0,04660227
0,02666448
-0,1917911
-0,2869107
-0,08040464
0,071329
0,02716675
0,03716248
0,04682053
0,1351776
0,2817807
0,05471329
0,1016682
0,03074474
-0,3424226
-0,2940817
-0,1960687
-0,1262882
-0,03912925
0,06624152
-0,101368
-0,009233736
-0,06728055
-0,1624688
-0,1684071
-0,219453
-0,1460605
-0,09080722
-0,1475373
0,06846381
0,369039
0,2092332
-0,06927447
-0,3273822
-0,06004257
0,02616852
0,2921098
0,4368527
0,3029792
0,1217115
0,3075369
0,1567697
-0,0900376
-0,2021
-0,0753727
-0,09663708
-0,3391931
-0,3454974
-0,07805585
0,02541815
-0,07033192
-0,2604595
-0,1433537
-0,09783451
0,03564867
-0,1327839
-0,2410524
-0,1555224
-0,1530741
0,9089324
