-0,1621185
-0,255542
0,0195822
0,06896269
0,04794975
0,3753252
0,06822219
0,1006238
0,3101443
0,1431966
0,4182021
0,05604517
-0,217883
-0,06139423
0,1603933
0,09680884
0,2264265
-0,04138662
-0,2135737
-0,1475734
0,2520653
-0,1348354
-0,1994291
-0,1663926
-0,05467004
-0,1823049
-0,02767001
0,1075104
0,06691187
0,08780245
-0,02549707
-0,1536901
0,1114975
0,1618077
0,05124731
0,2061421
0,1326477
0,3797385
0,262691
0,3058767
0,01211432
-0,4350134
-0,5133941
-0,0640536
0,1456579
-0,08249693
-0,231541
-0,04299613
-0,1883941
-0,3806444
-0,2742137
-0,2359126
-0,1472088
-0,2040947
0,03248831
0,03821228
0,2828046
0,08223644
-0,09630435
-0,02525392
0,2039899
0,432029
0,06396851
0,05359938
-0,2020636
0,09960978
0,0498751
0,4007248
0,07928614
0,1094782
-0,09691427
-0,2055594
-0,1157805
0,1525331
-0,00968856
0,02802058
0,09710597
0,1175368
-0,1478377
-0,2656429
-0,0336781
0,4479757
0,3156006
0,1440079
-0,03193814
0,1164507
0,2851082
-0,1613248
-0,341029
-0,2448074
0,2182634
0,2411643
0,1298227
0,2308798
-0,01737929
0,004788626
0,1027244
0,2565944
-0,0669141
-0,1039732
0,03400961
0,0276883
-0,2431439
-0,1129396
-0,05448955
0,1348034
-0,08932088
-0,2242883
0,1163201
0,07908917
-0,0237559
-0,06687216
0,03872084
-0,05911325
0,2718801
-0,004342657
-0,06553682
-0,1257925
-0,1314999
-0,05531861
0,2443208
0,2385872
0,1521073
0,01629195
-0,2804277
-0,3417478
-0,08217986
-0,1503902
-0,4079278
-0,190916
-0,1641276
-0,03656847
-0,3108625
-0,4923824
-0,155946
0,05502462
0,0303314
0,06200454
-0,03351425
0,1780259
0,0724636
0,03537696
0,2606747
-0,09816084
-0,03264187
0,2183148
0,1914549
0,2174443
0,05750792
-0,1140233
0,470879
0,3337027
-0,3235492
-0,09473709
-0,4912008
-0,2505528
0,1247035
0,1054841
0,005394058
0,1285642
-0,1626686
0,0541992
-0,2639289
-0,2873952
0,01358357
0,06364126
0,01669041
0,3272101
0,1767189
0,2032324
0,399675
0,0891831
0,1326553
-0,3089412
0,03749469
0,1951494
0,03561011
-0,142363
-0,1296705
-0,07214454
0,06426202
0,1329772
-0,3417758
0,1233159
0,02078743
0,272055
0,20603
0,07351021
0,3544627
0,1567676
0,123346
0,4437004
0,1178872
0,2167119
0,1873316
0,4078332
0,4450136
0,4542886
0,1387345
0,3216013
0,4187291
-0,06091245
-0,08652701
0,1076179
-0,2645684
0,008988163
0,02863104
-0,3703418
-0,244862
-0,3279447
-0,05911478
0,1490334
-0,1390068
-0,00930143
-0,1768606
-0,3296472
0,02487539
-0,2249333
0,4994303
0,1989942
0,3053755
0,09222107
-0,05678475
-0,1924936
-0,2077837
0,04014361
0,05638293
0,1215168
-0,05750969
0,1523785
0,1489429
-0,01972003
-0,3221787
-0,3007992
-0,5955867
-0,3309959
-0,1212432
-0,2945055
-0,2544613
-0,08742367
-0,1280279
-0,1732742
-0,1679933
-0,08947057
-0,01572654
0,02969887
0,1601301
-0,04652831
0,3922915
0,328194
0,1891423
0,3130876
0,1448296
-0,347138
-0,1019206
-0,05537582
0,1536356
0,130275
0,2844056
0,419418
0,1288275
0,1652097
-0,04959867
-0,214194
-0,3106687
-0,01867181
-0,09807462
-0,2013564
0,006807823
0,01281606
0,08422425
0,03213982
-0,3394324
-0,0972037
-0,03929998
0,1943959
0,1930219
0,06675056
0,3693486
0,1163275
-0,07986561
0,1169027
0,001956844
-0,1296511
0,08622137
-0,04927037
0,04242152
0,0838204
-0,1419785
0,09700915
-0,04440667
-0,2217155
-0,2243998
-0,1206627
-0,4306202
-0,3283217
-0,1470832
-0,179952
-0,1659754
0,07030167
-0,1189207
-0,2928059
-0,5065278
-0,2972516
-0,3399301
0,02987189
-0,2643886
-0,4324788
-0,2446717
-0,2799402
0,01799954
-0,2227264
-0,3179612
-0,1819021
-0,214666
-0,05085659
-0,04889717
-0,3397275
-0,2442888
-0,08338982
-0,04757496
-0,1202263
0,05561623
0,1697287
-0,009358421
-0,03735147
0,01603331
0,1796891
0,1116807
0,1058485
0,07359075
-0,3522646
-0,7463464
-0,4712836
-0,1791723
-0,3421907
-0,6876014
-0,2924405
-0,3089643
-0,3009558
-0,02769539
-0,09456698
-0,194415
-0,01901947
0,01551515
0,02602596
0,08118891
-0,2332988
0,05529114
0,2191399
-0,07254766
-0,04099002
-0,04020733
0,01186482
0,2293445
0,0905645
-0,1996665
-0,08297916
0,01334037
0,05078265
-0,3732137
-0,3827276
-0,5294568
-0,1756257
-0,1656346
-0,07345773
-0,1993723
-0,1465737
-0,1209736
-0,2032849
-0,2672545
-0,1607171
-0,04143656
0,1542582
0,1456488
0,08530814
0,2790404
0,2302557
0,01900535
0,01798323
0,01152156
-0,1206649
-0,3043934
0,09229081
0,1134788
-0,3234006
-0,4992138
-0,07202087
0,1308776
0,1328461
-0,2533703
-0,06378472
-0,05582159
0,03685037
0,1410198
0,3667237
0,1958925
0,1896067
0,5988961
0,201593
0,1310324
0,426028
0,358299
0,02526698
-0,04373023
0,2327512
0,2485134
0,1770598
0,1771389
0,1402289
0,06343023
0,1737275
0,3337801
0,4272768
0,2161316
-0,1532269
-0,2501321
-0,03964161
-0,09197528
0,1359061
0,08386047
0,1901732
0,06148282
0,2284647
0,4195992
0,515837
0,2425406
0,04111445
0,309324
0,3797423
-0,01686065
0,2620723
0,2388114
-0,09949596
-0,4779903
-0,06264572
0,08647173
0,2512225
0,07357166
0,1253347
-0,0008020574
0,08270828
0,4711872
0,3498806
0,06414752
-0,006619781
0,01210574
0,142553
0,1471128
0,2317302
0,2291197
0,2962202
0,4684183
0,4669979
0,4899425
0,5264135
0,4255379
0,4992528
0,5597854
0,3447896
0,1772163
0,06540269
-0,1701966
-0,1632272
-0,3021686
-0,4045011
-0,1889856
0,2803646
0,1828201
0,08562494
-0,1385893
-0,03973762
0,3171367
0,09715252
0,06845848
-0,05896188
0,1557865
0,208258
0,2383957
0,1620093
-0,01880907
0,360788
0,3698384
0,1459223
0,1849497
0,3905816
0,4836934
0,4797582
0,1096852
-0,06006014
0,3395782
0,04925586
0,08874575
0,2021971
-0,1297749
-0,4625071
-0,5715405
0,01449706
-0,1198265
-0,1233019
-0,1703926
0,2926131
0,01318717
-0,1070243
0,105533
0,01908189
0,2532849
0,2535597
0,5254403
0,2789665
-0,03877797
0,1444441
0,2211772
-0,04714742
0,06132348
0,1623717
0,4410316
0,008540783
0,04734191
-0,09155838
0,09288315
0,08740877
-0,2268993
-0,02918243
-0,116065
-0,2492036
-0,3547967
-0,103278
0,0187089
0,1129151
0,02075211
0,00723993
0,09138757
-0,1229319
0,1438425
0,148458
0,1869196
0,1121247
0,1672278
0,2307304
-0,02349769
0,1169319
0,1615614
-0,2355442
-0,21255
-0,136366
-0,1661189
-0,1856837
-0,2366787
-0,2645246
-0,2001733
-0,2814465
-0,1343995
-0,09738021
-0,2383243
-0,1591733
-0,1062581
-0,2082227
-0,06508072
-0,0006860117
-0,1194822
0,004454643
0,1406878
0,1334343
0,08234536
-0,1849565
-0,0843129
0,1780233
0,1292318
-0,00694154
-0,2019352
0,1200222
0,1929521
-0,03414182
0,06875313
0,07721248
-0,005928656
-0,1934429
0,2062827
0,2761199
0,1701645
-0,1651247
-0,05493705
0,3335202
0,1276552
-0,0518773
-0,04520852
0,2234091
0,3891472
0,1595919
0,07767861
-0,02118559
0,09622253
0,2285651
0,1938687
-0,1774929
0,0346531
0,03778909
0,0123774
0,04084686
0,7378455
