0,1225239
0,1370536
0,0665895
0,0103826
-0,0227789
-0,01796763
-0,06020266
0,07607305
-0,08664163
-0,004655227
-0,02203971
-0,02478631
0,09821619
-0,01751665
-0,05870697
-0,05247496
-0,06160666
-0,1183967
0,07241767
0,07358466
0,07999909
-0,2069122
-0,2326154
0,004948456
-0,06442269
-0,01345538
-0,0638795
0,03810368
0,0994247
-0,1007482
0,08805398
-0,009305662
0,001865815
0,0096312
-0,1524087
-0,1981518
-0,1460584
0,0822847
-0,07839613
-0,1016003
0,1138423
0,237705
-0,02828214
-0,06643806
0,07731549
0,1212053
0,06336093
0,02103135
-0,1397259
-0,09753225
-0,09349351
-0,02954866
-0,007994141
0,04099229
-0,009775996
-0,1433654
-0,1203894
-0,1187799
0,04691633
-0,05603136
-0,0342516
0,05627917
0,07704899
-0,1142942
-0,1505085
-0,06911553
0,002717927
0,007785657
-0,04671758
-0,09259149
0,01167003
0,08765179
0,01992164
-0,0359549
-0,0125961
-0,07012921
0,09732231
0,2589767
0,2408297
0,1032253
0,03867673
-0,08797187
-0,1775942
-0,02213815
0,003063357
-0,04577808
-0,09015326
-0,2248546
0,09042471
0,05863647
0,1133058
0,1389963
0,05486886
-0,05327263
-0,03602416
-0,01787436
0,03071558
0,06706556
-0,05782731
0,1578989
0,3739575
0,221624
0,2187824
0,0731273
-0,08347147
-0,1880057
0,09174976
0,2676165
0,3240698
0,1004416
-0,0004919566
-0,1482711
-0,1044565
-0,05804741
-0,06799462
0,09669852
0,07630866
0,02353724
0,1912588
0,09571587
0,04819151
0,07491691
0,06039195
-0,02800336
0,1171329
0,0347195
-0,06219553
-0,01766356
0,15411
0,2076965
0,2654989
0,1055212
-0,03740143
-0,235555
-0,1135119
-0,1179176
-0,1411597
0,06270774
0,084728
-0,06307248
0,04408341
-0,1292451
-0,1685863
0,06612951
-0,07834847
0,07847037
-0,08388772
-0,2191141
0,01440079
0,05341911
0,02165132
-0,04231512
0,1083042
0,00182777
0,06291926
-0,0128669
0,01833177
0,1683322
0,05808491
0,3057836
0,4127205
0,2304121
0,1086649
-0,08042623
0,0525891
-0,01272131
0,1631328
0,1900936
0,1189143
0,2031481
0,05268927
-0,3258378
-0,2613359
-0,1143847
-0,07097317
-0,05809063
0,05928683
-0,1715404
0,05782991
0,03646777
0,02158083
-0,1740122
-0,02473378
-0,2767236
-0,2106261
-0,1099098
-0,1125579
0,02214614
0,2030417
0,2887012
0,330369
0,2013254
0,2646084
0,05841617
0,005719259
0,03579913
0,03885635
0,04002208
-0,02637631
0,07303126
0,1032688
-0,2602449
-0,3196447
-0,2911109
-0,3715268
-0,2259008
-0,1570294
-0,07760207
-0,07839985
-0,04365347
0,03863452
-0,1081408
-0,2087036
-0,1472795
-0,1831361
-0,2697863
-0,2359168
-0,196381
-0,09035129
-0,01363618
0,1952104
0,2227968
0,2726699
0,1084396
-0,03991979
-0,06814459
-0,2311506
0,08363507
-0,0219922
0,1062527
0,2042808
-0,1514487
-0,1325499
-0,2710566
-0,3682523
-0,2288231
-0,1747458
0,02576985
-0,03119209
-0,0515606
-0,1600804
-0,1222204
-0,001560338
-0,1004746
-0,1676489
-0,083224
-0,01709387
-0,020746
0,04472348
-0,1973682
-0,01417793
0,1403689
0,1849036
-0,04102209
-0,1125078
-0,1440616
-0,1911031
-0,05371513
-0,04621921
0,1716024
0,1545165
-0,1266364
-0,155658
-0,04968993
-0,04089371
-0,04510204
-0,08145682
0,08067118
0,04798996
-0,006997973
-0,2112932
-0,267928
0,04497153
-0,115624
-0,1769521
-0,07681479
-0,02370571
-0,05228234
0,1917389
0,0596142
0,1086439
0,03989982
0,09832208
0,05708095
-0,103927
-0,02055397
-0,02369019
-0,2219063
-0,4062456
-0,1483717
-0,126976
0,07062285
-0,02554386
0,08208048
-0,05647434
-0,08056466
0,08680228
0,09926233
0,08039579
0,02257334
-0,07861897
-0,1939193
-0,100351
-0,09818865
-0,07483414
0,01888601
-0,171311
-0,1054519
0,01086486
-0,03349964
-0,08873148
-0,1589451
-0,02788198
-0,01982056
0,04610652
0,1609359
0,004492621
-0,158
-0,2773207
-0,2239026
0,03579763
-0,004233344
0,002515124
0,4146785
0,1661155
-0,03110929
0,09663233
0,07186998
0,09949174
0,03696338
-0,1013407
-0,101697
-0,08010684
-0,1204598
0,09237033
0,2296837
-0,09842589
-0,1300049
0,004867095
-0,01907188
-0,02177345
0,03806525
0,2124745
0,1706013
0,1951064
0,294508
0,2087027
0,02873982
-0,06229366
0,1038922
0,1074397
0,02639324
0,1074296
0,1000582
-0,03953872
-0,05170159
0,02328658
0,132748
0,1305891
0,01638764
-0,1206397
0,003477997
0,02352119
0,1709923
0,03520881
0,01249928
0,07762337
-0,1139277
0,02065052
-0,04452832
0,1284998
0,169559
0,3085054
0,2906192
0,3373243
0,4750237
0,30712
0,05254887
0,1588676
0,04932708
0,01169556
0,0176487
0,2305819
0,1430237
0,1782804
0,2183844
0,2813484
0,2344964
0,1446019
0,06667633
-0,1274569
0,1388463
0,1430329
0,1475922
-0,05110055
-0,1018936
-0,06274109
0,03955681
0,2519571
0,06290546
0,1071646
0,2415867
0,2145773
0,07032533
0,2629542
0,4350313
0,2910407
0,2002388
0,08770902
-0,01824165
-0,03318101
-0,003208395
0,1248944
0,06876541
0,05364151
0,3367446
0,2200823
0,1470849
0,01399512
0,06245937
-0,05044083
0,1495405
0,1575857
0,2887813
0,1103242
-0,05815913
-0,1487757
-0,08031284
-0,04401356
0,111965
-0,02353972
0,0504435
0,04149247
-0,08898338
-0,1525681
0,1359001
0,3096498
0,4139754
0,3648835
-0,006859133
-0,05282152
-0,04116087
0,1135897
0,09753782
0,1426252
0,2543207
0,3039522
0,1363554
-0,0236696
0,1575891
0,1340385
0,1463124
0,1258414
0,09700932
-0,06449249
-0,01043756
-0,01423492
0,1185029
0,09682609
-0,0002178604
0,03020354
-0,03815688
-0,150741
-0,1312718
-0,3268971
-0,1598269
-0,2312994
0,1738627
0,3395798
0,3151457
0,1810747
0,006372665
0,1995766
0,1040983
0,1135717
0,3718475
0,1256848
0,04950205
0,09679242
0,02521974
-0,02209808
0,1913889
-0,01772092
0,01555647
-0,09946747
-0,005605915
0,1658271
0,259143
0,3616731
-0,06081467
-0,01952218
-0,1473171
-0,2048079
-0,1454564
-0,3129231
-0,1939678
-0,2140874
-0,1432061
-0,04099763
0,1568986
0,3548172
0,203558
0,1120906
0,0137839
-0,03100882
0,134271
0,04284311
-0,1925548
-0,02801959
-0,02941292
0,02200619
0,11444
0,05058425
-0,03308821
-0,2577127
-0,2080491
0,1616016
0,148895
0,2382684
0,02599176
0,1085818
-0,1219992
-0,1935432
-0,1288004
-0,117645
-0,1072743
-0,2139947
-0,2810404
-0,2523367
-0,09848836
0,06947765
0,1657485
0,2746978
0,172911
-0,06809661
0,02333984
0,02705632
-0,1300423
0,0766196
0,03473315
0,2205025
0,1468845
0,1481708
0,002132045
-0,2039039
-0,1707736
0,1549524
0,1611935
0,3713949
0,02672689
0,08493966
0,08150963
-0,1673287
-0,07935702
-0,08194607
-0,2543997
-0,228079
-0,2533054
-0,2406215
-0,2122375
0,06725921
0,07997296
0,3305546
0,1856717
0,1657897
0,2207434
-0,02698473
-0,2286594
-0,0007992596
-0,04356216
-0,04204319
0,01458328
-0,1147744
-0,01575551
0,05808077
0,1686919
0,2479687
0,3159378
0,2052135
-0,07238666
0,003072734
0,1227662
-0,1105946
0,02490916
-0,03264067
-0,1965217
-0,1684057
-0,2469157
-0,1510923
-0,1567124
-0,1429699
0,1119886
0,1377706
0,1443856
0,04790838
-0,1409563
-0,2139197
-0,1102686
0,08925177
-0,08440547
0,9565491
