0,05336924
-0,1635923
0,1382784
-0,2428406
0,1173639
0,009338305
-0,2379648
0,09496184
0,02498357
-0,3008784
-0,1389347
-0,1855382
-0,3808696
-0,2858425
-0,05493765
-0,08607284
-0,05947048
0,2888247
0,1051724
0,1717835
0,3340348
0,2513725
0,3667765
0,4153426
0,1950455
-0,1701691
-0,005405084
0,1220025
0,1458474
0,03189018
-0,004751081
-0,1003954
0,01279829
-0,4135869
-0,1641765
-0,1466239
-0,3691132
-0,4657837
-0,5122394
-0,1797077
-0,2064133
-0,47805
-0,5489847
-0,1281449
0,1939178
-0,01400621
-0,3510717
-0,03751626
-0,1267239
-0,0626992
-0,1618512
-0,0259997
-0,0447188
-0,1850829
0,2594571
-0,1919749
-0,05782326
0,03140517
0,08594851
0,09577671
-0,1189176
-0,02651332
-0,01112087
-0,4174484
-0,2477579
0,00921886
-0,07094838
-0,08283821
-0,04966956
-0,02260129
-0,07514258
-0,1693898
-0,2261173
-0,04246968
0,05594002
0,2403799
0,1116634
0,120086
-0,1003142
0,0185781
-0,02666406
0,2921699
0,0463505
0,1953924
0,4936042
0,05828876
-0,2238127
-0,2034757
0,06683418
0,0798616
-0,04239237
-0,1140324
-0,2015946
-0,2589535
-0,08624542
-0,04034569
-0,1846741
-0,1732587
0,02502611
-0,06928273
-0,1062488
-0,2375087
-0,1542055
-0,1341076
-0,06531274
0,2508715
0,06337458
0,2644978
0,1590573
0,008231646
-0,08813821
-0,0200405
0,2717937
0,2233941
0,4475279
0,001144494
-0,2018136
-0,2405197
0,05388714
-0,08728798
0,03866351
0,01206996
-0,2701997
-0,2534923
-0,3358404
-0,07973266
-0,143291
0,05816571
0,07431757
-0,01390447
0,136159
0,168277
-0,002910873
0,222486
0,02784841
0,2244243
0,2365976
0,1122385
0,1525047
0,1587125
-0,09489924
0,2442666
0,006049676
0,03569634
0,4716459
-0,1814486
-0,0879769
0,01193676
0,07008485
-0,02246956
-0,04282876
0,05952412
-0,2305176
0,03028315
-0,06054308
0,1420024
0,1055699
0,1764673
0,2442201
-0,2001387
0,2145889
-0,3173219
-0,1432686
0,2702234
0,1770251
0,3482359
0,1289633
0,07214942
0,05367466
-0,08678538
-0,227376
-0,2104562
-0,1413348
-0,04020213
0,0613924
-0,1778432
-0,02805568
0,1159357
0,146167
0,0340394
-0,2725343
0,001414147
-0,2162428
-0,1102012
-0,02962794
-0,3030792
-0,09659699
0,04830431
0,140802
-0,1971254
-0,1157003
0,0561259
0,09691339
0,3639711
0,147687
0,2262862
-0,1015674
0,1971383
0,1446131
-0,03828688
-0,1316052
0,1657081
0,08867819
0,2082648
-0,006645316
0,2926694
-0,08181302
0,08192092
0,1893442
0,1121903
-0,07490188
-0,04216067
-0,3507534
-0,102185
-0,04775482
-0,03498287
0,219802
0,5238988
0,5362664
0,09213737
0,08346365
0,276639
0,2761877
-0,06139344
-0,2782299
-0,05320168
-0,01132833
-0,01451379
-0,138455
0,2471636
-0,008562158
-0,1732257
0,2536733
0,3650147
0,07814848
0,3454873
-0,05621937
0,1918084
0,2088161
0,1646048
0,004446368
-0,03991221
0,01152856
0,003997892
0,03069034
-0,006695017
0,07620581
0,2993192
0,1700973
-0,2218574
0,05996399
-0,1376401
0,1505673
0,0279183
-0,3107164
-0,2101959
-0,3512339
-0,3832123
-0,4436383
-0,4006793
-0,03180217
0,06708922
-0,04477712
0,02529898
-0,1684585
0,2069857
0,1377383
-0,2423174
-0,2144256
-0,002955446
-0,01860824
-0,07369909
-0,1713332
-0,2325151
-0,1900055
-0,1240393
-0,08132822
0,007125609
-0,1381467
-0,4929315
-0,1585936
-0,194361
-0,2193173
-0,207292
-0,1907282
0,01749668
-0,1121056
-0,3678096
-0,1697037
-0,09498531
-0,1280714
-0,2911085
-0,1919581
0,1075094
-0,1563823
-0,005902227
0,1508055
0,04121387
0,05750544
0,1024373
-0,03898277
-0,1526129
-0,1085634
0,008789395
-0,1431621
0,008909609
-0,2566439
-0,2998321
-0,1445894
-0,2119927
0,1278319
0,05148907
-0,03607389
-0,08815887
-0,4708998
-0,5357184
-0,155777
0,09505241
0,4092984
0,0339789
0,02554413
-0,07438747
-0,2314395
-0,172175
-0,1108348
-0,1851607
-0,01509842
0,1556902
0,2330106
0,02797
0,1000678
-0,236496
-0,2240608
-0,1874311
-0,3093722
0,03083483
-0,1403449
-0,1253593
0,09683917
-0,191606
-0,15821
-0,1287149
-0,1080425
-0,003889071
-0,359675
-0,4215019
-0,3451067
-0,1508095
-0,02990653
-0,1568887
-0,1560517
-0,1914781
-0,035972
-0,1702105
-0,4162624
-0,3290027
-0,126073
-0,04419078
0,1286996
-0,06935571
0,3276204
-0,01478825
-0,1457588
-0,03278385
-0,05347325
0,09442833
0,04711644
-0,1280585
0,1470457
-0,08354306
-0,4911266
-0,1826733
0,06065437
-0,01904961
0,1640321
0,01028608
-0,2886034
0,008812926
-0,1529109
-0,4322558
-0,1564916
0,1339579
0,1049957
-0,2427216
-0,1760854
-0,01435426
0,2119322
0,1474022
0,2240665
0,06329315
0,3672963
0,02999705
-0,0337746
-0,09207605
0,08047542
0,1614236
0,2844832
0,08124147
-0,05917251
-0,09774079
0,02228912
0,0270203
-0,06901328
-0,1292134
-0,0866514
-0,03501584
0,1015579
0,04727354
-0,1303737
-0,07796793
-0,08527673
0,1008689
0,3078082
0,03289309
-0,1085318
0,04380191
0,4682172
0,2072365
0,3004323
0,1152482
0,2774921
0,2011056
0,05344636
0,2140974
0,3462999
0,06604971
0,4448675
0,2497672
0,2338054
-0,199421
-0,2346049
0,04617971
-0,06331943
-0,003816375
0,4064961
0,4101562
0,137499
0,1049911
0,07006507
-0,06490989
0,02426204
0,02105466
0,1697848
0,08207375
0,07683372
-0,02272169
0,2156168
0,3337894
0,3146405
0,1885904
0,01952979
0,2234151
0,2493603
0,1612616
0,3570488
0,4506576
0,5491347
0,2653745
-0,0129624
-0,1049885
0,2622815
0,03890731
-0,03288403
0,05829286
0,3165305
0,2551205
-0,02229885
-0,04090425
-0,2928667
-0,1435829
-0,07412059
0,2633215
0,4176695
-0,3229911
-0,06741305
-0,05539412
0,2548674
0,2930823
0,2172101
0,1623894
-0,1367965
0,2779664
0,1604209
0,2288923
0,4583214
0,3174503
0,1777913
0,1403936
0,2032236
0,1613863
0,1447827
0,1112571
0,1434613
-0,07268439
0,4121265
0,4523165
-0,1105893
-0,05546444
0,2626323
-0,2238879
-0,08115688
-0,05032602
0,02041925
-0,09909886
-0,2525048
-0,03667317
0,3138496
0,3194504
0,06638679
0,155717
-0,01699403
0,112866
0,3425184
0,2235979
0,3409113
0,2379934
0,2448576
0,1510785
0,165606
-0,2979675
0,003431416
0,02068383
-0,09319398
-0,2352469
-0,05038634
0,3876495
0,474907
0,2192041
-0,001621426
-0,05009223
-0,2227582
-0,218242
0,07400397
0,3471092
0,1511189
0,1630024
0,2493164
0,1599502
0,06405693
0,006813715
0,05474686
0,09296022
0,1887691
0,2009162
0,04039238
-0,2355811
-0,1003587
-0,06283955
0,05079589
-0,04984333
0,4998506
0,1873258
-0,264316
-0,2501658
-0,133118
0,2343014
0,2681817
0,2224637
-0,01805813
0,2183017
0,09441229
0,1161073
0,03120529
-0,06348229
-0,1327175
0,2912024
0,3749786
0,207214
0,04096103
0,05219584
-0,233828
0,3437775
0,2152048
0,2802011
0,2517719
-0,1268231
-0,1173309
-0,3345457
0,1145605
0,1607962
0,09269442
-0,2011334
-0,2553574
-0,2023885
-0,1334016
-0,296321
-0,2162883
0,08108281
-0,009045737
-0,06380769
0,1697298
0,2501917
0,3293374
-0,1016142
0,03353766
0,1098932
0,1294567
0,4319105
-0,01182177
-0,02586899
0,7788519
