0,1454144
-0,08804619
0,01442194
-0,3090367
-0,139612
0,1091118
0,2250553
-0,01295889
-0,05864193
0,006589718
0,2277681
-0,1506051
0,1419573
0,1962884
0,05961458
0,1412749
-0,03790212
-0,1298638
0,0538487
-0,1534721
0,04292681
-0,3553843
0,07242764
-0,4153882
-0,5962046
-0,4985911
-0,1329453
-0,6126685
-0,3692534
-0,08626757
0,2311333
0,09311125
0,08875123
-0,04827892
-0,1218997
0,2641421
0,6576397
0,5561069
0,07026082
-0,2804163
-0,2005618
-0,2163579
0,04940852
-0,01032333
0,1210589
0,3531911
0,2885911
-0,1168165
-0,1184223
0,163078
0,01628332
-0,1323522
0,09220332
-0,03866204
-0,3598208
0,0719384
0,2786483
0,02087274
-0,2409407
-0,04075564
-0,180247
-0,05049211
-0,1801029
-0,214875
-0,2865817
-0,006256376
0,7657964
0,7815064
-0,09227194
-0,3780043
-0,2776453
-0,1572865
-0,2970494
-0,1951639
-0,08111092
-0,1988624
-0,160062
-0,03240174
0,09930492
0,4122883
0,4348712
0,06752403
-0,1067816
-0,1243876
-0,04782211
0,2040275
0,4307432
0,1867429
-0,1828216
-0,07897015
-0,3163752
0,08921861
0,3802275
0,2870684
0,05341601
0,1151678
0,1177607
0,1855008
-0,001330506
-0,1117685
-0,3259959
-0,6566553
-0,5118667
-0,1353717
0,06238996
-0,4578144
-0,4870431
-0,348782
-0,2417301
-0,1589785
0,3645304
0,02908189
0,08024937
-0,4244239
-0,2932176
0,01901443
-0,1039049
0,2101557
0,1416342
-0,04169996
0,03334871
0,5547645
0,5216169
0,2721221
-0,4563438
-0,1689941
0,1454306
0,4475524
0,2890874
-0,09558204
-0,008679483
-0,01878754
0,1563696
0,296626
-0,3232824
-0,4906996
-0,4883333
-0,310192
-0,5408435
-0,4589407
-0,01319426
0,1443444
0,4169085
0,3167484
-0,148467
0,1481668
0,09043916
0,2146561
-1,943495E-05
-0,005038505
0,2214379
0,4049656
0,3044884
0,2988365
-0,390498
-0,302468
0,1213867
0,4224644
0,2595728
0,2423576
0,2044495
-0,04350272
-0,1760363
0,1968864
-0,1516549
-0,1603235
-0,2191904
-0,1421145
0,2139488
0,0255468
0,06188713
0,2155817
0,318917
0,1780247
-0,1573709
0,03587754
0,1464584
0,03281504
-0,07108431
0,007481947
0,09446044
0,08344453
0,07257022
0,2251263
-0,05150366
0,068806
-0,09841254
-0,1952948
0,06375886
-0,1619245
0,1535634
-0,1908303
0,2462049
0,3756286
0,07920476
0,1989905
0,2258049
0,0876548
0,04171329
-0,2587032
-0,3768689
0,2330315
0,4545134
0,1587012
-0,1663233
0,1989775
0,3346635
0,1855305
-0,04280723
-0,06906336
0,2990911
0,4168239
0,09152798
0,03656499
0,107125
-0,211588
0,004830473
-0,006091972
-0,2838228
-0,4350961
0,0424986
-0,4693954
0,013226
0,1467113
0,4763919
0,358876
0,3803829
0,4056709
0,2197919
-0,3194732
-0,1944608
-0,119555
0,08482242
0,5471004
0,5187497
0,2026288
-0,006553227
0,08639353
0,1936173
0,2916666
0,007490594
0,3081547
0,0160421
-0,09356523
0,2362166
0,06770764
0,2179565
-0,09939794
-0,2698237
-0,2495755
-0,01164363
-0,3365857
-0,2885623
-0,03203785
0,1671517
-0,1623523
-0,07114241
-0,07274035
-0,02525794
-0,3719637
-0,09276713
0,04004924
0,2821605
0,1633288
0,168962
-0,2056061
0,03620307
0,08205714
0,2214242
0,3602543
0,2656491
0,4701249
0,2233824
0,05918215
0,05453853
0,3086344
-0,0140092
-0,2425567
-0,5992626
-0,3155099
-0,1908048
-0,1020494
0,3445601
-0,1321006
0,4477482
0,135526
-0,04344038
-0,3793933
0,1759524
0,1571047
-0,08118429
-0,3635888
0,1916293
0,2394728
0,2444984
-0,1053976
0,01134298
0,1743051
0,2636195
0,2700487
0,3186922
0,2200106
-0,01896321
0,07007594
0,07521433
0,006092769
0,1910838
-0,04038423
-0,2798222
-0,4187326
-0,03961194
0,3321516
0,4529499
0,08329166
0,4543272
-0,003338234
-0,1226039
0,09297609
0,2177931
0,2780455
0,1039963
0,2610646
0,435987
-0,1288459
-0,2042327
0,0385933
-0,04332007
0,1927063
0,156527
0,1194384
-0,1360267
0,2072146
0,3330507
0,6265935
0,2343251
-0,2762519
-0,2279065
-0,4854043
-0,4649556
-0,2989963
0,1715824
0,4714595
0,3686955
0,01218268
0,02991625
-0,3381794
0,3008631
0,1205325
0,1389576
0,1809664
0,07631841
0,1427697
0,2348341
-0,1295355
-0,1285748
0,1011359
0,1010391
0,2562789
0,01610016
0,1967936
0,006678595
0,2671038
0,07976379
0,1640154
-0,03681522
-0,1736801
-0,1235245
-0,2691938
-0,4284505
0,07081775
0,1359338
0,3157147
-0,1154244
-0,3882795
-0,391983
-0,2303988
0,4874055
0,3748297
-0,02873266
0,2873003
0,2465852
0,07230317
-0,2028599
-0,2335149
-0,2510737
-0,02783578
0,05101294
0,008473408
0,05620313
0,1900591
0,2369478
-0,0962464
-0,3983423
-0,1566641
-0,1755303
-0,1926086
-0,4457729
-0,05977697
-0,2038682
0,07517928
0,07541274
-0,07476873
-0,03970136
0,1323825
0,07155607
-0,3307022
0,167203
0,2920163
0,1067169
-0,01626619
0,08204009
-0,02841023
-0,293163
-0,1520176
-0,1323034
0,1096163
0,4155699
0,1074075
0,03388855
-0,06241878
0,04405919
-0,1038086
0,1112301
0,03327226
-0,107637
-0,0893512
-0,1358714
0,4193308
0,1087264
-0,1340431
-0,01227982
0,3782033
0,0712826
0,08219529
0,07881819
0,02191279
0,6548519
0,4153756
0,08825077
-0,09711175
-0,06880397
-0,1046823
-0,1426151
-0,1158028
-0,1577006
0,1282347
0,08862876
-0,307143
-0,3640643
-0,2058138
-0,27361
-0,1813186
-0,02145981
-0,02135302
0,252749
0,1584985
0,2435263
0,2137962
0,2537808
0,4230831
-0,01924637
0,09005921
0,3243383
0,2506508
0,3094723
0,488413
0,573197
0,4500078
0,4559846
0,1230029
-0,3113301
-0,2026312
0,02844353
0,320491
0,1824418
0,08269773
0,06948495
-0,4089192
-0,5078875
-0,3445418
-0,2991193
-0,1950312
0,09455209
0,1177924
-0,1325639
0,1674193
0,05870052
0,05248322
-0,0443526
0,1112019
0,2688636
0,2041782
0,2626784
0,1447399
0,1027766
0,481223
0,2838776
0,06151754
-0,2427704
-0,1026239
-0,1475687
-0,3902134
-0,040303
-0,08995443
0,1008433
0,1280244
0,1463064
-0,2024816
-0,3221134
-0,1564541
-0,07633747
-0,02319837
0,06552397
-0,09323149
-0,07843198
0,07196281
0,2760217
0,3173052
0,1034238
0,3544648
0,3235444
-0,02159079
0,1887049
0,2842807
0,3559861
0,534263
0,3146908
-0,4422148
-0,3862927
-0,3776222
-0,1437182
-0,09739622
0,01121414
0,06083782
0,4722433
0,1085641
-0,3838128
-0,3026442
-0,348207
-0,2599302
-0,06711493
0,04464729
0,08852636
-0,4541129
-0,07091162
0,06779577
0,4973933
0,01323335
-0,1264544
0,0001780493
0,3106313
0,2230947
0,07768941
-0,09006465
-0,1424942
-0,1587045
-0,159545
-0,4342896
-0,393025
-0,1755497
-0,01483572
0,1583174
-0,009145039
0,07415338
-0,1328945
-0,4518656
-1,04467
-0,8880668
-0,4569806
-0,07463398
0,04975145
-0,06970749
-0,1944806
-0,157301
-0,08477893
-0,07874013
0,1901121
0,1386973
0,1351003
0,04558529
0,3279356
0,2029014
-0,0669851
-0,04540142
-0,1232459
-0,253399
-0,1808064
0,1058564
0,01399745
-0,03015068
0,4230406
0,410503
-0,05618502
-0,3695877
-0,7546
-0,4924281
-0,6638437
-0,499501
-0,1349513
0,0979303
0,8372055
