-0,1584015
-0,1215267
0,08835101
0,1126402
0,05772289
-0,06774352
-0,04889879
0,1236626
0,01987317
-0,1440174
-0,06570903
0,09760059
-0,03088221
-0,10534
0,001133454
0,07618424
0,0885401
-0,04853811
-0,02655214
0,02883364
-0,05795018
0,06929325
-0,02028942
-0,254342
-0,1609616
-0,2123312
-0,1485776
-0,0706116
-0,0151928
-0,07062794
-0,1635608
-0,1620242
0,06427447
0,04252512
0,1347229
0,08767295
0,03478005
0,2895529
0,1081075
-0,03159264
-0,1539331
0,06990673
0,07801976
-0,01913526
-0,002751747
0,003501982
0,09952063
-0,01415977
-0,0159577
0,08488414
-0,1214123
-0,1411938
-0,1940385
-0,2069429
-0,0525886
-0,0307857
0,04854888
0,1095569
-0,002452398
-0,06750726
-0,0302086
-0,1063788
-0,03744701
0,0151679
0,1784744
0,1769003
-0,01361424
0,2966166
0,2534407
0,1738226
0,1226034
0,2029613
0,0982781
0,1231051
0,138747
-0,04140833
0,09465645
-0,09741846
-0,06781376
0,05286553
0,1300902
-0,04555447
-0,1436942
-0,1595726
-0,1064047
-0,1351004
0,0147835
0,01856476
0,06125022
-0,00437437
-0,06336801
-0,1857141
0,05020879
0,03663969
-0,08546801
-0,1396066
-0,06968601
0,4033596
0,1783344
0,03812532
-0,09064712
-0,02872891
-0,04568862
-0,09032204
0,06275553
-0,08067299
-0,01229962
-0,06069237
-0,1182174
0,05152247
0,1277618
0,06124324
-0,1347885
-0,1085763
-0,08614698
-0,1658728
-0,1757494
-0,05196229
0,1885978
0,05256907
-0,01833999
-0,09502066
0,03173185
0,03497935
-0,01435511
-0,007614809
0,1599404
0,621165
0,462407
0,2151891
-0,03100945
0,001319574
0,1281963
0,02266216
0,08008596
0,017143
-0,1174804
-0,1218801
-0,1603995
-0,06676374
-0,04464122
0,02435022
-0,005586156
-0,02567347
-0,07942017
-0,003002641
-0,02994993
0,009123921
0,2942431
0,1443588
0,1100075
-0,03155176
0,07915705
0,166637
-0,0883508
-0,1149729
0,004934887
0,458624
0,4058045
0,1270788
-0,06517527
0,1738685
0,2488576
-0,0168191
0,03449059
0,09360329
0,1047233
0,0260049
0,04387034
0,09804316
0,1627991
0,04143338
-0,03720013
-0,2567545
-0,1998858
-0,09044117
-0,04919125
0,00483105
0,2177202
0,1576134
0,1589047
0,03710148
-0,02690078
0,2086561
-0,212057
-0,296403
-0,1256618
0,1976484
0,2953389
0,2037641
-0,0889545
0,04360723
-0,05355621
-0,1565631
-0,06084466
-0,1065533
-0,01904652
-0,01657149
-0,06447696
-0,00897931
0,07712589
-0,004592742
-0,05429057
-0,1300526
0,01174027
-0,01994037
-0,03242328
0,07969847
0,1584487
0,1059
0,03708623
0,04870112
0,1178473
0,1527943
-0,1140175
-0,3220442
-0,2023217
0,2216327
0,3569428
0,09924928
0,0392698
0,09975793
0,07766503
-0,1393465
-0,06773954
-0,1018268
0,03173946
0,09604655
0,1623311
0,1532406
0,2387022
0,137171
0,06129853
0,04438675
0,1277769
0,2166138
0,05122912
0,0630268
0,2014316
0,1626226
-0,01981598
0,0552192
-0,009760976
0,03587649
-0,1810124
-0,3424712
-0,2890419
-0,05764472
0,1575517
0,0520456
-0,02266707
0,07867931
-0,03213287
-0,03710387
0,1109381
0,2139806
0,272359
0,05911437
0,03134926
0,02884586
0,08732257
-0,06340109
-0,05005326
-0,1548636
0,03503978
0,25562
0,233387
0,1872027
0,2423663
0,1814471
-0,08522553
0,0385396
0,07008366
0,05155858
-0,2036876
-0,3283217
-0,2385448
-0,2596061
0,01495274
-0,01223386
-0,1028354
-0,02940093
-0,1111297
-0,1622573
0,04956155
-0,02160913
0,09490689
-0,007221417
-0,1374303
-0,1806933
0,1322827
-0,01608721
-0,09313424
-0,1275912
0,1098967
0,2767228
0,18137
0,2299462
0,1128672
0,03017455
0,005188593
-0,0003247398
0,1263241
0,2041134
-0,01328062
-0,2048236
-0,2473294
-0,1155036
0,1997354
0,1598331
0,0528185
0,04047356
-0,09021362
-0,1341559
0,08416526
-0,009030957
0,007262312
0,06194545
0,08744386
0,03215853
0,1112676
0,08057668
-0,08428475
0,08698038
0,214533
0,1102762
0,1412795
0,2561959
0,0152539
0,03323772
-0,01427566
-0,02601504
-0,02894993
0,1747101
-0,01786808
-0,03700536
-0,1194713
-0,2588968
0,07756953
-0,1244308
0,02498777
0,01026088
-0,02583762
-0,02745941
0,06760771
-0,03568242
0,106844
0,1502573
0,1844995
0,1564255
0,0836623
0,06030654
-0,08676018
0,1447899
0,2940296
0,2188519
0,2422224
0,1968402
0,03073113
0,07375314
-0,007244185
-0,1018387
-0,01917892
0,2033343
-0,1311752
-0,09469382
-0,2117376
-0,05525261
0,04752518
-0,169109
-0,05836771
-0,1777885
-0,1228046
-0,09121189
-0,04531003
-0,1506799
-0,05629941
0,02310115
-0,03798003
-0,0805587
-0,03802647
-0,08912627
-0,1329873
-0,002715264
0,1263122
0,1583105
0,273226
0,1836851
0,101743
0,008741077
0,049023
-0,09320824
-0,09156207
0,1761838
-0,06369257
-0,100799
-0,2930109
-0,01613468
0,1992789
-0,02818077
-0,06363267
0,0185506
0,01048977
0,06886633
-0,005121359
0,04644556
0,01298288
0,1183646
0,1228278
0,07355364
0,07669327
-0,0845513
-0,2030472
0,01366082
0,1497357
0,2104022
0,2746254
0,1709342
0,08826415
-0,08286835
0,06501257
0,02724618
0,1053547
0,1490132
-0,1546347
-0,172825
-0,2082259
0,08064894
0,1381156
-0,04419461
-0,02141782
0,1104304
0,01068705
0,1245161
-0,04303253
0,03724309
0,05491032
0,08783069
0,1455539
0,1726166
0,08706282
0,07430738
-0,01707527
0,00344649
-0,1108274
0,05375985
0,147193
-0,019838
-0,03921361
-0,1076964
0,03111339
0,02546684
0,1058053
0,1533357
-0,01172602
-0,115743
-0,1635519
0,01952538
0,0119613
-0,07127511
-0,1629522
-0,1139997
-0,01178522
0,1712209
-0,1240799
-0,05333505
0,001688534
0,02305742
0,003866648
-0,004586085
-0,04293755
-0,2279636
-0,1398469
-0,03015788
-0,007018539
-0,09201351
-0,03191669
-0,1238004
0,03253392
-0,04149154
0,007189639
0,08484641
0,02502036
0,03557006
-0,08245445
-0,08693945
0,01527906
0,0367747
0,01148097
0,04499784
-0,001515993
-0,02334128
-0,01052123
0,04407651
-0,09887901
-0,06271881
-0,051571
-0,1419393
-0,1378682
-0,0411755
-0,03766972
-0,1898097
-0,1623294
-0,1073943
-0,001708257
-0,05328164
-0,08720329
-0,1175968
0,03644403
-0,01206781
-0,1213639
0,05309216
0,05750655
0,2315744
-0,05196883
-0,09140511
-0,02584931
-0,0007911765
0,09552389
0,03818043
0,006514742
0,02982563
-0,006124853
0,08910426
0,08795056
0,1649744
0,01736015
-0,05790086
0,1499036
0,1554396
0,1854341
0,145647
0,1550167
0,05159387
-0,05242123
-0,03843686
0,01361931
0,07561678
0,1792329
-0,0333704
-0,114864
-0,02324678
0,1509283
0,3122886
0,09309291
-0,2354763
-0,009952809
0,1140092
0,1021724
-0,004412536
-0,1501281
-0,1808142
-0,08025537
-0,1606421
-0,07604405
0,03150233
0,01310121
0,07382594
0,1312699
-0,05209617
-0,1184047
0,02895584
0,02315575
-0,07470909
-0,03711909
0,04681691
0,02785868
0,0570991
0,1223224
-0,01311566
-0,09978492
-0,02608602
0,1142029
0,08646802
0,1462792
0,0261914
-0,01218019
0,2801867
0,2934301
0,04132762
0,001360482
0,07135394
-0,008284474
-0,0363692
0,02867
-0,09504501
-0,05761037
-0,04229558
-0,07861246
-0,09626525
-0,03408942
-0,02193051
0,0459594
-0,1419413
-0,08426715
-0,05733281
-0,02537941
-0,04328276
0,1077669
-0,02051881
1,039241
