0,06327862
0,01799904
0,07539363
0,03230936
-0,08016387
0,02138945
0,004552159
-0,03637436
0,1004929
-0,07521731
-0,1387748
0,07545599
0,09465826
0,1580243
0,2182459
0,1595138
0,1289533
0,01861447
0,03027161
-0,1207881
-0,1984245
-0,2798913
-0,2936916
-0,1357872
-0,06893165
-0,1614117
-0,1174323
0,07273548
0,1859983
0,2823771
0,05867837
0,06724001
0,02454437
-0,02144815
-0,03634115
-0,07371399
-0,04633997
0,001438452
0,09412675
0,03327688
0,08575729
0,1084952
0,1574348
0,1758951
0,1235959
-0,02501145
-0,0509821
-0,002187656
0,04120984
-0,1117663
-0,2057811
-0,1612289
-0,1446548
-0,01001303
0,01713893
-0,02220977
-0,05613527
0,09055057
0,09223095
0,1417331
0,08724551
0,01921097
0,01848219
0,01605288
-0,05624826
0,008745095
0,005552495
0,08560613
0,1910714
0,1779522
0,05903156
0,03938147
0,1156388
0,1803719
0,2081272
0,05782276
-0,004182154
0,03996414
0,03668495
0,01051398
0,09692388
-0,0241239
0,06357582
0,1327603
0,07487826
-0,009422959
-0,001807705
0,1145638
0,03994286
0,01541206
0,1810616
0,0181023
0,06026813
0,03409341
0,0564528
0,1270011
0,1814014
0,1671544
0,1708798
0,1647499
0,1507718
0,1747448
0,0195389
-0,06760582
-0,1075659
-0,1045706
-0,1136258
0,1141737
0,1442977
0,1596719
0,1268448
-0,007396863
0,05719563
0,1144201
-0,04634788
-0,1268691
0,0210095
0,03749724
-0,01720838
0,01051089
0,02287517
-0,0894986
-0,1331314
-0,1021477
0,006335113
0,1616405
0,2060452
0,122415
0,1104866
-0,07638969
-0,1322707
-0,1858005
-0,1350201
-0,1658536
-0,07627142
-0,06788361
-0,01101178
0,1226906
0,1846146
0,1690518
0,1455096
-0,009701312
-0,01326641
0,1364574
0,02387631
-0,05047006
-0,03665409
-0,07184957
-0,07272852
-0,1042468
-0,0329526
-0,04610628
-0,1034522
0,04820856
0,1407757
0,08899792
0,02240613
-0,1027122
-0,05872114
-0,08209163
-0,2618535
-0,1684584
-0,01394068
-0,02757116
0,02890298
-0,02220059
0,02753827
0,1589954
0,2475139
0,2681629
0,03358968
-0,0192346
-0,06485356
0,01440563
0,002884578
-0,02454505
-0,09706888
-0,1244164
-0,1212254
-0,1095688
-0,105758
0,02762856
0,08947399
0,09490327
0,08065918
0,06488176
-0,02083304
-0,06175322
-0,0894786
0,02283269
-0,1028258
-0,0781378
-0,06448273
-0,01017975
0,1538903
0,1010473
0,1504118
0,0008970034
0,0578294
-0,01018012
0,06737299
0,05447514
-0,004210856
-0,08805706
-0,0897214
0,01170094
-0,05322885
-0,1388259
-0,08816773
-0,1395905
-0,09011017
0,01146762
0,04878128
0,091391
0,03611205
-0,1278713
-0,03046731
-0,08266072
-0,0463913
-0,03292939
-0,02166331
0,1233704
0,03679724
0,1172551
0,07316676
-0,0732659
-0,04159885
-0,06014995
0,01013569
-0,1043841
0,09651894
0,1458851
0,039457
-0,04563694
-0,08600173
0,01268441
0,05520418
-0,06810983
-0,02738747
-0,1151142
-0,02880388
0,03583669
0,02006089
0,1365362
0,110733
-0,1111668
-0,01187671
-0,09088016
-0,05466766
-0,03545302
-0,05964885
0,04954719
-0,01773751
-0,03948193
0,0165472
-0,0837478
-0,09000358
-0,1469741
-0,0693664
0,06503808
0,01315421
0,03010707
0,02279347
0,09339043
-0,006926059
0,01219813
0,08081286
0,002602472
-0,02697615
-0,09659037
0,01755889
0,0552583
0,09784716
0,1759858
0,1008225
-0,05854056
0,0288946
0,1463754
0,1214615
0,1081654
0,07571765
0,0715837
-0,1040999
-0,07752754
-0,05121941
-0,06319124
-0,01557585
-0,02855052
-0,0629352
0,01608665
0,01441976
-0,05926157
-0,05049484
0,1017028
0,01569262
-0,06461141
0,06755111
-0,03602358
-0,09557977
-0,05613618
0,01071821
0,02989576
0,03625587
0,07928636
0,0486389
-0,01005303
-0,07438748
-0,03633335
-0,001784099
0,02873405
0,03378063
0,07024311
-0,08123289
-0,1470595
-0,02765465
0,0582515
0,1217735
0,0629263
0,06661647
0,07759806
-0,0474164
-0,09028579
0,003816113
0,08577386
-0,02600903
-0,03851478
0,02055706
-0,05308922
-0,1207639
-0,05377793
-0,0002521946
-0,06628029
-0,001573097
-0,1174549
0,03021361
0,1256018
0,03941447
0,1477969
0,04555195
0,1433298
0,05971985
-0,02512415
-0,07148203
-0,02607049
0,08897618
0,0790232
0,1186626
0,1774457
0,1164905
0,1101058
0,1018701
-0,02670855
0,003727146
0,02092505
-0,06980737
0,0217847
-0,03535897
0,01152393
-0,05972718
-0,03406898
-0,05323827
-0,05224204
0,06026146
-0,06603629
-0,0753286
0,07416739
-0,03369409
-0,1176823
-0,1434959
0,06884842
0,01253923
-0,06904259
-0,1158038
-0,09621068
-0,0230943
-0,000670665
-0,03722208
-0,1004501
0,005287477
0,1316226
0,1445884
0,07143788
0,07884441
0,1498961
0,1176374
-0,01188909
-0,1144191
-0,0536233
-0,04815341
0,03884562
-0,02459466
-0,0534338
0,09547967
-0,03201082
-0,08797859
-0,05707214
-0,02221811
-0,085397
-0,116539
-0,01756203
-0,0910561
-0,1306821
-0,06946693
-0,09250754
-0,06650934
-0,05531124
0,02491069
-0,1003125
-0,006123888
-0,008976707
-0,01414359
-0,0279534
0,03164703
0,09017186
0,1615855
0,03492498
-0,103803
-0,01998413
-0,04374476
0,09088562
0,02833836
-0,01311028
0,01862917
-0,05425721
-0,05890352
-0,003596611
0,0656812
-0,08153423
-0,08512075
0,01800636
-0,125674
-0,1842316
-0,04467117
-0,1194115
-0,1454122
-0,03364917
-0,007152779
0,1024085
0,008803327
-0,1215022
-0,01023015
0,03822888
0,1624563
0,2271727
0,2535588
0,1371764
0,03138193
0,1410303
0,1971129
0,1239476
0,1685298
0,06990362
-0,02951449
0,003823757
0,145511
0,04238903
0,1405101
0,09691441
-0,03063928
-0,0806227
-0,07290711
-0,007430562
-0,01148041
0,02839969
-0,04377155
-0,02736109
-0,06361068
5,300633E-05
-0,03829034
-0,04581766
-0,03860785
0,03117688
0,01011932
0,03867
0,01423778
0,0222664
-0,00133396
0,0769124
0,2481507
0,1182295
0,0821255
0,0851237
-0,001355016
-0,02595899
0,05413285
-0,04609016
-0,05260101
0,1458384
-0,0271278
0,02757528
0,03700984
0,03523678
0,1183638
0,05769194
-0,09730449
-0,1137322
-0,06188788
-0,05691963
-0,02755944
-0,05822809
-0,04669191
-0,005068559
-0,05947488
-0,07373406
-0,1487841
-0,01276289
0,02430769
0,05839823
0,279748
0,1618467
0,08298492
0,1309408
0,01862597
-0,08830783
0,1206861
0,106189
0,09020892
0,2656489
0,09029917
0,07179496
0,04574659
-0,05935712
-0,003038008
-0,05275949
-0,01134965
0,01968122
0,0357131
0,01149236
0,003162265
-0,1007543
-0,006698743
-0,04505393
-0,130227
-0,01684594
-0,06480493
0,04147351
0,1053687
0,1003366
0,2460896
0,2133272
0,02387486
0,01267148
0,08026341
-0,05395092
-0,08608729
-0,01015618
-0,07673996
-0,0116074
0,06537353
-0,05417551
-0,07511187
0,004962348
-0,05474836
0,006406557
-0,04375637
-0,1534452
-0,0645026
-0,02050251
0,01571425
0,05898747
0,07066181
0,1254057
-0,02166468
-0,04887009
0,01612687
0,02906018
-0,02038408
-0,006646696
0,1231517
0,02456357
0,07214238
-0,03047525
-0,06094268
-0,0896835
-0,1012799
-0,08720875
-0,07986173
-0,05268512
-0,0367123
-0,01254596
-0,07188483
-0,08192777
-0,03086635
-0,002388012
0,01606748
-0,02979234
-0,08523507
0,03437773
0,04894691
0,0486743
0,08423381
0,01994429
0,1005509
0,1240933
0,06432032
0,07466581
0,2122631
0,1943426
0,1082918
-0,008251667
0,9922975
