-0,04693307
0,03017627
-0,1045911
-0,2029222
0,02275943
0,06023743
0,004993683
-0,1540489
0,07001292
0,05497967
-0,03234569
0,06816997
0,007045365
-0,00753496
0,03849402
0,1397315
0,0210929
0,05982949
-0,01020713
0,1283345
0,07360547
0,06485976
0,09019467
0,09576631
-0,07772253
0,07826161
-0,02642811
-0,08731534
-0,1407664
-0,0233582
0,109149
0,09585766
-0,04349462
-0,1819659
0,01460198
0,0436064
-0,0525501
-0,3265522
-0,09437502
-0,07251918
-0,04047753
0,1105993
0,2731476
0,2384608
0,1650061
0,241422
0,1700652
0,08604393
0,02495569
-0,08941848
-0,1082259
-0,005617714
-0,03814153
-0,02394642
-0,01778198
0,1378258
-0,1222508
-0,02515938
0,002381291
0,09164092
0,116975
0,1460402
0,1241268
-0,08769003
0,08508057
0,05525906
2,526978E-05
-0,1805088
0,1160832
0,2241411
-0,05709276
-0,005200433
0,1540768
0,04578592
0,04493535
0,02726266
-0,07663416
-0,06274045
-0,01024265
0,09347025
-0,09291223
-0,2456133
-0,07913566
-0,06572126
0,08652765
0,3223124
-0,001343459
-0,02974753
-0,04244198
0,08490837
0,2033875
0,08591105
0,1451033
-0,03581592
0,1733672
0,3373856
-0,08579997
-0,07369038
0,08502232
0,03680397
-0,0006007758
0,09451589
0,0961093
-0,04274761
-0,09530007
-0,08545372
-0,02444905
-0,008856965
-0,07253934
0,0107333
0,1129964
0,01449828
0,04132691
0,04013827
0,08312669
0,202582
0,006319052
-0,04418515
-0,134914
0,06853732
0,1672775
0,02064746
0,06014995
0,1722104
0,2572306
0,2677252
-0,06414304
0,01919804
0,1573617
0,109808
0,02383949
-0,152006
-0,08857809
-0,1666591
-0,2317147
-0,05970625
-0,06775411
-0,03757418
-0,01974012
0,03423794
0,03170852
-0,0003669166
0,0704955
-0,1131815
0,1289613
0,148287
0,01352678
0,01902064
-0,08224086
0,006664832
0,1755368
-0,05349186
-0,007877346
0,0923359
0,2158368
0,2870403
-0,08593944
-0,1169168
-0,08204921
-0,05404991
-0,1189111
-0,05739707
-0,0811068
-0,1952315
-0,1679987
-0,04397284
0,023686
-0,128288
-0,04264869
0,001967793
0,02368685
0,002539092
-0,07940294
-0,1579099
-0,02864487
0,05392264
0,04603407
0,01118598
-0,1356832
-0,05992359
0,2899417
-0,1773308
-0,1633592
0,2342476
0,3039732
0,2228267
-0,00499409
-0,04055493
-0,08862466
0,1175671
0,1213587
0,01525669
-0,1227871
-0,01314757
-0,002305417
0,1379241
0,2154641
-0,02488471
-0,03085577
-0,001585033
-0,07386713
-0,0184293
-0,08728103
-0,07043004
0,07802814
0,1078799
-0,04460665
-0,1383367
-0,2176663
-0,1086363
0,09555902
-0,2409372
-0,1679797
0,1696165
0,3036736
0,14055
0,007208819
0,1480437
0,04483273
-0,07243842
-0,01445286
-0,05248393
-0,03533087
0,2169882
0,2214713
0,05186754
0,2286241
0,1704419
0,1226614
0,08926017
-0,07804011
-0,05845398
-0,07822242
-0,003909874
0,05628917
0,06490617
-0,07618624
-0,203845
-0,1761175
-0,03848531
0,1574702
-0,1977863
-0,2779355
0,03429654
0,3168421
0,04351233
-0,1013654
-0,03138871
0,09076726
0,1805169
0,03393677
0,03238448
-0,02671609
-0,111719
-0,05014611
-0,04783669
0,03240865
0,03565453
0,1203024
0,1100567
-0,05665938
-0,05870333
0,02999926
0,110871
0,008992409
0,04253058
-0,04230475
-0,08385401
-0,1292372
-0,004223937
0,1160795
-0,2495069
-0,290618
0,0250232
0,2443386
0,05119414
-0,1122893
-0,1768607
0,2173511
0,2922354
0,05146508
0,07195863
-0,002411706
-0,07762312
-0,05832726
-0,005434284
0,06638815
0,08780913
0,1262145
0,2869922
0,02880497
-0,1204907
0,02376724
0,192284
0,1795818
0,2993683
0,1284528
-0,003266058
0,01741104
-0,004934846
0,1637764
-0,237774
-0,3483299
-0,0220382
0,2459482
0,1255968
-0,06854465
-0,08560993
0,1799682
0,2458832
0,09937099
-0,06148356
-0,1071663
-0,09304843
-0,1228923
-0,006684365
0,1575674
0,1063023
0,0432762
0,2218954
0,08980697
0,007986309
0,01654913
0,1745088
0,2369923
0,3819821
0,142632
0,03742283
-0,07461756
-0,05957804
0,1217012
-0,1255093
-0,2595577
-0,02695878
0,3849961
0,2289123
0,005776975
0,005755305
0,1108316
-0,02841581
-0,06853294
-0,1507305
-0,03411848
-0,09812482
-0,06022208
-0,01295913
-0,007153512
0,1857119
0,01894921
0,1087539
0,1258042
0,06133649
0,03630697
0,02303489
0,1621535
0,0946227
0,02250173
-0,02832676
-0,04128408
0,04501284
0,116028
-0,2072942
-0,1669376
0,1644387
0,3367836
0,203762
-0,1147876
-0,08198503
-0,06692734
-0,172841
-0,15277
-0,1474928
-0,1670919
-0,1658874
0,1178749
0,1089333
-0,07690457
0,002340972
-0,04186391
0,2875601
0,1683432
0,173875
0,1007513
0,09498636
0,07655805
0,06691265
-0,009188873
0,1125201
-0,0130038
0,08859179
0,06718741
-0,1502086
-0,1082517
-0,01324155
0,2003988
0,1299064
-0,02546632
-0,001924768
-0,08839338
-0,1811849
-0,2706367
-0,1169686
-0,1028639
0,05232823
-0,07531849
-0,01276779
-0,0005665815
-0,2186061
-0,1238646
0,01962263
-0,04792657
-0,05442809
-0,05347002
0,05051588
0,02556069
-0,02455107
0,05200158
0,09651991
-0,02437956
-0,01022349
0,002283982
-0,04009617
-0,1412011
-0,1597259
0,1790238
0,2133719
0,1064654
0,1236982
-0,0906539
-0,1401979
-0,009705638
0,03447814
0,008889763
0,1335814
0,02592194
-0,01214853
0,2092446
0,04753716
-0,05948182
-0,08104812
-0,2197932
-0,0900251
-0,1002608
-0,01616231
0,01932612
-0,07214355
0,03420281
3,298425E-06
-0,01185235
-0,005556505
-0,02519063
0,02339749
-0,2371856
-0,2337561
0,128877
0,03010857
-0,002429921
0,07649388
0,0715884
0,2561961
0,2355941
0,2331057
0,1538999
0,08813218
0,1383842
0,2533273
0,1214252
0,01842919
0,1212121
0,02571347
-0,05878536
-0,1063202
-0,1017761
0,1132389
0,08740786
-0,05347369
-0,03245595
-0,1033474
-0,07812957
-0,01477578
0,2101343
0,114839
0,01142557
-0,157191
0,002007833
0,02330634
0,1122186
0,1479054
-0,05798617
0,03015266
0,08231946
0,04213113
0,06579316
-0,01858452
-0,1485972
0,002445146
0,01748913
-0,09225078
-0,1339802
-0,04915426
0,04208444
0,1125185
0,03474141
0,13627
0,06984643
-0,0758455
-0,1334644
-0,1812226
-0,1217353
-0,009616855
0,0869052
0,1354214
0,007545819
0,1218702
0,06860681
-0,03792778
0,129718
0,08817534
0,0007557113
-0,07079079
-0,1098518
-0,07481702
-0,2199943
-0,2536337
-0,2106345
-0,1341079
-0,007221902
-0,06058052
-0,09061702
-0,0897347
0,01468942
-0,005845055
0,001852443
0,07731378
0,1812039
-0,09464144
-0,1041045
-0,1416942
-0,09770682
0,0429998
-0,06361184
-0,01550389
0,009477824
0,06621952
0,03048728
-0,07674415
0,1999984
-0,02411024
-0,09057921
-0,01340998
-0,08467469
-0,09899819
-0,04653844
-0,03102115
-0,1280484
-0,2790996
-0,2241667
-0,09936317
-0,06196465
0,01702551
-0,003941954
0,0002436192
0,1199842
-0,08828067
-0,08629268
-0,07418685
-0,08270562
-0,09202273
-0,1030086
0,0721129
-0,010542
-0,006630909
0,098189
0,05726549
-0,03885518
-0,08616918
0,0100045
0,246225
0,2699218
0,04019422
-0,03307765
-0,06119897
-0,003622231
-0,1705826
-0,1465946
-0,1488771
-0,1043618
-0,2052553
-0,2127754
-0,06835148
-0,04262512
3,146356E-05
0,05686143
0,00348232
-0,07761212
-0,07616764
-0,1056957
-0,120011
-0,02151137
0,148326
1,017599
