-0,07759418
-0,08565636
-0,07198682
-0,198641
-0,1349456
-0,1933747
0,1733376
0,07948374
0,04521024
0,1186986
0,1319207
0,1465691
0,1214647
-0,2575378
-0,2597723
-0,2696411
-0,2090762
0,06298029
0,01644473
0,09370714
0,2806441
-0,03157005
0,03999245
-0,05753593
0,08051547
0,2617577
0,005727785
-0,07446469
0,04762504
0,04895262
-0,1092001
-0,1048645
-0,1643644
-0,1311436
0,1607838
0,2417221
0,1801627
0,1443007
0,1305016
0,3083394
0,04533352
-0,0256451
0,01680353
-0,2399687
-0,1625817
-0,1566495
-0,293956
-0,1144943
0,01683187
-0,2028226
0,05158648
0,09915927
0,1416727
-0,09114798
0,0312962
0,1910036
0,1004523
-0,06493827
0,04005961
0,06349866
-0,0638456
-0,01595336
-0,1943596
-0,3441946
0,1774536
0,2857122
0,131076
0,1537738
0,03105272
0,008516632
-0,2214849
-0,4080089
-0,254972
-0,1602668
-0,07605234
-0,0795259
-0,03036427
0,2913271
0,4242602
0,1410879
-0,2607461
-0,3796187
0,1221692
0,2221749
0,08914874
0,04210109
0,08925238
0,08038606
0,1496263
-0,04718722
-0,0772125
-0,1209996
-0,3217653
-0,04438817
0,3253859
0,3293325
-0,08005356
-0,03519502
0,05496721
0,02477538
-0,2018549
-0,260265
-0,1943891
-0,2771241
0,002049201
0,2079369
-0,1446367
-0,02223304
0,06727812
0,06011572
-0,01879003
-0,2323266
0,001821129
-0,1796332
-0,02379806
-0,03776589
-0,01552805
0,06418787
0,1054823
-0,04560233
-0,07860097
-0,03241837
-0,1747973
0,1183054
0,02647726
-0,06848422
-0,3016972
-0,2994363
-0,2999605
-0,07688621
-0,2285781
-0,05401385
0,01904745
0,08930565
0,2566174
0,1760632
0,2299612
0,2444565
0,2049029
0,06693174
-0,02672356
-0,0669557
-0,1684289
-0,168441
0,03588918
0,09302214
0,2103112
-0,03232357
0,04843831
0,0785126
-0,1312651
-0,03091757
0,1137397
0,1317378
0,09452494
-0,0445875
-0,1781888
-0,1436626
0,02403925
0,1331301
0,2839084
0,08804359
0,1240322
0,263024
0,1005705
-0,05158211
-0,1400481
-0,1040973
0,1076534
0,2307725
0,1110222
0,1415901
0,0380486
-0,05474785
0,07401991
-0,007225932
-0,08952337
-0,09713475
0,171451
0,1792609
-0,1329831
-0,03735264
-0,04057264
0,05114925
0,04742603
-0,1846513
-0,3689774
-0,09367133
0,2999579
0,1154091
0,3563825
0,2860834
0,1042372
0,1472186
-0,06236846
-0,02276997
-0,04245435
-0,1374426
-0,08818025
0,2307456
-0,1119064
0,06416866
0,2138529
0,3603319
0,01902954
-0,03699532
-0,1835521
0,008550152
0,2766525
0,3185575
-0,1556482
-0,06840499
0,1108766
0,04307972
0,03238724
-0,1447823
-0,189158
0,1805714
0,3240685
0,09405742
0,2690344
0,01999495
-0,07670074
-0,2631709
-0,2851954
-0,2628284
-0,2606937
-0,08894996
-0,0795249
0,3363453
0,4176825
0,04485912
0,2104476
0,4497665
0,1140145
0,05243112
-0,04504693
-0,002999434
0,2479123
0,2848365
-0,04701552
-0,02591209
-0,02805997
0,002320682
0,05130421
-0,2384357
-0,2084242
0,3671668
0,113744
0,04855903
0,1707972
-0,02505254
-0,08706827
-0,1361566
-0,08295854
-0,09424238
-0,1350246
-0,1340031
0,03342609
-0,03693801
-0,178416
-0,0901222
0,1134968
0,3094339
0,08751533
-0,0768739
-0,02911885
-0,0602725
0,1181936
0,3118234
0,01557275
0,1510909
0,003447561
0,1067881
0,1117401
-0,1752034
0,1014788
0,3161059
0,1419374
-0,0591371
0,0499707
0,01773411
-0,1582581
-0,1668858
0,01304378
-0,1920932
-0,09266374
-0,01998601
0,04823192
0,04009667
-0,2250289
-0,3333707
-0,02314558
0,05183963
0,00468753
-0,2562363
-0,2450032
-0,1891176
0,1674185
0,3000621
-0,02910076
0,1972091
0,06759898
0,1218901
0,07952297
-0,1454993
0,10369
0,2978942
0,04955988
-0,1342987
-0,03253232
-0,1617451
-0,2930872
-0,09573611
0,0845691
-0,1131274
-0,09249359
-0,0145972
0,0383654
0,009698223
0,01787354
-0,3514
-0,3282225
0,2920527
0,2273012
-0,08981153
-0,1777375
0,05676361
0,2663511
0,2199925
0,0861598
-0,04299604
-0,03195571
-0,04223135
-0,08804683
-0,1802034
-0,1340124
0,07003071
0,1863437
0,1997795
0,2249679
0,08942219
0,1643566
0,1393078
0,2769153
0,06299001
0,1382419
0,1498999
0,3438276
0,1486988
0,01382874
-0,4303586
-0,4170714
0,2740083
0,1863779
-0,1093854
-0,1679855
-0,005892565
0,140453
0,3777311
0,09396922
-0,1198831
0,01122923
0,02386862
-0,1775736
-0,1153839
-0,2175042
-0,1857389
0,07996085
0,05663806
-0,008591266
-0,02191619
0,07235979
-0,00975535
0,1947803
0,1050244
0,0004242437
0,08750907
0,3767523
0,1781072
-0,2783204
-0,3597841
-0,004415327
0,2358807
-0,217102
-0,1895964
-0,07738363
-0,1661577
0,1279989
0,3621022
0,1020961
-0,09811858
-0,04667984
0,08227863
0,02898184
-0,1440982
-0,2210402
-0,007570135
0,04282746
0,0728462
0,3217131
0,1418214
0,006015575
0,03529059
0,3070242
0,1084916
0,05720393
0,2209797
0,2398861
-0,2181527
-0,2258138
-0,1613682
0,3158462
0,3769612
0,08376624
-0,004219118
-0,1685693
-0,2828451
0,1354567
0,2731883
0,02577726
-0,1319864
0,003160753
0,1477368
0,2497475
-0,06646614
0,1239427
0,02773926
0,01976365
0,1783082
0,2437772
0,1848395
0,2596143
0,2378292
0,396931
0,3316518
0,2282994
-0,07620079
-0,1471172
-0,1286011
-0,1626618
-0,001659951
0,2453204
0,2295325
0,09029984
-0,1519824
-0,2851639
-0,215738
0,2109707
0,2208585
0,0110001
0,1073735
-0,07445463
0,1128777
0,08319686
0,002845915
0,09960135
-0,04323958
-0,04654574
-0,06790877
-0,1185612
-0,1665795
0,01461383
0,1057015
0,01299079
-0,004043588
-0,05386038
-0,2785694
0,03534987
0,007913037
-0,01835963
0,1618575
0,2182595
0,2795369
0,07788158
-0,1278649
-0,08808239
0,1578971
0,3024313
0,06967326
-0,01042985
0,07870565
-0,1091693
-0,06158528
0,008183783
0,07603015
0,2233646
0,2418913
0,1847747
0,03218643
-0,02208198
0,0913301
0,01263616
0,008651127
-0,06287013
-0,2337858
-0,213794
-0,2729293
0,09278002
0,1774697
0,2677847
0,1864533
-0,01732395
0,1128287
-0,1231993
-0,2377845
0,1290462
0,367357
0,331369
0,03582459
-0,1581126
0,08763698
0,0751868
-0,2392456
-0,05616973
-0,1123562
-0,1166842
-0,04269965
-0,03913887
0,05665532
0,2624316
0,2544357
0,004895747
-0,06351716
-0,1668753
-0,08741105
-0,1851483
-0,08183108
0,2227034
0,2763216
0,1472082
-0,1097793
-0,102257
-0,2865404
-0,2310654
-0,1033624
0,2361009
0,07485761
-0,0586828
-0,04966806
-0,08279224
0,01658959
0,08990543
0,09959781
0,0878552
0,1113214
-0,1222667
-0,26981
0,04810518
0,1510008
0,08969694
0,2082445
0,2696271
0,1425925
0,04945879
0,2237794
0,2113713
0,1470842
0,1140735
0,2214792
0,02669843
-0,06486374
-0,2467818
-0,4056279
-0,2367028
0,01198378
0,1825083
0,1000455
-0,1073177
0,02204407
-0,07624362
0,03141935
-0,104551
-0,1215334
-0,3227516
-0,2623388
-0,01658547
-0,1777081
-0,3630324
-0,2713346
-0,07946455
0,1081669
0,1040981
0,08956515
-0,01396274
0,1628049
-0,06910856
-0,1191012
-0,1252031
0,07718764
0,06547955
-0,1899419
-0,2969364
-0,1840152
-0,126397
0,06884985
0,2985852
0,03179539
-0,05830577
0,06812634
1,03697
