-0,09873471
0,49973
0,2123608
0,4776601
0,5924436
0,2933902
0,3312946
-0,08639111
-0,02124006
0,0854974
-0,3135638
-0,01027231
0,07694143
0,08956597
0,2648647
0,376382
0,2380887
0,1048375
0,2003583
0,1624423
0,2657264
0,1296114
0,02780266
-0,01215716
0,01965122
-0,1557653
0,2099741
-0,1141659
-0,3278206
-0,3749849
-0,1368579
0,001139538
0,1975294
0,2463389
-0,02401518
0,4614794
0,7153576
0,6782838
0,291353
0,06770406
0,1765909
0,1481721
0,05658586
0,1294916
-0,09223592
-0,161633
0,1205677
-0,04785325
0,05293936
-0,1145803
-0,07102875
-0,1410673
-0,1787556
-0,1350172
-0,3079617
-0,3900389
0,007529831
-0,4963778
0,0711202
0,2330842
0,1273872
-0,1857127
0,5416777
0,6245957
0,2214443
0,3542371
0,5521621
0,4966549
0,2240628
0,2046186
0,1364781
0,3062984
-0,241566
-0,3888422
-0,2929523
-0,05016026
0,07320253
0,2107511
0,04245714
-0,137038
-0,144035
-0,2340151
-0,350976
-0,2061131
-0,08953458
-0,06771225
-0,2169305
-0,321294
0,2315543
0,1760906
-0,05980153
0,1590005
-0,1317749
0,05600231
-0,3535216
-0,3382941
0,05858907
0,3768286
0,3048547
0,2951455
0,312045
0,263883
0,02143724
-0,1607331
0,1220096
0,1268933
-0,1302716
-0,06182346
0,2388893
-0,3161826
0,227183
-0,163567
-0,0880585
-0,04790268
-0,2706286
-0,1667271
-0,110181
-0,06644359
0,2282539
0,01868963
-0,02837159
0,1529542
-0,01579147
0,1202377
-0,1578972
-0,3587967
-0,1610734
-0,2251218
0,09460158
-0,12643
0,2175516
0,1558901
0,1967235
0,2413062
0,2345135
-0,1944793
-0,09415955
-0,2579388
-0,001393289
-0,1275999
-0,01491615
-0,06559129
0,02107991
-0,007076506
-0,5310896
0,124367
0,08572301
0,04032455
0,0123741
0,1749114
-0,1144493
-0,0755209
0,08556661
-0,007429187
-0,1636768
-0,2168914
-0,1338147
-0,1236939
-0,3674058
-0,06560431
0,08779938
0,08134935
0,4818449
0,4750216
-0,08450691
-0,08155849
0,267439
0,1417473
0,2099135
-0,1885943
-0,03642376
0,1352132
0,1098158
0,0416085
-0,3207123
-0,1581098
0,002003932
0,09453016
0,08814807
0,2003566
-0,1361781
-0,3526408
-0,5740114
-0,3774032
-0,4152337
-0,3224555
-0,0364583
0,2541054
-0,2751984
-0,2142412
0,1477055
0,3244602
0,3228908
-0,07480952
0,02693632
0,1082125
0,15708
0,08631299
0,05145553
0,03024982
0,022786
0,2464148
0,290242
0,2953376
-0,05304537
-0,1148407
-0,08949904
0,1178381
0,252934
0,158245
-0,154411
-0,5433144
-0,4735681
-0,2200732
-0,4987328
-0,4334595
-0,1709149
-0,2020134
-0,1344021
-0,3109724
0,07813725
-0,2424565
0,2172433
-0,005905319
-0,08282334
-0,1288629
0,1431724
0,248932
0,2621641
-0,09050929
-0,09768688
0,1618153
0,09093606
-0,0147323
0,04273832
0,4742385
0,09695297
0,05908368
0,1999086
0,3156743
-0,2849168
-0,5438218
-0,3357422
-0,2269848
-0,5141231
-0,317897
-0,3340331
-0,1149553
-0,4741262
-0,4505747
-0,3073918
0,1420682
0,3197965
0,09901792
-0,1376964
0,01834464
0,6280625
0,3044919
0,4516208
-0,4627245
-0,5903633
-0,169844
0,01939359
0,316852
0,4288024
0,5884604
0,03886696
-0,03000487
0,04466836
0,2666156
-0,3476551
-0,1450883
-0,2151635
-0,1997601
-0,3283853
0,05997372
-0,179571
0,2148631
-0,09064218
-0,1638347
0,1351015
0,4012398
0,1933241
-0,3114325
-0,4612038
-0,5054137
-0,07057819
0,2232139
0,2070339
-0,07274732
-0,07861671
-0,1953425
-0,3102805
-0,2826534
-0,1267215
0,4484562
0,0720965
0,1415811
-0,009372904
0,3628835
-0,3406957
0,06051236
-0,09876179
-0,2851953
-0,4511713
-0,1854445
-0,1214912
-0,2438606
0,07871781
0,2977397
0,1152027
-0,1689458
0,3897615
-0,237616
-0,4079552
-0,3732288
-0,2326348
-0,06929871
-0,02271012
-0,1399087
0,3066753
0,2663772
-0,2246176
-0,1553819
0,09987739
0,3993684
0,212838
0,4250966
-0,004832391
0,1987196
-0,1230424
0,07936711
-0,129914
-0,256961
-0,1525323
0,1371453
0,1930767
-0,09127036
0,08116074
0,1127647
0,118045
0,223574
0,2922314
-0,249384
0,1492974
0,1159761
-0,3896567
-0,278585
-0,2404681
-0,1161765
0,1716472
-0,2340967
0,1416664
0,07901037
-0,02958296
0,1696355
0,2017651
0,1730172
-0,05685176
0,0945905
-0,392225
-0,1759873
-0,2000592
0,08429015
-0,18351
0,1649531
0,306403
0,08906042
0,06995073
0,1292369
0,01259525
-0,1849578
0,1107973
0,1675002
0,04225498
-0,1577402
-0,2804383
0,04615432
0,08865928
0,09658296
0,157353
-0,109982
0,2556612
0,06550433
-0,05224075
0,04500024
0,08361657
0,134031
-0,2257694
-0,06396858
-0,4353547
-0,2717838
-0,3637271
0,03632318
-0,06227391
-0,07697331
-0,1324249
-0,2083174
-0,09061899
-0,08297727
-0,2813492
-0,1234421
-0,1232366
-0,09953942
-0,168193
-0,2573324
-0,500695
0,01168887
-0,1955297
-0,03581167
-0,1348986
-0,2694128
-0,1588536
0,04023391
-0,189614
-0,1763789
-0,03377851
-0,01015164
-0,157729
-0,02371415
-0,08396691
-0,09082655
0,1159586
-0,1609256
-0,04001274
0,1922443
0,2750694
0,2279437
-0,1196122
-0,09103259
-0,1100431
0,2373283
0,1287391
0,2298128
0,1396374
-0,2088076
0,3050936
0,1784922
0,2871402
0,2205216
-0,03345134
0,2954205
0,373576
-0,0722153
-0,4217505
-0,261306
-0,2128378
-0,03356812
0,03161843
-0,2490635
0,4098718
0,3506673
0,2708415
0,1936987
0,5056226
0,382183
0,2340303
0,1980265
0,5150561
0,2986369
-0,1801993
0,04644978
-0,105266
-0,2301469
0,02880562
0,2178561
0,3372867
0,09950354
0,3915865
0,4938139
0,2948256
-0,1577848
-0,2040992
-0,02140188
-0,38846
-0,4306216
-0,2180571
-0,1038119
0,1955028
-0,09494411
0,06855734
0,6687008
0,570422
0,7466245
0,4107423
-0,1315456
0,4007054
0,1858906
0,226251
-0,07789569
-0,3444544
-0,09675718
-0,2966448
-0,09951828
-0,07518471
0,0575007
0,2437605
0,05819786
0,07213747
0,1706364
0,1409739
0,01487107
-0,09729304
-0,1060131
-0,1739005
-0,3963045
-0,2392139
-0,1963783
0,06346939
-0,03094262
0,2883906
0,4251127
0,5523959
0,5745257
0,3851529
0,1032303
0,3970826
0,1388286
0,395401
0,3578294
-0,1684871
-0,253178
-0,2015461
-0,128275
0,09899423
0,02171766
-0,09041256
0,0239869
0,237422
0,006561918
-0,08209649
-0,08207055
0,1173919
0,07273194
-0,06511258
-0,3592122
-0,4428813
-0,5136474
-0,05911467
0,0008544005
0,3119754
0,3938919
0,735096
0,4304928
0,163682
0,3274114
0,1232734
0,1091256
0,2170205
0,05892262
-0,3466451
-0,3434779
-0,2180836
-0,5134085
-0,2199415
-0,1551345
0,09261889
-0,2690425
0,02611836
-0,05431529
0,03121271
0,2195683
0,2660503
-0,008929415
-0,03866295
-0,007407046
0,2285032
-0,1226698
0,06852351
0,1848903
0,7006437
0,7426778
0,3954557
0,5158398
0,1143038
0,2264454
0,4163964
0,08268308
-0,07294691
0,1102351
-0,1773386
-0,3659778
-0,1534466
0,0264442
-0,230303
-0,4089766
-0,2033661
-0,359735
-0,4134741
-0,1462831
-0,1761943
-0,1472123
-0,3858091
-0,1336771
0,04655693
0,4204701
0,5402834
0,005657746
0,3501945
0,3409119
0,6544742
