0,007180534
-0,03187214
0,007954829
-0,004783048
0,005386081
0,02093758
0,003040306
0,02207286
0,03251063
0,03813395
0,01223296
0,01384515
0,008031181
0,009518794
0,0106588
-2,117715E-05
0,006013352
-0,02227326
-0,005098496
0,02916586
0,0209737
-0,007330242
-0,009616858
0,01249328
0,01426895
0,03191673
0,01723626
0,02688475
0,02380375
0,01443299
0,02012584
0,0002430156
0,0003556523
-0,004802732
0,01236875
0,01779117
-0,007690358
0,01167194
0,008998971
0,03439493
0,01533495
0,006479003
0,004909828
-0,006621808
-0,01310835
-0,02699288
-0,02143888
-0,03798359
-0,01006605
0,01193566
0,01520085
0,000805625
-0,005710971
0,01596125
0,01077376
0,01971709
0,01485592
0,007041296
0,02763165
-0,008508494
0,01674257
-0,004024966
-0,0009356415
-0,0209454
0,01431432
0,001457144
0,006833877
0,01771795
0,002637125
-0,0202816
0,01594023
-0,0004228342
0,01082927
0,009616454
-0,001967445
-0,01678167
-0,01751915
-0,01839962
-0,01877147
-0,02704251
-0,02190019
0,005147874
0,004652638
0,01322621
0,006249185
-0,01961282
-0,01532931
0,002343581
0,02172876
-0,007104377
0,006855536
-0,01851831
0,01893358
-0,005655889
-0,01238363
-0,004758402
0,0207042
0,02143262
0,0006600053
-0,0272825
-0,01602841
0,001670361
0,002019205
-0,008290313
0,002945065
-0,01869782
-0,001194253
-0,007153193
-0,03420343
0,003590229
-0,02090563
-0,01872241
0,0006247828
-0,007968074
-0,003129627
0,008577841
0,009121034
0,009976981
0,01448505
0,01605385
0,01890795
-0,02642551
-0,01035339
-0,003119571
0,008779996
0,01278966
-0,0002189101
-0,003483132
-0,02637347
-0,03177004
-0,03192776
0,007936673
0,0264896
-0,008222166
0,01076679
0,003271113
0,007585471
0,003262439
0,00634756
-0,0008596145
-0,00920423
0,0124819
0,00365456
0,01297462
0,03551084
0,00953745
0,004316681
-0,01434567
0,01254628
0,02037204
0,0291221
-0,01434048
0,002942601
0,007478781
-0,01922674
-0,006364156
-0,001326002
0,00915574
0,003666911
0,01815889
0,01337315
0,02110615
0,05163909
0,005766087
-0,01689503
0,01957439
0,01795303
0,007567979
0,0007798523
0,0002173517
0,02959541
0,02463884
0,01228966
0,02552865
0,001436458
0,009506961
0,01297378
-0,007031252
-0,000959233
0,02421357
0,03095976
0,009838718
0,01059336
0,01083263
0,01291066
0,02501102
0,01114042
0,04304078
0,01815405
0,0158736
0,0252902
0,01247871
0,01967
0,01837892
-0,0009338445
0,02738236
0,01566732
-0,0005307667
0,004927624
-0,007092642
0,01294222
0,0137415
0,006108874
0,009119756
-0,005155717
0,008333372
0,005066745
-0,007813616
0,01274841
0,03113912
0,03624462
0,01587195
0,02587993
0,01132537
0,007360037
0,02328346
-0,002600252
0,01838083
-0,003087233
0,01360085
0,02439704
0,04011837
0,03583515
0,03067452
0,02009736
0,04225123
0,02800904
-0,01619742
0,009215652
-0,0009163739
0,01131057
0,0004954949
0,0163634
0,01193787
0,0213241
0,004253465
0,02823224
0,02151257
0,008935713
0,02051919
0,01717792
0,002980718
0,01775733
-0,02262102
-0,008452874
0,008109543
0,02151136
0,01116979
-0,007843393
0,003741927
0,04247438
0,02907386
0,02744299
0,01970441
0,02203769
0,04573828
0,04227087
0,05761908
0,007879331
0,004738414
0,02240282
0,003249792
0,01638218
0,00661909
0,01671391
0,02551016
0,02068879
0,02065647
0,01368194
0,03097463
0,007765561
0,008250746
0,03260334
-0,0008921601
-0,02384087
0,01664478
0,04056772
-0,02262851
-0,020352
0,02554128
0,03322217
0,01579287
0,04454934
0,03384598
0,02606214
0,02042182
0,04408437
0,005470549
0,005146937
0,01702074
-0,002478893
0,02860094
-0,006044392
-0,003452301
0,02385755
0,02625324
0,03069671
0,04068169
0,02757131
0,0186556
0,03052335
0,01273673
0,01166018
0,001700882
0,008144058
0,03148929
0,01115845
-0,01787596
0,004703966
0,0301692
0,0324716
0,0277593
0,02840268
0,03287982
0,008105378
0,006722352
0,04861112
-0,0001698134
0,02667071
0,02907734
0,01179328
0,01501926
0,0139197
0,01562135
0,01614473
0,03291705
0,02827778
0,02483516
0,02511002
0,008646961
0,02293819
0,01569168
0,01725077
0,004481419
0,009607723
0,02521143
0,01959819
0,007195575
0,005673857
0,030267
0,05300356
0,0210484
0,02124957
0,03339207
0,02265277
0,03483395
0,02631089
0,02458123
0,01194782
-0,01351575
0,01653535
0,008943926
0,03754754
0,0350202
0,006363779
0,008758795
0,008289282
0,01870907
0,02452447
0,005301519
0,01022478
0,01928762
0,01595096
0,02792786
0,006361613
0,001771763
0,02125424
-0,009185012
0,006101083
0,01008413
0,02813138
0,0001602997
0,01839786
0,04069248
0,03110743
0,02673217
0,005555373
0,001607104
0,008456459
0,005921265
0,02520731
0,02125636
0,01824104
0,004246932
0,0138967
0,01732733
0,01639064
0,01460174
0,01122756
-0,002744766
0,02307734
0,02080372
0,008398948
0,01419708
0,00937294
0,02154511
0,04051926
0,01843057
0,00227095
0,03197445
0,01484915
-0,01739571
-6,155045E-05
0,008285279
0,01155033
0,02698016
0,01878528
0,006679339
0,04060477
0,03254614
0,03242614
0,01065568
0,02345938
0,008213723
0,01674798
0,02197205
0,009515216
0,01430931
0,007582375
-0,006998428
0,01085361
0,02358731
0,02761403
-0,0132951
0,01903075
0,01647835
0,007090959
0,008493073
0,0260309
0,03631311
0,01856512
-0,006963524
0,009525696
0,01962419
-0,003420275
0,001586334
0,002500814
-0,003299864
0,01108924
0,01019691
0,04074188
0,0111214
0,003337897
-0,004777522
0,01333454
0,004613816
0,009029234
-0,005307595
0,009134403
0,0242586
0,04239743
0,001971059
0,01991074
0,0323853
0,003418145
0,04304499
0,01690645
0,01140337
0,00872637
-0,002714994
0,00022585
0,00171692
0,01631813
0,01317469
-0,0008369318
0,02082691
0,01920472
0,03788989
0,02518923
0,003579257
-0,002234798
0,02662162
0,01880992
0,01480641
0,0001025238
0,005710911
0,005728616
0,01237826
0,007051667
-0,0008686965
0,03285427
0,01029789
0,02666418
0,001082955
-0,003216063
0,03387166
0,01735492
0,03008236
0,04438225
0,005412974
-0,001362904
-0,0003235694
0,01083885
-0,01231041
-0,008786025
-0,001034915
-0,01222706
0,009046368
0,02661792
0,02748693
0,02335783
0,002337081
-0,01681881
0,02262268
0,01878538
-0,004480068
0,00395677
0,005139458
0,001048469
-0,0279282
-0,005574849
0,01366426
0,02185063
0,01706726
0,001387662
0,006426441
-0,005844929
-0,02117498
-0,005009378
0,01020222
0,004432438
-0,001498712
0,005250519
-0,01626503
0,0005421606
-0,0002292866
-0,0134004
0,0221834
-0,005755947
0,007855655
0,01646754
0,01575917
0,01546859
0,01969952
0,01533923
0,009138579
0,003558704
-0,0006829968
0,004360714
-0,0006216043
0,009844884
0,02332073
-0,0005551128
0,003304274
-0,001002922
-0,01843176
-0,01458336
-0,01049107
-0,009139736
0,006556525
0,02010274
-0,004111934
-0,01279966
-0,0197879
-0,01331574
0,01864715
-0,007445542
0,001649222
-0,006543071
0,01372261
0,007083956
-0,006070368
0,0141845
-0,002423702
0,0002663466
-0,007915678
0,01666895
0,01316335
0,001613983
0,0005215134
0,0125513
-0,01807557
0,01061008
0,008750441
0,01043139
-0,00192949
-0,008479357
0,01414543
-0,003009259
-0,01004217
0,0274394
-0,002668886
-0,008185043
-0,00109804
-0,02187488
-0,01832172
-0,004335728
-0,03229811
-0,01841314
-0,001615615
-0,01535928
0,01846973
0,02085517
-0,02052402
0,01186822
0,02260893
-0,003921818
-0,01872546
-0,005171864
-0,008963352
1,068263
