0,005327994
-0,02512008
-0,01402121
-0,01519379
-0,00452927
0,02674253
0,001327682
-0,002059407
0,006476612
0,02328718
-0,003317269
0,004640737
-0,0005944659
0,003324378
-0,001044268
-0,007140463
-0,00445771
-0,03524457
0,005261454
0,01350777
0,01365357
0,02050491
0,01870281
0,01225345
0,01656462
0,009529256
0,010488
0,01609292
0,007993189
0,04535656
0,0118556
0,008599117
0,008015074
0,007750001
0,004418897
0,008357826
0,0091692
0,009741386
-0,002305369
0,0217314
0,01289843
0,01758253
0,01489804
-0,009526863
-0,02065079
-0,01169094
0,01313715
-0,0009938227
0,01577446
0,00651633
0,02099743
-0,0006273864
0,01133377
-0,008668757
0,002126842
0,0178697
0,01241619
0,005443263
0,02329113
0,03158474
0,002217073
0,01471501
0,007821733
-0,01715218
-0,009577384
0,01636887
0,007128194
-0,01304445
-0,00252039
0,00526177
0,006859982
-0,02269404
0,003226008
-0,0005692707
-0,001477754
0,006214423
-0,004736383
-0,001538916
0,006695832
-0,001201423
0,01927549
0,0006879284
0,01818913
0,003436106
-0,005001754
-0,02202328
-0,006407808
-0,001384762
0,0149451
0,02856419
-0,0001374289
-0,01468347
0,01889388
-0,001753078
-0,01632482
-0,004309499
-0,002929878
-0,01162994
-0,008742375
-0,02090416
0,002146446
0,01872706
-0,00685622
0,009178173
0,01262943
-0,001884473
-0,005004966
0,01682822
0,006736062
0,02255323
-0,00807294
-0,007470537
0,01633896
0,01394891
0,003231574
0,004446705
0,008106762
-0,002095338
0,002416512
0,04119162
0,01333797
-0,001497779
0,0001202132
0,01011968
0,01723608
-0,0008751775
-0,004123325
0,002619507
-0,01279537
-0,009923396
-0,02271255
-0,008345028
0,02942384
0,01350698
0,01548661
0,003092773
0,01693826
0,01132542
0,01293219
-0,002468311
-0,0009569842
0,02425811
0,001788857
0,005338244
0,01942902
0,002240428
0,007709391
0,002899125
0,01389309
0,02709747
0,00757111
0,005335941
0,005320562
0,02395003
0,006679785
0,005067608
0,00513296
-0,004230632
-0,01225886
0,0178719
0,01928172
0,00259685
0,04234345
0,008069637
-5,36753E-06
0,0291866
0,03342181
0,008726556
0,004168843
0,006309275
0,004176248
0,02264096
0,006097851
0,01061206
0,01630027
0,01243185
0,008432991
-0,0007965778
0,003847168
0,01151991
0,007015631
0,006976242
0,005898231
0,004820776
-0,01309227
0,009802758
0,01629095
0,02670969
0,0007512225
0,03115385
0,02388474
-0,002035234
0,002992016
0,02560567
0,02705503
0,001690702
0,007326086
0,006742792
0,01089802
0,005422315
0,01835076
0,0220187
0,03004251
0,02102209
0,03534736
0,03047077
0,01310314
-0,01426684
-0,006958859
0,004572034
0,002016199
0,007800478
0,02024243
0,01874152
0,001038616
0,02178947
0,01607549
0,02238306
-0,007975633
0,02310577
0,005235155
0,0294429
0,01134251
-0,003369105
0,01538705
0,02843698
0,03565529
-0,01306818
0,01107691
0,02413309
0,01853354
0,01752579
0,01883821
0,02262742
0,03252904
0,01381096
0,007278812
-0,001752672
-0,01773959
-0,0001129636
0,00338904
0,01268411
0,007620159
-0,007679346
-0,00258173
0,003639128
0,006909694
0,02286451
0,004077864
0,01884298
0,03552354
0,02262061
-0,006102672
-0,002422888
0,02497577
0,03340752
0,03649938
0,01076672
0,0009843751
0,01791268
0,02930254
0,01194893
0,008577734
0,004625055
0,03318198
0,02890782
-0,005587455
-0,003643015
-0,009180936
0,01176633
0,0007627992
0,004109996
0,006119053
-0,001368265
-0,006568429
0,02007578
0,02006098
-0,01110173
0,01455009
0,02341719
0,02110497
0,008035928
0,02764753
0,0190767
0,002938312
0,003137383
0,04302691
0,007847072
0,01876692
0,02104022
0,003553449
0,02721355
0,0110096
0,01957297
0,01992594
0,02478987
0,01866946
0,02000463
0,01470329
0,007454613
0,03131603
0,01931543
0,015886
0,0336796
0,02546028
0,02776917
-0,009223583
-0,0192553
-0,001746533
0,0301117
0,0127704
-0,00153457
0,01633359
0,004805153
0,004410729
0,01569398
0,02182451
0,003262834
0,001036205
0,01402928
0,02043926
0,02757308
0,01967626
0,01608658
0,009377674
0,02517271
0,02406906
0,02971961
0,02920819
0,006048523
0,02115471
0,01678418
0,01201114
0,02277019
0,008298536
0,01418735
0,02673014
0,00892092
0,008686775
0,02398218
0,02277232
0,00375744
-0,00920965
0,006033404
0,02051477
0,006045631
0,001695989
-0,000160434
4,14017E-05
-0,001764166
0,0180406
0,02700634
0,005719924
0,02695843
0,01764877
0,01326278
0,01468222
0,008218849
0,02100543
0,003876653
0,000822555
0,01893831
0,01010907
0,02862719
0,01657292
0,03993275
0,03375561
-0,004080195
0,009638367
0,01920914
0,02491896
0,01705189
0,0001063521
0,001745625
0,004168873
0,001974556
0,008910567
-0,009827505
0,007360167
0,01226142
0,01540732
0,01428789
-1,089986E-05
0,00563124
0,007615025
0,009174801
0,01770937
0,01180613
-0,001032895
0,004459175
0,004034865
0,01203614
0,01032415
0,02661936
0,02223487
0,03990613
0,03156034
0,02178379
0,01463332
0,01752588
0,02446927
0,0116557
0,006867807
0,01723364
0,01770289
0,01259433
0,0113982
-0,002215387
0,03323008
0,01933578
0,01949785
0,003097735
0,008603319
-0,003536951
0,004708365
0,003353714
-0,006028327
-0,01730998
-0,004875185
0,01228914
0,01562108
0,006257412
0,01679462
0,0125221
0,02749767
0,02624764
0,02017584
0,01241401
0,04089987
0,03135591
0,02474735
-0,004987136
0,01910513
0,01751619
0,01423109
0,02320404
0,008217754
0,001067618
0,005010164
0,01219062
0,00685715
0,009318652
-0,003167895
-0,009866826
0,01300941
-0,01568733
-0,01774258
-0,01702647
-0,0009472563
0,03707857
0,02250891
0,005868848
0,01548469
0,02416924
0,009235436
0,04122731
0,03563373
0,01942357
0,02644728
0,006182739
0,01240302
0,01637394
0,02893329
0,0148798
0,01334042
0,03051582
0,0239226
0,01480021
0,0175379
0,01075284
-0,01338649
0,006255406
-0,0002825389
0,002187876
0,01476316
0,01470303
0,00233451
-0,007826085
-0,02705629
0,0167143
0,02454877
0,0131224
0,01256942
0,004059095
0,008507655
0,03089092
0,006299438
0,01999829
0,02998837
-0,005885482
-0,002008526
0,01015731
0,02099209
0,0245306
0,02343263
0,0192927
0,007693875
-0,006445382
0,002520687
0,01311168
-0,008265463
-0,007287708
-0,002884515
0,001599411
0,01587189
0,02052425
0,004585365
0,01077503
-0,01261852
0,006718474
0,01720514
0,01237752
0,01349957
0,003305791
0,007401443
0,02437229
0,003392169
0,00521691
0,007683651
0,009843712
0,005412804
0,01204759
0,02215277
0,00884436
-0,005017911
-0,003785806
-0,008507154
-0,004391295
-0,02896287
-0,01606455
-0,002577653
0,01701223
-0,002328033
0,009634473
0,01646851
0,01412394
0,004626351
-0,007626719
-0,02205562
0,02606663
0,02356758
0,005413221
-0,00474956
0,003800989
0,01176344
0,02495022
-0,01534644
-0,008057384
-0,005315776
0,003427387
0,02684579
0,01801869
0,002443494
0,01398027
0,003898016
0,02454473
0,009193195
0,002520477
-0,005411098
0,0106487
-7,943486E-05
-0,001652153
0,01303219
0,008558085
0,01560598
0,00417253
0,005871135
-0,01052354
-0,00192061
0,03117006
0,02244751
0,006720989
0,02491827
0,02790772
0,01948657
0,006372367
-0,003861836
-0,01558024
-0,0103194
-0,01060249
0,01753527
0,003885246
0,01211643
0,01042387
-0,007897357
-0,001199042
0,005882205
-0,005023421
-0,002034164
0,0141813
0,007362344
-0,0004695357
0,01812825
-0,006889299
0,014053
0,01309433
0,006258922
0,003396698
0,01177224
0,05122792
1,058012
