0,07163398
0,04322823
0,07784882
0,04753513
0,0981918
-0,06543409
-0,0715808
-0,04389269
-0,007582722
-0,06152388
-0,05026166
0,05740625
-0,07479079
-0,05725989
-0,03248093
-0,09554272
-0,03391964
-0,2152093
-0,1228758
-0,1237006
-0,08441425
-0,03685017
-0,0603389
-0,08738207
0,1339647
0,07405176
0,06406018
-0,02821338
-0,05245385
0,03032844
-0,01105261
0,006823278
0,03622571
0,060447
0,02788278
0,1335839
0,111595
0,04868203
0,1563048
0,0037766
-0,09183571
0,1166268
0,09201178
0,03407378
0,06749623
-0,04128153
0,008373318
-0,1528509
-0,192489
-0,1620679
-0,08659262
0,01805746
-0,04101646
-0,09422147
0,01053362
-0,01957149
-0,095184
-0,1756429
-0,09743801
-0,02344754
0,02674544
0,1102073
0,2624759
0,1439616
0,01938885
0,05762786
0,1893166
0,148201
0,2894629
0,1824248
-0,005456656
0,02989781
0,008310857
-0,06752945
0,001056248
0,00790378
-0,02158116
-0,1484587
-0,1105454
-0,1072128
-0,112358
-0,03783803
-0,03865097
-0,04296472
-0,03971833
-0,01910013
-0,02284027
-0,1196946
-0,1025948
-0,03877011
-0,03418875
0,2088722
0,3862902
0,1830722
0,1620841
0,06168763
0,08479729
0,2192642
0,1999861
0,1931401
0,04651587
0,08861799
0,05090047
-0,05592461
-0,08403058
0,03457179
0,09554196
-0,09054161
-0,08386535
-0,2031771
-0,1893975
-0,1487657
-0,1327142
-0,06133976
-0,03762581
0,0414037
-0,08664006
-0,1166399
-0,09711099
-0,0133923
0,09584352
0,2029638
0,2636892
0,05771717
0,0448897
0,01308054
0,1133952
0,2701444
0,2528805
0,1097501
0,02407888
0,03740285
0,1762798
-0,01538903
0,1177059
0,07520404
-0,0850226
-0,02560423
0,03274224
-0,1303396
-0,2022081
-0,1033166
-0,1029961
-0,01501215
0,04360566
0,0181757
-0,06904364
-0,06978031
-0,1065196
-0,05843407
0,08650617
0,1994053
0,174116
-0,03348833
-0,1250643
-0,06371488
0,06881497
0,3254883
0,2661124
0,1156599
-0,02336084
0,05673296
0,2189032
0,0417082
0,1354841
0,06784567
0,1069095
0,05602408
0,1665032
0,004750865
0,09036433
0,01536255
-0,1583414
0,08944572
0,0001535528
-0,01149596
-0,04085663
-0,02648635
-0,1899838
-0,0554261
0,04742712
0,06407973
0,02503033
-0,1118522
-0,1005723
-0,04888462
-0,1422375
-0,02408948
0,1612607
0,1305887
0,162645
0,1197188
-0,05289956
-0,06615847
0,0782124
0,0783278
0,1876763
0,1871224
0,155074
0,148858
0,08099665
-0,05885332
-0,1487283
0,1101397
0,1272942
0,04304327
0,1466355
0,1165223
-0,06394526
-0,02802123
0,06956299
0,06555513
0,1088578
0,04853265
-0,0600581
-0,01916854
-0,1410152
-0,1375776
-0,05059544
-0,07888383
0,00801395
0,08832217
-0,006454429
-0,02346745
0,1639747
0,1401966
0,204899
0,1835803
0,1283293
0,1408524
-0,05081142
0,02006198
0,04741988
0,1319764
0,1370416
0,1218881
0,08343701
0,1000303
0,1029686
0,08928423
0,01395804
0,006509304
-0,004378784
0,07064198
-0,0280596
-0,1148563
-0,2463438
-0,1547535
-0,02591418
-0,03826653
0,04182391
0,09165515
0,07110125
0,03137282
0,1133072
0,135694
0,1899179
0,157989
0,08343341
0,116037
0,1953142
0,1337706
-0,02723298
0,08707911
0,1242576
0,08382034
0,06152254
0,1744765
0,1764846
0,1867856
-0,167019
-0,1530143
-0,04605321
-0,05919939
-0,06574608
-0,1095518
-0,2396835
-0,2025932
-0,05356654
0,0161592
0,1295954
-0,0346859
-0,013581
-0,09023482
-0,1441403
0,1277039
0,1559207
-0,07204355
-0,07605548
-0,0849525
0,08088468
0,04464988
-0,015206
0,1313636
0,1999161
0,09977739
0,05104897
0,3227428
0,2735873
0,2073331
-0,1519762
-0,1652849
-0,0831667
-0,114892
-0,09574931
-0,1413311
-0,1760494
-0,1614375
-0,1191289
0,03251993
0,08201383
-0,1198124
-0,03622935
0,0485902
-0,0022635
-0,03541041
-0,07052843
-0,145478
-0,002578475
-0,002992904
0,02476991
0,03841496
-0,02465277
0,1253202
0,08726255
0,1143539
0,09412225
0,2203264
0,1582677
0,09937515
-0,09138887
-0,1371005
-0,112094
-0,04722422
-0,08877035
-0,1426534
-0,110731
-0,06990851
-0,07322354
0,03812629
0,0543348
0,05267519
0,1912629
0,1226749
0,07099174
0,04404144
0,03316647
0,04624504
0,07257857
-0,03732181
0,03453162
0,07536662
-0,00358332
0,1197949
0,03779059
0,07489188
0,0301282
0,0261491
0,1889042
0,08794641
-0,05191038
-0,147008
-0,119814
-0,08437082
-0,08252876
-0,0979894
-0,137149
-0,1590865
-0,1978248
-0,1260886
-0,1000464
0,01961005
0,01819068
-0,06158828
0,03499968
-0,03439486
0,01136681
-0,07395966
-0,07302961
-0,15501
-0,08098599
-0,07771675
0,04358639
0,08446488
0,1709514
0,1963202
-0,01107719
0,05545263
0,08176047
0,01943205
-0,1113264
-0,1596122
-0,1207115
-0,1340577
-0,04897488
-0,08917616
-0,1940171
-0,3191831
-0,1975003
0,03507273
0,0001968079
0,07407694
0,01524688
0,01698521
0,01379131
-0,01728831
0,003909121
0,09031749
0,0485661
0,0134693
-0,007601032
-0,09220564
0,06219018
0,2214287
0,08540467
0,07658223
0,01623992
-0,0352416
0,05097676
-0,07083963
-0,09179739
-0,174976
-0,1062229
-0,08838928
-0,08908339
-0,1385713
-0,2022449
-0,2566664
-0,1907904
0,006324433
0,1109712
0,04741867
0,03315438
0,1757596
0,1564223
0,09853633
0,1376529
0,04020133
0,06383165
0,07279411
0,08230957
0,1038469
-0,0694466
0,1294138
0,04748133
0,0352718
-0,03399473
-0,01885233
0,05676751
-0,01403098
0,07260682
-0,1981254
-0,1440917
-0,03068098
-0,1122905
-0,1598837
-0,1522396
0,0851551
0,1028046
0,2453901
0,07535134
0,0452567
0,04769546
0,1340948
0,2228546
0,1370241
0,1065788
0,03526776
-0,04092073
-0,05623754
-0,03140906
-0,05745545
-0,08837681
-0,008819048
0,06167243
0,04289994
-0,009905883
-0,09352375
0,05504152
0,06359906
0,1189709
-0,06245475
-0,05577888
-0,0001966698
-0,05844348
0,03009749
0,03632603
0,1403026
0,04579311
-0,06217823
-0,03419068
0,01961521
-0,001431425
-0,009656079
-0,07491432
0,03561817
0,1077854
-0,0009487352
0,01194755
0,01907645
-0,001199136
-0,06146156
-0,06323287
0,02811036
0,01993881
0,04022018
-0,08097721
-0,1372274
0,0860815
0,09448718
0,005066581
-0,1043301
-0,1106207
0,07191068
0,05608324
0,09293927
-0,02477686
0,0585621
0,1022041
0,03143281
0,0009679919
-0,2226426
-0,190826
-0,1887861
-0,1764459
-0,04068821
0,002293768
0,05821941
0,1298213
0,05422416
-0,07992761
-0,09800049
-0,01864348
-0,1571999
-0,08827648
-0,07531334
-0,1771755
-0,1199154
0,06305882
0,08671506
0,0019396
-0,00452697
0,006984031
0,11438
0,0944515
0,007060339
-0,003952638
0,05177963
0,08189212
-0,07164127
-0,04004837
0,02136618
0,0534297
0,1443319
0,1094936
0,1058128
0,1468384
0,130284
0,1031868
0,04995776
0,09547918
0,04973001
-0,004207451
-0,003985557
0,01073018
-0,07772328
-0,06592946
-0,008083356
0,06954125
0,03540474
0,01718827
0,1220803
0,2136888
0,1624123
0,09350672
-0,08397403
-0,10075
-0,02606262
0,09711446
0,08280215
0,1081227
0,1939753
0,1444304
0,06447043
-0,01560476
-0,08516652
0,09435744
0,03681253
0,02135439
-0,06104676
-0,06793632
0,002049329
-0,02350316
-0,07939095
-0,04918354
-0,06791378
-0,04457009
-0,006858445
0,09885816
0,1103335
0,978695
