0,03753139
0,001607394
0,02184487
0,007522455
0,08966292
0,05769905
0,005499516
0,03208868
0,02771815
0,0001471977
-0,02990215
0,001189796
-0,01300791
-0,02678704
-0,07669508
-0,05628542
-0,03905546
-0,08805233
-0,0305675
0,01943072
0,04124499
-0,03671073
-0,002599905
0,02671261
-0,01751723
0,03629107
-0,01848063
-0,008586559
0,04740287
0,04411786
0,06917981
-0,01392961
-0,008159385
0,01554586
0,05638443
0,07320303
0,01751914
-0,002016803
0,02680319
0,006046856
-0,02479959
-0,02077649
-0,02084092
-0,06633601
-0,05169377
-0,03036678
-0,04308939
-0,08958559
-0,04965625
0,009834475
0,007507294
0,0298804
-0,005188504
0,01425009
-0,02056392
-0,0006137306
0,04111387
-0,01455804
0,0175957
0,03345203
0,02114172
0,008969376
0,08698406
0,004449784
0,01467087
0,03110894
0,04668139
-0,01083628
0,01789758
0,0229291
0,05785937
0,02911925
-0,01131509
-0,0371094
-0,07797534
-0,07759571
-0,07614607
-0,06909449
-0,08839274
-0,02112336
-0,04496836
0,05851597
-0,008268353
0,004604697
-0,009855772
-0,0589328
-0,04422164
-0,01038456
-0,01922106
0,0009648693
0,01499212
0,03682081
0,1300679
0,04627364
0,02891071
0,03877975
0,07774045
0,07695659
0,04662121
0,03446846
0,04046177
0,02271776
0,02172393
-0,01311964
-0,02987202
-0,03626053
-0,01275539
-0,05137834
-0,102884
-0,01665709
-0,01783989
0,003936489
-0,002446556
-0,01724467
-0,001550576
-0,02157114
-0,02015964
-0,004367796
0,001696724
0,003694806
0,0514412
0,03764476
0,05346583
-0,009505256
0,02247491
0,02647861
0,04855736
0,03437161
-0,02183322
-0,01248671
0,006720064
0,05541208
0,02776004
-0,01609843
0,001110727
-0,01120593
-0,05943228
-0,068384
-0,03747704
-0,02472406
-0,05345796
-0,03969925
-0,002080925
0,02904819
0,06747682
-0,0008188994
-0,02550611
-0,000669747
0,04598414
0,05037197
0,05385483
0,01919513
0,05287792
-0,0105189
0,001422796
0,01185478
-0,03798664
0,01754927
0,03651498
0,02147909
-0,008860338
0,008035603
0,03460652
0,01611504
0,009100835
0,03746017
0,00749065
-0,01316903
-0,03229327
-0,1006728
-0,003792032
-0,03736771
-0,01871157
0,07247894
0,01436992
0,02579853
0,03976739
0,00612794
-0,02130665
0,04518229
-0,002953399
0,03261174
0,04092437
-0,029882
0,0356994
0,04191944
-0,02297106
0,02551842
0,03078064
-0,02721377
0,02213283
0,03849438
0,03793578
-0,004700282
0,02527411
0,1562226
0,03347891
0,008138896
0,01277032
-0,04823742
-0,007909412
-0,01288932
-0,04635112
0,05084063
0,02240066
0,0484726
-0,0001420288
0,009705665
0,01135087
0,09019212
0,1046796
0,02107455
0,02119714
0,04674651
-0,01785967
0,01380817
-0,04869836
-0,008482342
-0,01325668
-0,01372902
0,01869294
0,0487936
0,06679887
0,01973774
0,01127692
0,06618911
0,0406394
-0,006643688
-0,01856582
-0,03860358
-0,04753503
0,0269788
0,04436841
0,03494103
0,03441118
0,04562731
-0,01266563
0,04439851
0,02457931
0,05831524
0,02649648
-0,04502011
0,01119036
0,04871928
0,01195759
0,02577249
0,0344003
0,02022331
-0,003924038
-0,034688
-0,03653125
-0,02021217
-0,002540297
-0,01650535
-0,02648506
0,01136341
0,05024828
0,007610008
-0,04492853
-0,02032141
-0,001826112
0,05087972
0,05581665
0,0294437
0,002822638
0,0382713
0,01654836
0,04864644
0,000675817
0,05647851
-0,02044079
-0,03029094
0,05317521
0,0246713
-0,01172589
0,009299543
0,08040347
0,06575446
0,01719551
-0,006148175
-0,0624075
-0,06922936
-0,02723964
0,05418444
-0,005204192
0,1024204
0,1285086
-0,01236403
-0,03144989
0,003746056
0,0008276004
0,02622197
-0,03017853
-0,01488219
0,01413925
0,03861255
0,02700258
0,05403375
0,02453732
0,08343255
0,006058942
-0,02488416
0,02380891
-0,02720258
0,01493564
0,01206481
-0,0007137696
0,03762621
0,01653819
0,02308521
0,04644964
-0,02325293
-0,007462336
0,09489471
-0,01833877
-0,01045424
0,06505275
-0,02895534
0,03491345
0,006336992
-0,02008659
0,03265036
-0,01607422
0,027238
0,01323448
0,0002361328
0,02200073
-0,003804191
-0,008551417
0,06457104
-0,01614221
-0,0162509
0,0007513214
0,03042263
0,01760408
0,002292191
0,01752524
0,04291199
0,03837042
0,03939203
0,04130022
0,0555532
0,07620968
0,106058
0,01027934
0,04374584
0,05244764
-0,05974074
0,02786678
-0,02995398
0,0149097
0,02265271
0,03821043
0,02305673
0,005092882
0,01610345
0,01369725
0,01818737
0,02548884
0,04710787
0,01129907
0,009770711
0,03144874
0,0625202
0,04167102
-0,05861565
-0,02184446
-0,008827199
0,003801162
-0,02589115
0,03659472
0,01465155
0,09340683
0,1188025
0,06047466
0,08593135
0,07327055
-0,0251603
0,05210217
-0,006631702
-0,02440585
0,02300596
0,001042594
-0,02491386
0,03615695
0,03902258
0,007392118
-0,007692511
-0,0265412
0,0229337
0,03824068
0,02693901
-0,003745079
0,01615487
0,02953355
-0,03899516
-0,03263161
-0,0301255
-0,01030733
0,02710935
0,02091952
0,03122888
0,06892841
0,05138741
0,001036768
0,05318635
0,07723583
0,04445272
0,07099081
0,02307865
0,03023361
-0,01330271
-0,001533318
0,0181151
0,05807957
0,04880127
-0,002906177
0,01455082
0,01993562
-0,004248774
0,001200753
0,01768159
0,07858994
-0,01282909
-0,03735906
-0,0246442
-0,01730306
-0,002699293
0,006586089
-0,01709568
0,01467464
0,01280969
0,006818182
0,02092336
0,01552014
-0,02272843
0,008621542
0,003123627
0,07286062
0,04641528
0,04804773
-0,04076442
-0,03325822
0,008085945
0,02743502
0,04224716
0,00433943
0,01106811
-0,001087228
-0,02022849
0,01768504
-0,01076299
0,04547612
0,01706058
-0,0193114
0,02176531
-0,007051464
-0,03008498
-0,04215195
0,004755323
0,01508528
0,01607883
0,01383859
-0,02238213
0,01540971
0,02560072
0,0207385
0,04650797
0,01018353
0,06792014
0,03501429
-0,001387045
0,01912416
0,03793539
0,06908123
0,06747025
-0,0009481261
-0,03832604
-0,03383214
-0,03004346
-0,01523263
-0,006631309
0,01145798
-0,01457297
-0,02125481
0,04147251
0,02622149
0,08079139
0,06071996
0,02865155
0,00113774
-0,02039695
-0,006162544
-0,09517215
-0,08962171
-0,01269123
-0,02838245
-0,006056642
0,004732563
0,03315246
0,0484972
0,01302934
-0,02567523
0,03374954
0,03186937
0,0001012117
-0,0538482
-0,07200182
-0,02948493
-0,03168281
0,007915435
-0,01476709
0,03933195
0,03198031
-0,02622723
0,003231029
0,004026231
-0,003773725
-0,03142394
-0,002948728
-0,01313995
-0,1054165
-0,09105388
-0,04777767
-0,03457486
-0,05546896
-0,02495248
0,0383544
0,01608615
0,02473827
-0,001906049
-0,001928502
-0,0006155418
0,04703236
0,02438013
0,01208901
-0,03235492
-0,07361425
-0,0165565
-0,01634704
0,04151945
0,05599055
0,02684002
0,0149065
0,004193123
-0,0241656
-0,01517762
0,02304271
-0,03104201
-0,07223561
-0,0159422
0,0008971916
-0,02987468
0,05316099
0,0339047
0,01660687
0,02126642
-0,01924087
0,006640509
-0,02055726
-0,02893373
-0,02019822
0,02791638
0,01226239
-0,001946735
-0,0372289
-0,02200104
-0,02948075
0,00102174
-4,088998E-06
0,05078787
0,07797088
0,01675765
-0,01188778
0,01180579
0,03100787
0,02927036
0,01413894
0,00543801
0,01141781
0,05223724
0,03601263
0,004896694
0,005769258
-0,05762768
-0,03333775
0,07019848
-0,01523507
0,008606569
0,0243743
-0,01128015
0,05498077
0,05102057
-0,02288965
-0,005049386
0,02870615
-0,005735497
-0,02118592
-0,002644715
-0,01986098
1,02275
