-0,00634009
0,2382469
0,07150704
0,0549151
0,1837738
0,12438
0,2168548
-0,06660336
-0,2528265
0,07757154
0,1448773
-0,301921
-0,283902
-0,4625935
-0,09034781
0,2351885
-0,1959104
-0,2853969
-0,01598518
0,1610104
0,2376052
0,303688
0,4024014
0,2891311
0,3707768
-0,08936749
-0,05911314
0,1857088
-0,01180207
0,005942368
0,0005156228
0,2920098
-0,1676438
-0,329048
0,02554403
-0,07489014
0,08746566
-0,2839287
-0,4189273
-0,03096526
-0,07175891
-0,3715305
-0,4408075
-0,1996036
0,1369558
0,1454113
0,201779
0,2097798
0,3210634
0,2158897
0,2050814
0,329286
0,1695033
0,2114772
0,4257837
0,1663127
-0,1011355
0,2234115
0,2191012
-0,01308803
-0,08356955
0,2089758
-0,1845266
-0,258315
0,04478317
-0,1168778
-0,1781572
-0,3102155
-0,3542848
-0,1718957
-0,3098778
-0,4342086
-0,5325553
-0,2155469
0,265916
0,1269549
0,4590271
0,3766173
0,114489
-0,1634929
-0,1652721
-0,0978411
-0,1996357
-0,2449342
-0,2128923
-0,3544344
-0,1518462
0,1235025
0,1143433
0,2098693
-0,3377669
-0,2304351
-0,4592256
-0,2724856
-0,16649
-0,1816795
-0,2194487
-0,2058267
-0,1447308
0,2247655
0,3015912
0,06466512
-0,09086087
0,1078503
0,2550371
0,311193
0,0628625
0,1322683
-0,1487765
-0,2418364
-0,009163887
-0,08983049
-0,2165114
-0,02213585
-0,07320867
-0,0322497
0,2651777
-0,06459244
-0,2594491
0,2889047
-0,36034
-0,3543222
-0,3679413
-0,1312766
-0,2866571
-0,3892739
-0,2900093
-0,1854503
0,001612651
0,02248049
0,0392274
-0,0367072
0,01843705
0,2673459
0,3116952
0,1883274
-0,001731762
-0,027028
-0,2885266
-0,3602478
0,1468398
-0,1930655
-0,172284
-0,2438976
-0,1534524
-0,006520587
0,2362883
0,1743544
0,2022044
0,3692767
-0,2429026
-0,3303492
-0,2845616
-0,04631958
0,16446
-0,02898259
-0,1756322
0,08370557
0,5542536
0,3129387
0,1539422
0,3672687
0,4225884
0,3251489
-0,002735141
-0,05484237
-0,3050692
-0,00580417
0,145071
0,07856499
0,1783422
0,3091774
0,2096312
0,3088659
-0,009630089
0,2062869
0,1269162
-0,04508199
0,1216034
0,210128
-0,1182164
0,1640996
0,2301397
0,3113615
0,2189574
-0,1146002
-0,01420895
0,1604252
0,5521017
0,4079088
-0,3304183
-0,1453753
-0,1091491
0,2081518
-0,1311893
-0,07158644
-0,2254505
-0,1630667
-0,2055965
0,06143612
-0,003253391
0,1848747
0,3038153
0,2342741
0,09965557
0,009202846
-0,2261473
-0,3268709
0,0884574
0,2420584
0,05079686
-0,05351094
0,2800907
0,4538844
0,07978853
-0,2936201
-0,03866417
0,2473022
0,6335901
0,03163246
-0,4243495
-0,29908
-0,3797271
-0,004920059
-0,1444736
-0,2118411
-0,06697214
0,1382017
0,1333439
0,06325876
0,02334226
-0,2062983
0,02504709
0,006717571
-0,1041328
-0,2101285
0,04793113
-0,1358818
0,104708
0,3360571
0,1660766
-0,06423181
0,2800677
0,5106625
0,1758529
-0,1333989
0,07542994
0,2102102
0,1571257
-0,3562179
-0,4274456
-0,1344828
0,03801207
0,3861086
0,1783169
0,06254252
-0,08435637
0,163222
0,2468363
0,1878968
-0,04192849
-0,1773467
0,0365539
0,109654
0,002616658
-0,1481344
-0,02725918
-0,0918085
0,03111877
0,06326962
0,1030801
0,09548602
0,1928432
0,09796821
0,1163051
0,08839
0,09787928
-0,07889815
-0,2011891
-0,4427833
-0,138459
0,1524916
0,1403396
0,01064415
-0,093128
0,02701651
-0,1188891
-0,1583154
0,05090407
0,307669
-0,2000244
-0,3911687
-0,03974402
0,1224404
-0,1634322
0,09578083
0,1431686
0,1280639
0,1172838
-0,03471476
0,01332104
0,2260954
0,1763424
0,1125056
0,08984058
-0,313027
-0,3011669
-0,03749391
0,1343561
0,05399138
0,2929136
0,3393506
0,01583015
0,2827007
0,2614304
0,02265789
0,1191663
-0,03817357
0,18362
0,1257386
-0,2509176
-0,2069105
0,02213511
0,0975425
-0,08845467
-0,06568397
-0,05461938
0,04883962
0,06254021
-0,1051823
0,1892176
0,1392196
-0,002693392
-0,07627488
0,007401021
-0,03448819
0,2775305
0,1382517
-0,03094152
0,06054559
0,09681635
0,09080467
0,0266907
0,08584225
-0,1763481
0,05485414
-0,01997951
-0,04542581
-0,07791501
-0,01445467
-0,2447586
-0,00418785
0,007860558
0,2189667
0,1680676
-0,004804651
-0,03261485
-0,0773618
-0,007203699
0,01747633
0,3139727
0,06968539
-0,05771912
0,008135523
0,002789681
-0,1745062
0,002280975
-0,1026263
-0,1324645
0,3394431
0,416839
0,1870029
-0,06814589
-0,05883578
-0,0007548444
0,04542047
-0,1206962
-0,1325939
0,163858
0,05863392
-0,1044504
0,178222
-0,1732143
0,105221
0,1839704
-0,1163859
-0,07763577
-0,06034739
0,01334
-0,06645523
0,2409455
0,2782579
0,0549808
-0,09236652
-0,07394908
-0,1518052
0,143909
-0,02928192
-0,07879446
0,08676873
0,1968525
-0,158899
-0,5032077
-0,184577
0,05973129
-0,1907846
-0,08552749
-0,01728907
0,440473
0,04832505
0,01662485
0,1039037
0,219382
0,1639535
0,1260733
0,1902557
0,1346257
-0,01206769
-0,1035069
0,1315011
0,02875643
0,2662448
0,1539328
0,06106383
-0,2363807
-0,004511355
0,2441998
0,00412809
0,09342887
0,08183163
-0,1904202
-0,1908953
-0,4570657
-0,3579452
-0,01323146
-0,1480857
-0,1639748
0,03845264
0,1831201
-0,1836004
-0,1505208
0,09469932
0,05205705
0,1299778
0,1479211
0,3493524
0,2019613
0,1299146
0,06010131
0,1406618
0,05835608
-0,1302779
0,08434559
0,1829805
0,04150319
0,06588332
0,2080559
0,223386
0,04686357
0,3843686
0,2714492
0,08026796
-0,0005554668
0,2004418
0,1060939
0,1755162
-0,1060558
-0,2270904
-0,3079017
-0,2305921
-0,1205595
-0,1677088
-0,1451706
0,002645337
0,0366151
0,3172333
0,1000415
-0,1016246
0,3120899
0,4452147
0,1823564
-0,106922
0,147583
0,4184548
0,2456953
-0,1688073
-0,2715478
-0,0552997
0,1851745
0,6568272
0,3766746
0,1913231
-0,05409417
-0,2718068
-0,005683792
0,211681
-0,05195767
-0,2349117
-0,2812497
-0,05795529
0,2090751
-0,2195717
-0,1665044
0,2088363
-0,1513486
0,02253268
-0,1370212
0,06073142
0,2055904
0,4908275
0,1014576
0,2232324
0,1790062
0,2436311
0,2267331
0,08023813
0,08578115
0,1030144
0,1661928
0,2578433
-0,2001978
-0,2843945
-0,2831909
-0,08166523
0,08141096
-0,008016157
-0,03953231
-0,1732902
-0,2063984
-0,07088304
0,04663659
-0,0345485
-0,1128946
0,02825475
0,02834903
-0,1465191
-0,2115545
-0,05212285
0,07343608
0,2258923
0,0884654
0,08734041
-0,01997589
0,211621
-0,1498646
-0,09386977
-0,2671192
-0,06133904
-0,0310204
-0,01438153
-0,08196416
-0,2083587
-0,01938055
0,1020443
0,1639029
0,1623731
0,1773086
-0,00267456
-0,3113069
-0,3715884
-0,035014
-0,0961539
-0,1226599
-0,169363
-0,08197854
-0,1868891
-0,02249081
0,1790405
0,1436421
0,2752717
0,1620093
0,05116229
0,004015702
-0,01597131
-0,1355276
0,06362246
-0,06662434
-0,04870438
-0,07098817
-0,1322997
-0,2426863
-0,05527028
-0,2543806
-0,2505839
-0,2312597
-0,1918437
0,1274751
0,2550942
0,005162228
-0,113626
0,07816033
-0,263503
-0,24272
-0,04047247
-0,0132207
-0,07857944
0,1493602
0,1682587
0,1836825
0,1337041
0,9047617
