-0,1050389
-0,1151142
-0,3284037
-0,1524866
-0,2778616
-0,06243823
0,1630484
0,2748726
0,2130573
-0,1812849
-0,4046049
-0,1395769
0,2038801
0,2380097
0,101466
0,01481746
-0,08829954
0,1726362
0,1796667
0,1046465
0,0792385
0,2354354
0,3388921
0,2379285
0,4960614
0,4137388
0,140601
0,1626655
0,02588245
-0,2068258
-0,04800501
-0,2251544
-0,5563855
-0,03598262
-0,008516743
0,3072421
0,2571327
0,0598797
0,1207328
-0,109615
-0,3181102
-0,1598826
-0,04723933
-0,06900652
-0,2310586
-0,08575013
-0,07851481
-0,01257547
0,01594692
0,1755194
0,2779016
0,4846935
0,1013423
-0,01968868
0,07921244
0,0126667
0,2122434
0,4229729
0,05307157
-0,1157439
-0,2082864
-0,2586796
-0,1216851
-0,03534819
0,08852531
0,0876497
0,1401693
-0,07955461
-0,2068558
-0,3342826
-0,3947745
-0,1187363
0,2459706
0,3486841
0,3718831
0,0978655
-0,2335158
-0,02280932
-0,1560197
-0,004717696
0,1969439
0,2442491
0,05498916
-0,006251758
0,007359262
0,06014139
-0,03111491
0,4277208
0,2235524
-0,1591888
-0,2606738
-0,1017926
0,1188835
0,2658995
0,02858791
-0,07634892
-0,05160822
-0,1374336
-0,08307731
-0,1030709
-0,09224445
-0,2218886
-0,2866189
-0,1160454
-0,1320533
0,006648185
0,08340009
0,1649774
0,09696488
0,008676958
-0,05543929
-0,04191872
-0,09395574
-0,1496823
0,1881771
0,05029004
-0,05974332
0,3213216
0,1643677
-0,08871158
-0,2268343
-0,04381192
0,3796626
0,5882153
0,1058034
0,3991739
0,03248717
-0,0906404
0,09478718
0,2345337
0,05579503
-0,1150317
-0,157572
-0,02857387
-0,1011758
0,1194486
0,353489
0,270469
0,07984985
0,03617302
0,2275225
0,06607883
0,0670929
0,4097289
-0,002137408
-0,09117611
0,2129284
0,1766142
0,02789721
-0,07074632
-0,3076507
0,05000413
0,2711379
0,2930705
0,2183946
-0,06339376
-0,2943004
-0,234823
-0,1767396
-0,04197496
0,377459
0,1148931
-0,02329578
-0,02805975
-0,2544234
-0,1734896
0,2521262
0,2783989
0,06692757
-0,06566055
0,02360631
0,04371416
0,4367541
0,3868259
0,09638944
0,2073624
0,2751417
0,2811136
0,2294308
-0,1878849
-0,2217177
0,05942484
0,1653075
0,08171689
-0,05932606
-0,4400783
-0,3548874
-0,1359809
0,2582444
0,5114398
0,4454195
0,2106773
0,2777228
0,560062
0,3274569
0,1165721
-0,02630797
0,07704268
0,1085982
-0,03623948
-0,09482079
-0,02488779
0,1983606
0,1559165
0,05648229
0,1452606
0,0579433
0,25021
0,1875257
-0,2111735
-0,1669044
0,08217918
0,3104562
0,2849745
-0,2589678
-0,64326
-0,2708154
-0,2183901
0,03443474
0,211504
0,4230628
0,3523677
0,2592322
0,07746798
0,05634457
-0,2279844
-0,156289
0,2733495
0,2856686
-0,06995564
-0,03516871
0,3282179
0,3930062
0,04947386
0,4226318
0,3639449
-0,04061082
0,1257754
-0,08544262
-0,06549682
-0,1329819
0,03061507
0,413498
0,3300502
0,0193848
-0,2772059
0,08479916
0,2588494
-0,04550035
-0,5716538
-0,3291617
-0,2015268
0,06790471
-0,03734921
-0,1191637
-0,2728849
-0,1325953
-0,2163513
-0,1160296
-0,2396449
0,1166311
0,2482597
-0,04145131
-0,2251519
0,1243979
0,04512
-0,06663427
0,01777426
-0,01049563
0,1466902
-0,2837263
-0,2401443
0,3517441
0,1768241
0,03506405
-0,1599102
0,2540397
0,3196168
0,05005857
-0,02927279
-0,04856792
-0,1007214
-0,04424787
0,08229946
-0,2119068
-0,3699138
0,05441387
-0,1659638
-0,003621514
0,09872174
-0,0957159
-0,2364407
-0,0917514
-0,05293769
-0,003892771
-0,05000999
-0,2530951
0,07011829
0,05379051
0,1272332
-0,139748
-0,08659326
0,4042735
0,2743503
0,1471633
0,05112602
0,5837023
0,2419634
0,2130219
0,3022377
0,06765562
-0,1120663
-0,06097292
-0,2340052
-0,6279133
-0,3617198
-0,01431811
-0,009644114
0,01442747
0,05643548
-0,1303807
-0,06694538
0,1100322
-0,01964064
-0,1472865
-0,3345528
-0,1811629
0,2384213
-0,03471613
-0,1204679
0,01323601
0,01433818
0,1813412
-0,07979582
-0,03234208
-0,2232478
0,000939681
0,3407041
0,2489873
0,2178675
-0,1760992
-0,3314273
-0,3867855
-0,5480875
-0,684055
-0,3359754
-0,1825842
-0,1196536
-0,2037802
-0,1965243
0,02470641
-0,003956288
-0,24833
-0,09289912
-0,1225751
-0,2318653
0,04536495
0,04557102
-0,2046574
0,01338953
0,1440284
0,09796333
0,2725531
0,1224516
-0,1366749
-0,2743557
-0,1556859
-0,01218344
0,07173863
0,2206396
-0,07161472
-0,05417306
-0,2660828
-0,3349634
-0,4200886
-0,08903609
0,0574145
-0,09501912
0,1140894
0,1224753
-0,1665746
-0,06675816
-0,1715595
0,0274931
-0,09564263
0,09277998
0,314269
-0,07735606
0,03803841
0,1552742
0,1748553
0,04571747
0,2442716
0,197474
0,09495366
-0,2363778
-0,352262
-0,1421398
-0,05513465
0,1986334
0,1044504
0,01007224
-0,2697302
-0,4451536
-0,2360025
-0,146949
0,1435628
-0,06879397
0,06549656
0,1007323
-0,03888361
0,02731217
-0,02044646
-0,01100702
-0,1948692
0,2082047
0,4268707
-0,007466227
-0,09282635
0,186742
-0,2392322
-0,2921819
0,1740895
0,1898218
0,1256922
-0,2023261
-0,0440024
0,2475209
0,2929321
0,1729587
0,04887589
0,1422574
0,05494168
-0,08830653
-0,02250103
-0,6415101
-0,3050743
-0,03024692
0,1384696
0,1495295
-0,3033757
-0,3049561
0,08325893
0,02032371
0,06225755
0,2289467
0,1122048
0,2170305
-0,08222023
0,01894983
-0,1029512
-0,06047493
-0,1525445
0,1137546
0,2711082
-0,08234695
-0,3039689
0,005183056
0,08455927
-0,08330737
-0,3440561
-0,08433001
0,2081459
-0,1575435
0,05115595
-0,104119
-0,04801166
-0,1110735
-0,1870759
-0,0516119
-0,1567048
-0,02487533
-0,1221913
-0,3182854
-0,01572024
0,131646
0,1875406
0,2715702
0,001437574
0,1352438
-0,1257562
0,02655839
0,04951299
0,1100006
0,2107407
-0,02993831
-0,005336913
0,09106479
-0,1561117
-0,005599839
-0,06391277
0,1278509
0,2364738
-0,04517279
0,1996828
0,277476
-0,02135705
-0,2479819
-0,07548808
-0,09843045
0,00857526
-0,131122
-0,00978323
-0,2146747
-0,04670723
0,05552407
0,009564442
0,1641375
0,1459816
0,1308546
0,2662522
-0,03219599
-0,06240103
-0,2656234
-0,1118315
-0,2377771
0,09157313
-0,05455978
-0,1069603
0,03194202
-0,07765038
0,1508275
0,1581937
0,05300723
0,05481166
0,1457833
0,08080336
0,0392818
0,1635375
-0,2035834
-0,3536027
-0,04184569
-0,2345781
-0,3416772
0,2354937
-0,007905613
0,040868
0,1107686
0,01656679
0,2035921
0,1010962
0,05659369
0,08371983
-0,09751482
-0,002711206
-0,2197875
-0,1640099
0,09108511
0,09318002
0,006516536
-0,0203027
0,2729984
0,1364282
-0,1206614
-0,07591325
0,145163
0,1070857
-0,2345119
-0,1573978
0,01218695
0,2404879
0,1259175
-0,2786172
-0,03872508
0,4556135
0,09389012
0,1623559
0,133222
0,0087733
0,2426823
0,05137979
0,05719022
-0,1458586
-0,1045649
-0,05654786
0,217945
0,1357434
0,2719688
0,04579667
0,2886248
0,3452553
0,1408979
0,05395363
0,3210481
0,3841946
0,3720841
0,02998737
-0,09775225
0,1377054
0,08444306
-0,03930417
-0,05721113
-0,1627981
-0,105794
-0,03911214
-0,03932825
0,1808104
0,1695842
0,1067611
0,3412494
0,741119
