0,2249202
0,1780155
-0,03067125
-0,1296342
0,07831788
0,1445938
-0,1534355
0,1493258
0,2236657
0,1121793
-0,04976546
0,1303258
-0,07388046
-0,09500414
-0,02965577
-0,1683923
-0,1352447
-0,1119876
-0,2880864
-0,2165931
-0,1837517
-0,05043402
-0,01413432
0,01992787
0,4489311
0,2329795
0,06516093
-0,01109345
0,005740319
-0,002619119
-0,04020912
0,2036784
-0,03770478
-0,06496209
-0,09635003
-0,04193122
-0,03124551
0,1845715
0,07723786
-0,02914048
0,1261005
0,08760339
-0,01672878
0,03735558
0,1352518
0,02679432
-0,02300653
0,05178609
-0,2851028
-0,308245
-0,354691
-0,2411253
-0,1545248
-0,09820751
0,09412441
0,237301
0,2952685
0,0919384
0,02933019
-0,01170598
0,03632577
0,2322562
0,09253437
-0,1344076
-0,0696007
0,09506506
0,07371508
-0,02335673
0,1379711
0,09817373
-0,08173055
-0,0205311
-0,09419204
-0,0232126
0,02521262
0,06688788
0,1946889
0,1484643
-0,0655179
-0,01806463
-0,1341267
-0,2450351
-0,301726
-0,1504907
-0,0823514
0,1550608
0,3682295
0,1964114
0,109197
-0,05039013
0,1511318
0,04270725
-0,08994336
-0,05378772
0,03508333
0,1876428
0,09488198
0,1614135
0,350144
0,2464255
-0,1026619
-0,2024538
-0,0240787
0,04012273
0,004820608
-0,04803698
0,005464101
0,1229243
0,02135919
0,08331069
0,06614024
-0,06060959
-0,2727991
-0,2257263
-0,2398557
-0,02896515
0,2887898
0,3854038
0,3119877
0,02015105
0,1327017
-0,08183517
-0,1351415
-0,003483386
0,1131544
0,1653396
0,01208003
0,003159431
0,08928686
0,01986932
-0,001602734
0,09132569
0,1724558
0,03011431
-0,02443646
0,03931617
0,07189287
0,08401633
0,1294848
0,236766
0,1487948
0,007754827
-0,1410144
-0,1252358
-0,1978346
-0,06376875
0,09821585
0,2287992
0,1866051
-0,08830528
-0,02415464
-0,02674071
-0,1477686
-0,01701497
0,07485488
0,02523795
0,09821519
0,07972547
0,1106901
0,02600234
0,1018677
0,201236
0,2370327
0,08268612
0,005030584
-0,001945066
0,08179966
0,09856734
0,1189543
0,3121504
0,3298984
0,3559401
0,1648242
0,0514927
-0,1409811
-0,2280236
-0,002928284
-0,002347721
-0,003684221
0,03387573
-0,07807539
0,0363641
-0,06120075
0,02461538
0,0006290682
-0,006995959
0,003853064
0,01267509
-0,02061318
-0,04129919
0,05252199
0,1043073
-0,1433388
-0,1651803
0,04700768
0,05390654
-0,1311019
-0,08777817
-0,2112014
0,004346355
0,1478043
0,4097221
0,3172027
0,2721038
0,09333936
-0,1031452
-0,004328673
0,0429399
-0,03327661
-0,01038936
-0,08597726
-0,1514464
-0,1065979
-0,03464857
0,0673513
0,07658159
0,02350797
-0,07200544
0,1456291
0,07676123
-0,004661061
0,03747948
-0,1607119
-0,2866649
-0,2385875
-0,112226
-0,1314985
-0,2315355
-0,2859836
-0,2884351
-0,1683152
0,1997426
0,1502205
0,3498505
-0,009874068
-0,05641167
0,05968563
0,05644089
-0,0349916
-0,01217615
-0,06511685
-0,1978011
-0,1074892
0,1000195
0,3170804
0,2159072
-0,01623225
-0,0954406
0,02724615
0,009692713
0,0112464
0,07340283
-0,2247417
-0,289524
-0,2083488
0,01754632
0,08675857
-0,06312922
-0,1111163
-0,08441804
-0,06497908
0,05865993
0,1103525
0,2771893
0,2124214
0,1190718
0,2478566
0,1154422
-0,1234184
0,04777057
-0,0674908
-0,03898314
0,1085805
0,2377696
0,1168489
0,001352042
0,02179136
0,1387551
0,1913789
0,0893159
0,01988539
0,1340695
-0,06856736
0,07126389
0,0684871
0,1051759
0,07346574
0,01692244
-0,06485011
0,009184877
0,07237658
-0,03026103
-0,04212058
0,1359506
0,208379
0,1741573
0,2117495
-0,0581261
-0,02041981
0,07031648
-0,07044898
-0,06506278
0,09978502
0,1138265
0,1921796
-0,02863588
-0,07496282
-0,07518286
0,1766451
0,2425242
0,1678916
0,09903485
0,2694
0,2465617
0,1320078
0,08882648
-0,01247955
0,1018074
0,2355466
0,04878549
-0,06672897
-0,1043391
-0,1630362
0,1079103
0,1564165
0,2142105
0,1822408
-0,03452767
-0,06143783
0,0715746
0,01928925
-0,05105556
0,07780267
0,09934167
0,1077239
-0,02618281
-0,1165171
-0,003514753
0,05844612
0,3368343
0,1882405
0,06313
0,192101
0,03288649
-0,05378424
-0,0008078003
-0,02581105
0,006765879
0,00710535
0,01433391
0,04394175
-0,1738332
-0,2110075
-0,05466045
0,1390722
0,3150504
0,2215499
0,09765223
0,08748864
0,09517524
0,04281727
-0,1321856
0,1755809
0,1198497
-0,06969716
-0,09124798
-0,1709157
-0,1211535
0,01056755
0,1140729
0,09132474
-0,003603864
-0,1129323
-0,05090834
0,01437404
-0,173108
-0,07403105
-0,07875879
0,04935222
0,2104663
0,05633366
-0,06915411
-0,03471706
-0,05781569
0,1733679
0,1447226
0,2556779
0,1624511
0,06775307
0,1208765
0,1049298
0,07553796
0,06227117
-0,005723007
-0,03207547
0,03088353
-0,1779475
-0,1473646
-0,004071855
0,0286698
-0,2019766
-0,0725347
-0,1082797
-0,08448081
-0,01780792
-0,1046378
-0,09206899
-0,04002555
-0,04563894
-0,02162746
-0,1632149
-0,136068
-0,1265671
-0,05445382
0,08962809
0,04108025
0,08631228
0,1539079
0,03295886
-0,05605027
-0,03689758
0,120605
0,1896703
0,04054384
-0,03052998
0,06203317
-0,007508601
-0,06557859
0,09305501
0,1166082
-0,09266931
-0,1982951
-0,2319111
-0,1772676
-0,1893438
-0,0528874
-0,01920644
0,0009853563
0,04253945
0,08944234
-0,06686353
-0,1894204
-0,05966144
0,1846572
-0,1439304
-0,2145259
0,001914645
-0,03403711
-0,02662896
-0,05080585
-0,03875897
0,04121468
-0,01297859
0,02149401
-0,05334127
-0,02135351
-0,03950344
0,02900861
-0,005196374
0,006524439
-0,3296019
-0,2737767
-0,2840401
-0,2710365
-0,2102803
-0,0348205
-0,070477
-0,05846849
-0,07947381
-0,01557875
-0,07545735
0,09379365
0,06347492
0,06841245
-0,07287692
-0,1480535
-0,1129993
-0,0307724
0,1377823
0,002724308
-0,04138142
0,07293496
-0,01407286
-0,003799209
-0,139233
0,04258778
0,2086801
0,1758711
0,1373006
0,2064907
-0,01528688
-0,08286331
-0,101209
-0,1999058
-0,2542184
-0,07041153
-0,1718991
-0,2273263
-0,1867364
-0,09689805
0,02035449
0,1989219
0,1838933
0,1962001
-0,03685248
-0,1096258
-0,02557248
0,01562194
0,1709542
0,001718006
-0,02312741
0,1180553
0,0001929475
0,1801939
-0,06847863
0,03329659
0,05342024
0,08127426
0,2325159
0,09920666
0,03731024
-0,01360846
-0,1094006
-0,2225911
-0,1218655
-0,2585747
-0,2216773
-0,1593645
-0,1077422
-0,1290597
-0,07660694
0,0924935
0,1438583
0,04373188
0,08096757
-0,1059213
0,1792798
0,1510366
0,02646258
-0,09596659
-0,04493546
0,175813
0,1518012
0,2579425
-0,004265461
-0,1004419
-0,1403654
-0,05273759
0,2818117
0,0585972
0,04357781
0,2076726
0,0937447
0,13784
0,0311028
-0,02869245
0,01017768
-0,02538332
-0,002188256
0,09014541
0,0568221
0,108605
0,007840566
-0,0106593
0,1511697
0,2552131
0,1570189
0,1720799
0,05928906
-0,03399129
-0,06107569
0,16624
0,175566
0,2331053
-0,1250093
-0,1474832
-0,3036444
-0,03784756
0,1794746
0,03410372
0,003278431
0,2014157
0,2555432
0,1278002
0,07902665
0,1182748
0,2350293
0,1965187
0,06243348
-0,04494366
-0,153889
-0,2314916
-0,1798545
-0,3042934
-0,1071717
0,03864507
-0,06560241
0,003744711
-0,07311495
-0,05454171
1,014826
