-0,002150182
-0,08547194
-0,2035244
0,2101107
0,1283374
0,002471157
-0,05179974
-0,170053
-0,08128671
-0,03617309
-0,0178398
-0,09017594
-0,003524615
-0,2495319
-0,09558769
0,1409675
0,3215447
0,001029665
0,008019526
0,2294656
0,2098904
0,005089428
0,329365
0,1010454
-0,2105901
-0,008567654
0,1156469
-0,1820425
-0,2582733
-0,05294949
-0,2326812
0,1048621
-0,1380097
0,1197701
-0,0115541
0,106965
0,1102661
-0,003678599
-0,08941991
-0,08776236
-0,2115363
-0,08712336
0,1812063
0,2034129
0,1718851
0,01084114
0,2039862
0,2085765
0,2695979
0,09988648
0,04577084
0,006125137
0,01637135
0,1074014
0,1569529
0,09617469
0,1040212
0,04065797
0,02704451
0,05272117
-0,04087991
0,3723706
0,02894583
-0,2617955
-0,1780948
0,04762052
-0,08948102
0,1712104
0,06256432
0,07509465
-0,1159301
-0,1012825
-0,01096369
0,05071766
-0,05347947
0,1012323
-0,151614
0,1000004
0,007833577
0,004793704
0,02469275
0,1085661
-0,09917665
-0,3640568
-0,07592265
0,09441949
0,1173457
0,1787325
0,02739283
0,148229
0,1988488
0,2966226
0,07055888
-0,2136809
-0,09490437
0,07567625
0,03735714
0,06039762
0,07279795
-0,1527009
-0,1537113
-0,04606225
0,09474175
0,3008371
-0,05063081
0,1014417
0,03740157
0,04976672
0,0436337
-0,2450872
-0,1857037
-0,1957882
-0,04827844
-0,1453116
0,2622077
0,02726085
0,4125171
0,3109821
0,01091238
0,2776463
0,09462897
0,1910469
-0,07626248
-0,1445481
0,132829
0,2334147
0,32651
0,03175374
-0,1020375
-0,1410049
-0,0677148
0,1079994
0,230792
0,4144485
-0,01330942
-0,02720028
-0,1339145
-0,07356163
-0,2008593
-0,0916599
-0,1363751
0,01503189
0,065399
-0,2485066
0,3285911
0,173014
0,4808084
0,5765934
0,1300203
0,1583963
0,1368236
0,07669877
0,2530712
-0,01014628
0,1998259
0,1643521
0,3561113
-0,1166665
-0,2336437
-0,6410124
-0,4076497
-0,1022737
-0,2902864
-0,1484769
-0,2264969
-0,444344
-0,4200794
-0,3856063
-0,319341
-0,5584025
-0,3983647
-0,1011353
0,4117294
0,006125828
0,0965858
0,1097057
0,03859221
0,1607335
0,1440205
0,0960633
0,06768335
0,04072955
0,2221646
-0,03863715
0,03214325
0,1681087
0,09550201
-0,01321923
-0,06086132
-0,2329494
-0,3737001
-0,2065406
-0,3585231
-0,2448128
0,05286521
-0,3025662
-0,2827941
-0,009320571
0,07136949
-0,06622302
0,05931492
0,01125255
0,2253568
-0,1192657
0,1323948
0,2503382
0,1862536
0,3431596
0,2071787
0,01154353
-0,2215586
-0,1829439
-0,1443985
-0,2779661
-0,2930252
-0,3602513
-0,216766
-0,4992114
-0,3641193
-0,1124236
-0,2967897
0,08986452
0,3249127
0,3061602
0,4054021
0,3581326
0,1855098
0,004832059
0,2141069
0,3275974
0,1028182
0,5677812
0,3933784
0,2325187
0,3630181
0,4261809
0,434917
0,5672128
0,4277566
0,2166236
-0,078275
0,1071117
0,05905248
-0,2216448
-0,007667358
-0,09113891
-0,1847173
-0,06042639
-0,05056626
0,09354575
0,1403273
0,0204222
-0,06307869
0,35773
0,1501946
0,4272713
0,5560826
0,4520273
0,314285
-0,01161477
-0,1808994
-0,06712413
-0,06630734
0,1810954
0,2174999
-0,01688401
0,1302865
0,3301257
0,2077194
0,0629081
0,03025945
0,04314675
-0,1461498
-0,2587211
0,05868125
0,04274444
-0,2355546
-0,3550939
-0,0124394
-0,05211681
0,2431383
0,08749314
0,0636158
0,1519971
0,329656
0,2795205
0,4031776
0,142564
0,1503203
-0,1298724
-0,2028081
-0,06438812
-0,08962362
0,1664668
-0,1064598
-0,05931735
0,07760166
0,02525908
0,01198495
0,146402
0,206273
0,00800031
0,1558442
0,2885481
0,06715699
-0,07444841
-0,07444299
-0,08525848
-0,08822159
-0,309344
-0,05656074
0,02538436
0,1519779
0,1293934
-0,004215768
0,1405375
0,04481639
0,335186
0,4937415
0,3617017
0,2187012
-0,0156421
-0,1201574
0,08959896
-0,08046285
0,0614294
0,08480664
0,1508575
0,1246639
0,2749924
0,3195091
-0,03121192
-0,1658164
0,1238246
0,1984814
0,2516808
0,08941779
0,1739195
-0,0304278
-0,1122271
-0,2015803
-0,3680924
-0,3464713
-0,3090029
-0,2703525
-0,3479207
-0,2022474
-0,1653896
0,08092852
-0,1956612
-0,3295504
0,03079387
0,1472663
0,05003335
0,2287396
0,4325805
0,2398986
0,03856206
-0,0637917
0,03828139
-0,1459537
-0,1174969
-0,1692463
-0,04889656
-0,00781045
0,1487125
0,1965301
0,2352885
0,3069423
0,1143875
-0,08263925
-0,05199041
-0,005926535
0,0579396
-0,0152344
-0,1964995
-0,1598659
-0,08806244
-0,1330406
-0,3201172
-0,3969747
-0,1622425
-0,1013816
-0,1275762
-0,1851375
-0,05025027
0,04292392
-0,005785352
-0,09476796
-0,0497137
-0,2263216
0,03495985
-0,08306889
0,1089104
-0,01332249
0,09738063
0,1405965
0,1381902
0,4587778
0,001657712
-0,1346501
0,05145174
0,2916984
-0,1497341
-0,341267
-0,4696878
-0,2899008
-0,02113642
-0,008208554
-0,248247
-0,4658317
-0,2922939
0,04718816
-0,0565276
-0,06224639
-0,254458
-0,2979349
-0,4022163
-0,3351865
0,134598
-0,09174895
-0,135555
-0,295204
0,1703664
-0,006871699
-0,332489
0,07028976
0,2525672
0,4860718
-6,348688E-05
0,01072837
-0,1049061
-0,1593492
-0,2739486
-0,1690953
-0,1402003
-0,1542475
-0,2044072
0,03294485
0,05711886
-0,01772203
-0,05987137
0,293493
0,05611791
-0,06092662
-0,4282942
-0,4511707
-0,4100846
-0,3807288
0,03834807
-0,0996125
0,08321428
0,08142165
0,09494013
-0,2183298
-0,6114419
-0,1690607
0,3742024
0,691058
0,0102382
-0,07856231
0,2201401
0,4421606
0,09573977
-0,2625297
0,05920138
0,278555
0,09753007
-0,1024476
-0,03481497
0,1276586
0,3757471
0,2107997
0,1681862
0,01864171
-0,436018
-0,5565575
-0,5091434
-0,5406467
-0,1273991
-0,007509806
0,03456445
0,1800951
0,2996425
-0,2637612
-0,5255804
-0,3313583
0,243003
0,5045277
0,327555
0,1542665
0,1901949
0,3141934
0,3164052
0,01778544
-0,1535837
0,08776517
-0,06736549
0,2164207
0,3076816
0,2591707
0,2338454
0,01171628
-0,06697666
-0,1521054
-0,6393417
-0,5347616
-0,2426227
-0,6075461
-0,1502284
0,2093896
-0,03164257
-0,09693027
0,0107055
-0,2328416
-0,04112045
0,04261859
0,4895245
0,5799801
0,2948674
0,1554515
0,1118299
-0,03844201
0,2545297
0,3243176
0,3766034
0,1905978
-0,04519853
-0,0539215
0,2744235
0,1228918
-0,02106185
-0,3667312
-0,1986682
0,1172397
-0,3869485
-0,4073608
-0,3299019
-0,5202345
-0,1622954
0,3033255
-0,2904185
-0,0869471
-0,06233287
-0,1542111
0,2365758
0,05321195
0,6262948
0,3969247
0,1024475
0,280721
0,1261233
0,125938
0,1315794
0,0179399
0,002813665
0,01916581
0,09597091
0,07202066
0,07812328
0,07259522
0,04037751
-0,3252837
-0,1610833
-0,001146445
-0,1601178
-0,01887807
0,1994867
0,02293435
0,1951919
0,07746444
0,08608117
-0,1312925
0,3484868
0,01893136
0,01775238
0,1671897
0,2528459
0,07830624
0,1627377
0,4428238
0,3640216
0,4325774
0,3637316
0,1575204
-0,03160014
-0,1951931
0,05108604
-0,1672463
-0,3510666
-0,1486065
-0,2326549
-0,3923088
-0,2651374
0,2494292
0,08103279
0,05297406
0,1195923
0,2386535
0,4530415
0,7762799
