-0,04041489
0,1220539
0,09034405
0,002993417
0,1614333
0,1207528
-0,03871564
-0,08400705
0,05417985
0,1284225
0,07026172
-0,1294641
-0,02034104
-0,02521551
0,04291
-0,02668376
0,05606084
0,02395167
-0,003474869
0,003410873
0,1006047
0,1025822
0,370752
0,2014599
0,1350682
0,110572
0,1800276
0,08520917
0,08309644
-0,02729271
0,01062634
0,004980761
-0,08410378
-0,2100473
-0,1316545
-0,143421
-0,0636114
-0,1451063
-0,1296832
-0,05114074
0,04628352
0,0510766
0,02130186
-0,01613946
0,0817503
-0,0556173
-0,1132505
-0,1770493
-0,1616746
0,003594999
0,02969193
0,05604433
0,09888724
0,2171896
0,1535051
0,1125618
0,0717663
-0,02108899
0,1752786
0,0646626
-0,05628194
-0,01059346
-0,1340286
-0,2139717
-0,1438639
-0,2312287
-0,1807683
-0,07408465
-0,05288383
-0,06568076
-0,007874031
-0,007298284
0,1300867
0,05393419
-0,09076387
-0,1378418
0,017111
-0,09974546
-0,02507278
-0,06449524
-0,00645295
-0,07582565
-0,2168191
-0,006273562
-0,05419495
0,03186072
0,1063541
-0,02529299
0,1947298
0,1515496
-0,1101486
0,08204999
0,0065635
-0,04962892
-0,1720587
-0,1528719
-0,1286585
0,07890389
0,08321305
-0,07942231
0,02039189
0,06094783
0,1497461
0,1103528
-0,1039505
-0,05314755
0,1463334
0,10481
0,1190732
0,156912
0,1559519
-0,03821354
-0,1462665
0,1059822
-0,01207501
-0,01127376
0,02695656
-0,04020879
0,1293365
0,1222833
-0,2564183
-0,1199618
-0,04154395
0,08516407
0,08448966
0,02608047
0,04463134
0,1332033
0,009856015
0,06606096
0,07244356
0,0418702
0,1302819
0,05264275
0,08355848
-0,05155932
0,2301546
0,3123576
0,1414475
0,0149504
0,1603768
-0,07771413
-0,1426628
-0,086635
-0,1876031
-0,09562854
0,01132569
0,08004372
0,01289381
0,01739664
-0,1238917
0,04843404
0,2065446
0,05464264
0,0877169
0,1496965
0,1721943
0,2030266
0,05793069
-0,01990899
0,03961257
0,1670951
0,06715907
0,008127097
0,1107833
0,1599549
0,05007729
-0,009228074
-0,04892092
-0,01423583
0,08460034
-0,01204614
-0,06518356
0,08498928
0,02864571
-0,06873052
-0,1039161
0,048742
0,07242313
0,05945592
-0,04852361
0,1937704
0,2869993
0,1687243
0,1855283
0,1705372
0,04195851
-0,09712926
-0,02922223
-0,04512706
-0,1215038
0,0195965
-0,01454749
0,1534151
0,07317555
-0,04959725
-0,04916217
-0,07544902
-0,1431466
-0,1862632
0,06114927
0,1754984
0,207442
0,1598525
0,1320237
-0,04577252
-0,03303793
0,05455166
0,2237294
0,06877461
-0,02502859
0,09690505
0,115954
-0,05502694
0,001672149
-0,08140321
-0,09101209
-0,07655317
0,02234674
0,003028472
-0,09284363
-0,1062181
-0,05021706
0,01054509
-0,05794128
0,01508964
0,06867528
0,01986401
0,007473075
0,03107585
0,02662176
-0,0915067
-0,02469885
0,1294634
0,09972314
-0,2248599
-0,04135588
0,05017551
0,2043839
0,124333
-0,01617783
0,02465489
-0,2051283
-0,1680455
-0,2149597
-0,2309121
-0,2731516
-0,06979952
0,07160147
-0,01565689
-0,05823143
-0,01301362
0,03927129
0,01042024
-0,03332595
0,03243265
0,1118882
0,07324669
-0,0866658
0,03086963
-0,04867361
-0,03440073
-0,01263888
0,2188147
0,003618039
-0,1586641
-0,106625
-0,006950181
0,2232251
0,09374548
0,06696065
0,1939003
0,1899918
0,008055273
0,05500664
0,06140856
0,06347319
0,191663
0,1970602
-0,09959087
0,05310527
0,09703192
0,1358899
0,1216231
0,05542386
0,02839079
-0,05005896
-0,000750681
0,06505129
0,2677937
0,1495443
0,107268
0,01737619
0,06284861
0,08859535
-0,03649779
0,02190291
0,1250788
0,2564399
0,05033392
0,01941206
0,3263044
0,1331932
0,000287198
0,08768921
0,09349495
-0,00471456
0,1359213
0,1060693
0,04122321
-0,01690314
-0,1355275
-0,173796
-0,1813262
-0,04515008
-0,08788218
-0,006777955
0,08328405
-0,01703384
0,04823051
0,1758312
0,1549994
-0,07961006
0,1765887
0,1452505
-0,04262796
0,02680405
0,09087928
0,1974365
-0,02542778
0,01082151
0,2415705
0,2532679
0,1717455
0,2960332
0,2276504
-0,01348264
0,03019272
0,01841049
0,1655508
0,07496031
0,07525348
0,07489615
-0,07432132
0,005586864
0,07039969
0,1302856
0,05781616
0,0653518
0,08104543
-0,02294079
0,006654489
0,05251634
0,2916107
0,2094252
-0,02977332
-0,09364267
0,008842589
0,1204402
0,05866727
-0,03307563
0,1982538
-0,108454
-0,05854659
-0,072001
0,1239421
-0,01020198
-0,1335631
-0,1224545
0,1954378
0,1485119
0,1997521
-0,1797589
-0,09282183
-0,01681625
-0,0485371
0,1686815
-0,01103498
0,08867995
0,1012977
0,05748373
0,04970944
-0,007684774
0,086862
0,2382951
0,08992182
-0,04175017
-0,01542046
0,01122704
-0,0007287542
-0,06448115
0,1268567
-0,07906733
-0,2040752
-0,3178195
-0,2083009
-0,210238
-0,06717537
-0,06555106
0,03912655
0,1291326
0,06723117
-0,1641061
-0,1974806
-0,0151176
-0,008327558
-0,02512817
0,06976774
0,1851507
-0,003561146
-0,02752835
-0,00963414
-0,1455163
0,003792248
-0,09392843
0,03831502
-0,08248241
-0,0413794
0,08369019
0,08137683
-0,02248958
-0,1285219
-0,1686475
-0,1748002
-0,1565115
0,08385901
0,128613
0,1018921
0,1420345
0,2773984
0,0221219
0,006124225
-0,02234337
0,01699147
0,02292257
-0,006743534
-0,1575
0,008794085
0,2262768
0,1110073
0,1049269
0,199249
-0,1279382
-0,0343476
-0,153764
-0,1168209
-0,1668752
-0,1563707
0,07993717
0,1607652
-0,0284376
-0,05934494
-0,08927742
-0,003102662
0,07221244
0,2504572
0,3576452
0,1660323
0,1524327
0,2188717
-0,01061003
-0,06287484
-0,02682861
0,05062921
0,1394787
0,0218742
-0,1068831
-0,2612008
-0,04444268
0,02136239
0,1331176
0,1494474
-0,004972938
0,03934039
-0,1314186
-0,1664091
-0,3292958
-0,297426
-0,05294641
0,1367709
-0,2095055
-0,1293651
0,08922862
0,03684994
0,04416397
0,05901528
-0,08715347
-0,0483285
-0,07294244
-0,07799013
0,002526354
-0,009302725
-0,02059664
0,07803874
0,003492357
-0,02261358
-0,07649878
-0,1055041
-0,1132018
-0,1176943
0,07016063
0,1584141
0,02180952
0,2048213
0,1034646
-0,1638522
-0,3057674
-0,2992457
-0,06833239
0,07655696
-0,1577078
-0,01183008
0,02958381
-0,005266948
0,03339872
-0,00978144
-0,01105215
-0,05634187
-0,1016585
-0,04372815
-0,1559595
-0,1383706
0,1786643
0,19481
0,153923
-0,1101153
-0,05258761
-0,2420701
-0,216329
-0,2936812
-0,2545859
0,07056511
0,04045568
0,0839025
0,275532
-0,09404311
-0,180902
-0,2500321
-0,1354423
0,08646523
-0,1003341
-0,0340049
-0,09466596
0,005638388
-0,09335884
0,003343044
-0,2156177
-0,1996496
-0,1464663
-0,252341
-0,08705936
-0,002667818
0,1398094
0,1303943
0,1450735
0,09116153
0,1684903
-0,05346313
-0,1443442
-0,2438903
-0,1946567
-0,08292726
-0,05732858
0,1814349
0,2378768
0,2210138
-0,007859634
-0,1628604
-0,07806028
0,05922167
-0,09191369
-0,03345134
0,03353974
-0,03024013
-0,000548485
-0,1388695
-0,2070312
-0,1086235
-0,1357398
-0,0248934
0,08025272
-0,03907122
0,0105711
0,01354941
0,07944934
0,1377675
0,06687598
0,0307627
0,1271884
-0,0026668
0,004674411
-0,1711118
-0,3450033
0,01801033
0,06291249
0,215303
0,1547268
0,07304495
0,2122483
0,06255078
1,0203
