0,02448966
-0,09202588
-0,2916975
-0,2066858
-0,1489698
-0,09210932
-0,2790833
-0,2540296
-0,1058089
0,1164161
-0,2863429
-0,2351939
-0,101971
0,00976839
-0,1935254
-0,1327111
-0,0823046
0,07300059
0,3248675
0,4264936
0,3059157
0,4325427
0,3097178
0,2648025
0,2226467
0,118747
-0,1466219
-0,1763332
-0,06897307
0,06449392
-0,08625799
-0,0385798
-0,005247004
-0,05975226
-0,08907107
0,1166772
0,1502477
0,03897369
0,2196518
0,2062789
0,07967474
0,07019431
-0,0435477
-0,1485302
-0,09560962
-0,001501056
-0,02731731
0,1557331
0,1691597
0,0525459
0,03295767
0,06528998
0,21191
0,1135781
0,05613605
-0,165237
-0,2344754
-0,02379177
-0,07528505
-0,004034935
-0,1247569
-0,1028105
-0,108291
-0,02323206
0,02801475
0,02368738
0,109477
-0,06155839
-0,1231448
-0,1957196
-0,09640358
-0,00389258
-0,01989414
0,01181947
0,1594926
0,04412335
-0,1189022
0,07698872
0,03791579
-0,05366325
0,04696918
0,0295876
0,1231699
0,1533965
0,1089086
-0,05834851
-0,1813819
0,04949731
-0,005553729
-0,06492653
-0,03542291
-0,1269951
-0,02075012
0,02239514
-0,1109095
-0,0341588
-0,1333499
-0,09208663
0,07146811
-0,1445528
-0,1088348
-0,08020812
-0,1358058
-0,06749334
0,08387004
0,1079061
0,04055154
0,05463265
0,0322694
0,1656184
0,1076121
0,06054725
0,07546579
0,3061286
0,210453
-0,09782761
-0,08638068
0,01885772
-0,09284014
-0,0346599
-0,0878618
0,005592138
0,1423575
0,2183279
0,02130014
0,08697938
0,1110904
0,04617949
0,08294017
0,1313593
0,2266803
0,1617874
0,1941576
0,2759228
0,1969417
0,07683297
0,03905247
0,03123657
0,1443666
0,1537983
-0,01246649
0,1384417
0,1164794
0,3208764
0,3195141
-0,07025481
0,03728299
0,01963999
-0,1024454
-0,03710698
-0,08733992
0,1098629
0,1486455
0,2398057
-0,04625549
-0,04702228
0,007476715
0,1039829
-0,01248102
0,0227322
0,1875222
0,08118935
0,1774021
0,1071999
0,111759
-0,01938215
0,01274924
0,1523057
0,1421428
0,1669111
-0,004826854
0,1561595
0,07355519
0,163045
0,3669092
0,09420113
-0,03292301
-0,07054281
-0,07729845
-0,09250546
-0,105824
0,0341286
0,07527333
0,1288549
-0,03801643
0,00621797
-0,06590702
0,08471011
0,08119603
0,2078527
0,5105416
0,2209433
0,1351387
0,05313393
0,1814409
-0,1603776
-0,02546887
0,2263207
0,191458
0,1799574
-0,003211222
0,02258106
0,04133197
0,05995612
0,2554946
0,1411945
-0,02822235
-0,01972699
0,01308278
-0,07665403
-0,05703005
0,2011645
0,126677
0,1104723
-0,08194306
0,01827462
0,0148383
0,09122431
-0,0840001
-0,02175559
0,2832563
0,1674781
0,08649307
-0,1539326
0,06164967
-0,05471623
0,00841868
0,2382969
0,1098013
0,03004092
-0,03127019
0,1824726
0,1854891
0,0178846
0,1469771
0,1078386
-0,02730217
0,08408727
-0,02498517
-0,06117323
-0,05768078
-0,0003346575
0,138501
0,349712
-0,0845819
-0,128163
-0,07883975
-0,07058861
-0,1788361
-0,1732732
0,1074745
-0,01585027
0,06244284
-0,2080911
-0,1407353
0,0489562
0,0424888
0,1008719
0,05154659
0,0404198
0,2814843
0,2356177
0,1169716
-0,008780611
0,07237052
0,1459087
-0,124579
-0,02885545
0,04721985
0,03263148
-0,08292117
-0,1867237
0,002515626
0,2637845
-0,01955125
0,06252864
-0,06022177
-0,03769197
0,1789432
0,2576109
0,2348694
-0,01123465
0,1923493
0,06447697
-0,09547614
0,07638375
0,08199362
0,06741299
0,06173296
-0,01013256
0,003723998
0,1134794
0,03121981
-0,1501621
-0,01744191
0,1317159
-0,2607077
-0,2198486
-0,05631525
-0,0404337
-0,03649548
-0,2763681
0,1372902
0,1742691
-0,03915272
0,00216197
-0,09579789
0,01716092
0,3340019
0,3605553
0,1302201
-0,03942335
-0,05635685
-0,2061225
0,0360775
0,1635271
-0,01651705
0,03054828
-0,1986059
-0,1596191
0,03841797
0,08358503
-0,02680862
-0,3083821
-0,2229661
-0,1030879
-0,07040653
-0,02068523
-0,1230538
-0,1392028
-0,1692084
-0,2081564
0,1420815
0,1727861
0,09335587
0,03553205
-0,08847566
0,07601809
0,2283013
0,2588295
0,2258121
0,1971191
-0,002169638
-0,1459865
0,01761031
-0,06383195
-0,1102771
-0,04742003
-0,09621258
-0,1511009
0,1018972
-0,1066728
-0,3111545
-0,1693739
-0,09455945
-0,007001495
-0,02062162
-0,0867366
-0,1096452
-0,08972339
-0,099813
-0,1608039
0,2746038
0,2178618
0,03545196
-0,04453512
-0,3568273
-0,1067947
-0,0163035
-0,0623343
-0,1178927
-0,1746176
-0,1571562
-0,245847
-0,2593356
-0,1943884
-0,1458928
-0,1526612
-0,1835948
0,07539301
0,1252808
0,005105365
-0,142482
-0,1751532
-0,1146174
-0,01395317
0,08410416
-0,1381889
-0,1034607
0,02414265
-0,1407028
-0,1755693
0,1828355
0,2606311
0,1175918
-0,09837681
-0,1432244
0,07112269
-0,1427159
-0,0991834
0,1134854
0,04511092
-0,04122272
-0,1356422
-0,06616613
0,05937694
0,1313609
-0,04037493
-0,03766451
-0,1042726
0,1621751
0,1361154
-0,08429596
-0,1474054
-0,02062477
0,1292557
0,2196175
0,0451228
-0,08897182
0,03658348
-0,211361
-0,1043139
0,2111551
0,2508073
-0,0117013
-0,2276258
0,04505605
0,2664219
0,04676025
-0,08935457
0,120682
-0,152522
-0,01501476
0,05582731
0,1388466
0,07761599
0,07579678
-0,02089284
-0,2235711
-0,1217816
0,1017173
0,2858859
0,1664312
-0,08780663
-0,008879641
0,005414375
0,02388141
0,2552769
0,1467356
0,05974061
-0,1870992
-0,04743088
0,3174252
0,2807212
-0,06429808
-0,2045063
-0,1146584
0,1643112
0,2178261
-0,102853
-0,03914834
-0,02886894
0,1043445
-0,03269993
-0,01015823
-0,1991741
-0,0615348
-0,1332841
-0,1091611
-0,1777747
-0,05126175
0,140735
-0,0007719983
-0,07185724
-0,07706114
0,05420464
0,09491143
0,2867917
0,180672
0,1851746
-0,179014
-0,09197724
0,283497
0,1960033
-0,04588756
-0,1685854
-0,02996021
0,2527286
0,2145449
-0,05462526
0,02052779
0,06831386
0,01875397
-0,02313305
-0,02009827
-0,07298256
0,1992832
0,1384206
-0,05004862
-0,1510004
-0,1270783
-0,07945894
-0,03343972
-0,1675145
-0,1842576
0,05084107
0,037049
0,07278331
0,1249174
0,09251869
-0,0435578
0,001630504
0,1738153
0,04021757
-0,08613781
-0,06132351
0,1422366
0,1125307
0,06478881
0,05390304
0,0210174
0,1592435
0,02649827
-0,1055827
-0,1713916
-0,1891827
0,1257467
0,2399821
0,1160317
-0,04829937
0,08927561
0,03299659
-0,05398113
0,03323112
0,1300199
0,06527364
-0,006048575
-0,09067957
-0,04012709
0,1749009
0,1067796
0,04344467
0,05774204
-0,02012347
-0,05583828
-0,01409848
0,2068522
0,145394
0,05727258
0,03050821
0,01336245
-0,01280512
-0,1090816
-0,2158997
-0,03987727
-0,02280011
0,1547674
0,1467972
-0,0332006
-0,0282387
-0,08963536
-0,05517664
-0,06113841
0,1137257
0,2274171
0,02574714
-0,07113119
-0,1813386
-0,06316637
0,1184877
0,01611392
-3,534649E-05
0,007929217
-0,0797381
-0,2165134
-0,2648922
-0,14578
-0,2767078
-0,2242319
-0,02702964
-0,1549251
-0,1471391
0,006873276
-0,1011681
-0,01492531
0,08003066
0,1727194
0,1305284
0,01612689
0,04402579
-0,03900627
-0,1735138
-0,2134363
-0,02441137
0,0342799
-0,03743266
0,08195545
0,2372831
0,1154074
0,2480707
1,017208
