0,01701956
-0,02464178
0,00303338
-0,002176374
0,01454467
0,01732546
-0,0255239
-0,01131328
0,01747468
0,0253736
0,006533297
0,01500528
0,009410031
0,005407751
0,009089808
0,01024358
0,02824036
-0,02348747
-0,003404242
-0,0003560689
0,0126841
-0,02566332
-0,007671303
0,003735747
0,008000643
0,003058225
0,005050783
0,002180979
0,01658016
0,04420272
0,01999233
-0,004210403
0,01176935
0,01220333
0,01211197
0,02439235
-0,00134736
0,02576865
0,02055787
0,0367463
0,01609147
0,03758672
0,03932198
0,02005639
0,003380081
-0,002918896
0,02059825
-0,02560236
-0,02148009
-0,009730964
0,02963877
-0,01946346
-0,01596297
0,008654343
0,02695241
0,02868274
0,02625257
0,0138834
0,028154
0,008483564
0,009269013
0,00966722
0,01144648
-0,008163959
0,006824511
-0,005119403
0,009053485
0,0129965
-0,004661044
-0,01045049
0,01640848
0,02047876
0,02593093
0,01553758
0,004758594
0,006843277
-0,006902028
0,01477247
0,007728373
0,004868803
-0,00474494
-0,008839423
0,01172573
0,02226359
0,01969921
-0,004937997
-0,001463416
0,01340679
0,02212124
0,001239804
-0,0102278
-0,007438929
0,01670469
-0,0006119098
-0,006127018
-0,01778265
0,01703679
0,03363151
-0,004141525
-0,0155271
0,01706748
0,04054765
0,01220886
-0,01256176
0,01349632
0,01495636
0,00722854
0,02026267
-0,008658508
0,02243548
0,004593517
-0,01357516
0,004551613
-0,01342107
-0,03071004
0,01542232
0,03351806
0,03050915
0,02182014
0,0188072
-0,005290926
-0,01117388
-0,006714531
-0,005494113
0,007167002
-0,003166381
0,006923111
0,02533084
-0,004177525
0,005011635
-0,009901905
0,0106078
0,04221438
0,01073868
0,04126181
0,02485315
0,008293171
0,005057916
0,01963296
-0,007275925
-0,01923688
0,03836972
0,02236746
0,01682996
0,005796027
-0,009344183
0,01910747
0,01354668
0,01539108
0,02101152
0,004945848
0,004789409
0,01362058
0,001584627
-0,0130618
-0,01599492
0,01155384
0,009679549
-0,00049918
0,0008797653
0,007262595
0,02394336
0,05856007
0,00911878
0,008137055
0,03357191
0,02047312
-0,02024655
0,01510418
-0,001701175
0,00732534
0,0368748
0,02398927
0,03694293
-0,005749933
-0,0203031
0,009093964
0,01989751
0,01911001
0,03417211
0,006124886
-0,009787676
0,003995634
0,004007455
-0,01996962
0,003330903
0,01732549
0,01794592
0,003459892
0,01482697
0,04100728
0,02568618
0,01770631
0,02190944
0,01842915
0,01045965
0,004221391
0,007246913
-0,005342238
-0,01445878
-0,003221253
0,01896815
0,0553445
0,03455625
0,005894303
-0,0005630064
0,03231005
0,02845575
0,03296067
0,02906686
0,001808792
-0,0210026
0,01723607
0,02469042
-0,01524166
0,006286191
-0,01569681
-0,02008319
0,002963
0,01801641
0,005191612
0,02609712
0,02673125
0,0009804612
0,01635846
0,02860427
0,02190227
-0,01340088
-0,001597413
0,007245533
-1,21301E-05
0,006176344
0,05235758
0,02026523
0,01707038
-0,02480273
0,01270426
0,02317964
0,02799138
0,02501846
0,01229891
-0,00923787
0,01452659
-0,008559128
-0,02147401
-0,001628037
-0,01660531
-0,02230297
-0,02734334
-0,006513474
0,04017757
0,04188901
0,02336236
-0,01010291
0,01637519
0,0267957
0,01652936
0,02967177
0,003392844
0,00834123
-0,003181433
-0,0063475
0,03555689
0,02912227
0,0230758
-0,006828187
-0,005712217
0,02072164
0,03818535
0,05581794
-0,001148766
-0,002710855
0,02054765
-0,01223988
-0,02548546
0,0006868643
9,308632E-05
-0,02244052
-0,01787754
0,003789706
0,006258492
0,01003189
0,02521263
0,008854654
-0,003863177
0,003630458
0,05949966
0,009165386
0,01317555
0,0113798
-0,02286321
0,02715228
0,02932954
0,03224585
0,02149167
-0,01663452
-0,0007824241
0,06380048
0,05316949
0,0476219
0,02540653
0,03072082
0,01417429
0,005976124
0,01526984
0,03986772
-0,00263661
-0,0106415
-0,02910106
0,01086994
0,01605588
-0,01504049
0,0136567
0,01968573
0,00105561
0,02224376
0,04200822
-0,01438241
0,02303543
0,02834788
0,02420028
0,007981237
0,02697945
0,01373426
0,01990138
0,02133988
0,01718293
0,05321143
0,05199842
0,03261901
0,02906021
0,02166111
0,01712189
-0,008909381
-0,01697442
0,01163805
0,01770867
0,02175342
0,0004053091
0,02269326
0,02697519
0,004812039
0,0139804
0,0236365
0,02939308
0,02143157
0,03133721
0,02033826
0,01806497
-0,007068845
0,03495993
-0,007225336
0,01605712
0,04473818
0,03098696
0,01645055
0,004754601
0,02558149
0,04783549
0,02726016
0,01026301
0,02416045
0,03560443
0,02837445
-0,0133366
0,01324891
0,01986463
-0,03577611
-0,01607988
0,006262691
0,03168978
0,01861851
0,007910492
0,03067469
0,03609627
0,01135105
0,04094731
-0,002409034
0,02190727
0,02043561
0,005816212
-0,0008323563
0,03305041
0,02750823
0,0252778
0,006305966
-0,002191543
0,008347821
0,02089969
0,004842292
0,02428355
0,03176455
0,01613562
0,02644024
0,009499499
0,02988122
0,03526736
0,01084392
0,008709431
0,02421421
0,01414999
-0,008258165
-0,02199136
0,01064795
0,02716776
0,02796036
0,01405913
0,006893311
0,05622809
0,0162469
0,01959673
-0,006412655
0,03224232
0,0303578
0,03565045
0,01458418
-0,0122468
-0,004336719
0,02305549
0,01168185
0,04646413
0,01636748
0,01127113
-0,004746992
0,02689317
0,0315766
0,02692011
-0,002814607
0,03345985
0,03460347
0,024941
-0,02347371
-0,005405684
0,005244529
0,003934779
0,02556301
0,005638853
0,03161934
0,0278499
0,02524613
0,02182932
0,009199335
0,0225803
0,0300095
0,03327531
-0,01377799
-0,02925719
-0,02827358
0,01270517
0,03652234
0,05047872
0,01899606
-0,005432354
0,007127937
-0,008369833
0,04350588
0,03143079
0,01248701
0,01979798
-0,0001890279
0,0160203
0,01882666
0,0007199052
0,006889187
-0,005030551
0,0146362
0,01837284
0,02831364
0,03696545
-0,01408872
-0,03074063
0,005245667
0,01072551
0,03278911
0,002903689
-0,02603216
-0,009297404
-0,0004670453
-0,01028469
0,007682889
0,0182318
0,02631629
0,02494545
-0,005852212
0,0008076277
0,02903594
0,01322602
0,04967451
0,0369125
0,005748681
0,03478187
0,01221974
0,009092516
0,01733046
0,002705396
-0,003708486
6,810715E-05
0,007395945
0,03742669
0,01797876
-0,01442576
-0,01136603
-0,01872823
0,008889879
0,008608602
-0,0110941
-0,002895372
-0,0009937937
0,009775789
-0,01860682
-0,006804463
0,01796862
0,03165188
0,01442232
0,004929738
0,02157565
0,0001813701
0,009191756
0,02512761
0,01400937
0,04040726
0,01208135
0,02410819
-0,007059981
-0,01721279
-0,009043582
-0,02783152
0,01775684
-0,003979033
-0,003843993
-0,01041627
-0,001009079
-0,01201033
-0,003922158
0,009642116
-0,007623961
-0,005049685
-0,001203796
-0,01693125
0,008314368
-0,00183062
-0,0101043
0,01311726
0,006788385
0,001601399
-0,002567009
-0,02719247
-0,02068209
-0,02740453
-0,03997402
0,007146549
-0,001044922
0,008310471
0,01438037
0,01247939
0,01948989
0,004518139
0,005531898
-0,004124576
0,006522823
0,01195042
-0,004491862
-0,008284998
-0,01386875
0,007272021
-0,009593389
0,03285313
0,01435561
-0,02208927
0,01867482
0,01481407
-0,003144668
0,02360344
0,009060281
0,01281071
-0,01071348
-0,01179747
0,002285867
-0,01150857
-0,02279422
0,01890622
-0,007194051
0,01202438
0,0291585
0,002624162
-0,008506277
-0,002318047
-0,006692467
0,007892071
0,006912173
-0,005291
0,00247688
-0,008878018
-0,02547902
0,005169066
0,02087761
0,02004188
-0,01070332
-0,01572265
0,02929593
1,058749
