-0,06302021
-0,06023679
-0,05251512
-0,06626821
-0,01184195
0,03046679
-0,006706347
0,01009454
-0,0233452
0,003332534
-0,002437081
0,03419774
0,05737235
0,04995759
0,03134707
0,01796632
0,01775545
-0,009440884
-0,006939446
0,03602652
0,03707333
0,0445343
0,06717537
-0,0007655813
-0,05416226
-0,05285282
-0,04535174
-0,0477249
-0,02030778
0,04037931
-0,03709423
-0,04927167
-0,01757745
-0,0216481
0,01016225
0,05535737
0,05314349
0,07063159
-0,00764015
-0,03017592
0,03522164
0,0843611
0,03232162
0,01510997
-0,03147133
-0,02928519
-0,007681955
-0,02799378
0,01963481
0,008193779
0,0310927
0,01239635
0,02770057
-0,03206224
-0,02722974
-0,05232146
-0,01857198
-0,03417817
-0,02335779
0,01018267
-0,04964406
-0,001532316
-0,005965335
-0,05081624
0,03551989
0,04089174
0,0003812532
-0,001813411
0,004097019
-0,006937826
0,007410851
-0,0164829
0,02345406
-0,01526495
-0,04834434
-0,03890453
-0,0728059
-0,005759548
0,02163063
0,04761989
0,04816137
0,02385062
0,01358357
-0,01499651
0,00487359
-0,01644007
-0,02162405
-0,005454126
0,002622421
-0,01052502
-0,02266738
-0,007624404
-0,009619018
-0,03582602
0,01873562
-0,02082112
-0,002894181
0,01964721
0,01957846
-0,01169076
-0,01811481
-0,01691234
-0,03972745
-0,0601717
-0,01917935
0,01263968
-0,03384918
-0,005068759
-0,02673511
0,04078107
0,02004261
0,03347335
0,02876288
-0,03529387
-0,03586066
-0,005648775
-0,01421275
-0,002984343
0,01805773
0,01898386
0,02960676
0,009426782
-0,03260138
-0,0219351
-0,02295171
-0,07633537
-0,04089753
-0,004466027
-0,00883507
0,008451251
-0,01260031
-0,001160288
0,006758301
-0,01263723
-0,02682228
0,02460607
0,06845843
0,001677454
-0,0325727
-0,04098134
-0,02536755
0,04557998
0,005679606
0,01921872
0,02742023
-0,00943222
-0,01634653
-0,01029219
0,01729476
0,02900873
0,03873053
0,02971965
-0,01878656
-0,02741286
-0,04278919
-0,04945559
-0,01680858
-0,02679203
-0,01403218
0,009240723
0,05897082
0,01066006
0,03792031
0,01114414
-0,003312801
0,03456204
0,06252792
-0,005205966
0,008947101
-0,007364782
-0,03863192
-0,002128304
0,0200194
0,04195115
0,04116978
0,02082979
0,01957427
-0,00395647
0,009168635
0,04977742
0,03203538
0,0002154154
-0,02861259
-0,01738873
-0,05027734
-0,02549172
0,03246982
0,05517698
0,05186791
0,03149371
0,04948513
-0,0003398629
0,004773072
0,05648215
0,05511792
0,02274422
0,01933586
0,0299146
-0,003369797
-0,01331077
-0,02040984
-0,007349371
0,006607068
0,04048475
0,02793166
-0,003755227
-0,0110181
0,002681316
-0,002215581
0,04185768
0,05990276
-0,02239638
-0,008380825
0,02188025
0,00793253
0,06106212
0,04830636
0,03686374
-0,006746594
0,01636098
-0,0001790175
0,05349283
0,02527114
-0,01986804
0,02429608
0,0381127
0,03123299
0,00783368
0,01578801
0,01732386
0,0141656
-0,008171345
0,01790222
0,06225065
0,04973615
-0,001842078
-0,01249476
0,005063234
0,009634904
0,04752979
0,04837352
-0,01077209
0,02814328
-0,01851477
0,004459299
-0,001473722
-0,006426252
0,03825797
-0,0180117
-0,006068873
0,05473501
0,02569209
0,003782804
-0,002463169
0,00293418
0,0186603
0,02709431
0,04087886
-0,001669479
-0,00711455
0,03155416
0,01032648
0,01306453
0,01362525
0,03411455
-0,006997833
-0,03406716
0,01540383
0,03371971
0,07271986
0,02989881
-0,04619316
0,03264295
-0,05037184
-0,01503255
-0,01008449
0,03248525
0,03558625
0,01299667
0,02996812
-0,004120158
0,00787635
0,04205537
0,01106255
-0,03194379
-0,0214562
0,08596413
0,0104661
0,03054301
0,0140924
0,01494918
0,03149089
0,03312029
0,03987674
0,01016471
0,01063492
0,008274524
0,02432377
0,05796573
0,07152656
0,06737135
0,0004951153
0,05461721
0,05044811
0,04214699
0,01636814
-0,01297689
-0,002497332
0,0209227
0,0591783
0,01639418
0,004300636
0,02418924
0,02653124
0,002259557
0,008584924
0,04964381
0,02643115
0,007167899
-0,0140293
0,02691038
-0,02247465
0,01589823
0,03799139
0,01824424
-0,003940039
0,006440825
0,01457319
0,09727965
0,07641522
0,0408004
-0,007105803
0,03042792
0,0301466
-0,02516762
-0,0437611
-0,01221313
0,01197258
0,02531148
0,07946035
0,05881529
0,06256018
0,03038083
0,02648061
0,02452588
0,009541213
0,01709532
0,03899153
0,05741391
-0,01041531
0,02208028
0,002962855
-0,009333157
0,09576425
0,05289124
-0,006072042
-0,01121186
-0,007806407
0,06098497
0,07314733
0,05093466
0,03760884
0,02613943
0,02974405
-0,04314451
-0,03487413
-0,03553469
-0,02543309
0,05921084
0,05702382
0,06220047
0,07334963
0,01691318
-0,02648822
-0,02609742
0,02682267
0,04457888
0,01845043
0,04050402
-0,002548206
-0,06081465
-0,03400911
-0,004542185
0,05169803
0,0275813
-0,03357751
-0,02604733
-0,01989079
0,06020689
0,04603049
0,04290242
0,02976552
0,002732034
0,04609245
-0,01052155
-0,06327569
-0,02904342
0,009649663
0,02305081
0,01271629
0,04054647
0,0215517
-0,01062087
-0,01493906
0,003110338
-0,00189153
-0,01552577
0,0125365
0,06593329
0,01141406
0,003960134
-0,04649983
-0,02511531
-0,0106878
0,05626038
-0,009671652
-0,01463747
-0,03698075
0,02398078
0,0187322
0,05620725
0,01711909
0,01530109
0,008412315
0,001901909
-0,04644187
-0,02866366
-0,03222399
0,005432705
-0,01710797
0,0432662
-0,03113085
0,004093195
-0,01933638
0,03416849
0,03960264
0,006851273
0,02662237
0,03378118
0,0129396
-0,01121483
-0,04626431
0,008365422
0,03648145
0,08885387
-0,01812403
-0,03304209
-0,001050407
0,005976502
0,04681169
0,02083422
0,01300601
0,02149049
0,04086515
0,003681268
0,01250456
-0,00125655
-0,0009482867
-0,03783919
-0,087217
-0,03715048
-0,01070475
0,01871616
0,00357297
0,00892345
0,03879232
0,0344235
0,004310842
0,06029751
-0,0142193
-0,04795023
0,009625663
0,06076334
0,03491098
0,04003539
-0,01805625
0,004213232
0,0575821
-0,008741438
0,005752731
0,004450722
-0,004311068
-0,02664089
0,003403255
0,04191901
0,05309439
0,01911825
0,02185271
-0,02097285
-0,05006031
-0,03334105
-0,02816956
-0,009899887
-0,01513351
-0,0004296163
0,009203853
-0,01156266
-0,008546928
0,04978111
0,001504359
-0,04508946
0,01008243
0,02205745
0,03221375
0,04621298
0,003300659
-0,009051121
0,03388545
0,04610288
0,008901319
-0,05658393
-0,03869382
-0,01179957
-0,04487331
0,02686239
0,07128755
0,01511846
0,02344554
-0,01676624
-0,01811277
0,002585816
-0,04456481
0,007450809
-0,009886083
-0,03498085
-0,01414547
0,001562664
0,02157227
0,02051304
0,009769931
0,03764763
0,06834754
0,02900803
0,00794977
-0,01111115
-0,00655995
-0,03943193
0,003345154
-0,005982832
-0,002690991
0,0008775337
-0,006069978
-0,03700964
-0,004616655
0,05645771
0,06847651
0,0773387
0,02208843
-0,02437228
0,0202274
0,05577428
-0,01331339
-0,02236593
0,01423893
0,04619682
0,05272231
0,02040371
0,04229548
0,03432945
0,05802681
0,03255084
-0,01564243
0,009903628
-0,002057087
-0,00409481
-0,02273017
0,04244164
0,04922556
0,02915208
0,04046787
0,05458594
0,03427119
0,007626892
-0,00277584
0,005667499
-0,01259595
0,0254482
0,04311337
0,02555071
0,05244874
0,08308926
0,0401032
0,0370388
0,06397898
0,03833286
0,04285752
-0,002265727
-0,03259793
0,02542118
0,02956752
-0,04457406
-0,0266804
0,02689234
-0,05730164
-0,05126051
-0,01020519
0,0003963247
0,007296685
-0,002175533
0,05456852
1,040391
