-0,05455868
-0,2187594
-0,2403236
-0,08809429
-0,001855583
0,1624621
0,3957295
0,04269198
0,01690981
0,3462935
0,1047317
0,1864566
0,1611245
0,07848477
0,1800709
0,02214353
0,2298226
0,1957898
0,2023042
0,2093801
-0,005326924
-0,3136474
-0,3873289
-0,16428
0,07304541
-0,2517943
-0,103632
0,15359
0,2487915
0,1222252
-0,1749131
-0,04577756
-0,07992552
-0,1044079
-0,03180427
0,2513724
0,2873738
0,1778223
0,0007599223
0,03155372
-0,06858848
-0,06202183
0,1016473
0,1433767
-0,03331056
-0,1368168
-0,1311188
0,03022165
-0,07503719
-0,02961919
-0,1000548
-0,2065705
0,02408033
-0,02633036
0,1028939
-0,002343375
-0,03583665
-0,07634759
0,05550299
-0,06612233
-0,2586654
-0,003513625
0,006554298
-0,1034945
0,02827363
0,04207355
0,04216033
0,06915366
-0,2213637
0,05389845
0,1998101
0,1786437
0,1393664
0,02408486
-0,1337809
-0,01350534
-0,003166821
0,03224561
-0,04893383
0,02599042
0,02965022
-0,2342901
-0,09551378
-0,04591744
-0,04596836
-0,06845686
0,07207689
-0,006432816
0,06091753
-0,1771931
-0,0820089
-0,02346202
0,2957979
0,1115576
0,03286177
0,1434993
0,1236613
0,2547539
-0,1406077
0,07532056
0,245699
0,1437331
0,1558405
-0,0843505
-0,3034411
-0,06764215
-0,26606
-0,1881053
-0,05741693
-0,07066445
-0,1791633
-0,3610428
-0,2432814
-0,2633798
-0,3636531
-0,2199264
-0,1374909
-0,1007601
0,005851597
-0,09470247
-0,06868137
-0,05496894
0,2608493
0,08842862
0,1511326
0,1824265
0,1520897
0,3301824
0,1431263
0,04513016
0,1390583
0,01578759
0,2543293
0,002696728
-0,1060574
0,00155003
-0,09679818
-0,04198895
0,04007071
-0,09890537
0,001672817
-0,02054071
-0,1495679
-0,1092229
-0,3865414
-0,1812572
-0,04337726
-0,187905
-0,0263567
-0,08649552
-0,05307161
0,03223486
0,2030039
0,07783014
-0,1604199
0,1505476
0,3181714
0,3978533
-0,103658
-0,1592626
0,18678
0,1220928
0,2625704
0,1583228
0,1153464
-0,01952296
0,05571661
0,2443414
0,01266706
-0,03491782
0,1239236
0,2143531
-0,1630357
-0,05367647
0,01956474
-0,119788
-0,1018703
-0,1937091
-0,06175016
-0,106435
-0,09736349
0,09792137
0,2645622
-0,03596473
-0,3304391
-0,07286254
0,2355769
0,2946544
0,05152675
-0,1453573
-0,02892143
0,183203
-0,164706
-0,07181583
0,1129449
-0,1312164
-0,1163249
-0,1153417
-0,2746373
-0,215087
-0,05109593
-0,009103245
0,3102737
0,1605178
0,01175345
-0,07567728
0,01719787
-0,009486317
-0,04548573
-0,09625032
0,07828861
0,3307816
0,452134
-0,1485186
-0,4292619
-0,1729566
0,1429403
0,3712327
0,152052
-0,2218847
-0,007027651
0,09025739
-0,3302862
-0,4804444
-0,2095959
-0,08355857
0,02013552
-0,001669957
0,05268355
-0,1959267
0,004524275
0,148651
0,1829392
0,09920195
-0,1138521
0,1045548
0,07164466
-0,06854924
0,01320139
0,05162309
-0,01181492
0,4055918
0,3546965
-0,2491932
-0,4784521
0,07890939
0,08310654
-0,007344492
-0,09325169
-0,02352555
0,09971137
0,1633969
-0,2112579
-0,4332011
-0,07417834
0,1128266
0,07253668
-0,04331637
-0,006373676
-0,0411416
-0,04628053
0,0256033
0,2101261
-0,03346663
-0,1221607
-0,02250196
-0,04751415
0,01022399
0,01563274
-0,00139954
-0,1207399
0,3631749
0,1981084
-0,4506274
-0,5666959
-0,01437064
0,1817174
0,1975582
0,09406348
-0,08154021
0,04537976
0,1574187
-0,1181325
-0,06418471
-0,01327769
0,08417937
0,1381027
0,1519478
-0,001951854
-0,1147143
-0,05232899
0,08810835
0,1425035
-0,3311405
-0,1323078
0,09808842
-0,1086451
0,01078227
-0,04352924
-0,05617552
-0,0487925
0,527321
0,2055407
-0,4721681
-0,5415664
-0,072428
0,3834285
0,1125354
0,02553242
0,05015073
0,1818333
0,04356012
0,1273732
0,05521192
0,1174814
0,1634915
0,06665216
0,2676687
0,1417755
0,001542807
-0,1623662
-0,003375368
0,2786588
-0,05097945
0,03021077
0,04344829
0,08931111
0,1589067
-0,005892925
-0,0219305
-0,08439586
0,5606592
0,05676439
-0,596882
-0,718997
-0,1099046
0,5588341
0,1779398
-0,05020111
0,02247005
0,01363952
-0,1269861
-0,2299325
-0,2194992
0,207932
0,2090382
0,06341155
0,3062368
0,1033395
0,1313002
0,1424094
0,1479337
0,255164
0,1663708
0,1039046
0,1352481
0,1332834
0,1397568
-0,01213149
-0,04181024
-0,06632052
0,484834
0,1495546
-0,4370825
-0,6191823
0,1413431
0,6783813
0,06362603
-0,1660065
-0,04219271
0,01908111
0,165988
0,07770959
0,1041586
0,2929101
0,05584606
-0,07576787
-0,05746847
-0,0569204
-0,01529504
-0,1369343
0,07914763
0,131364
0,03753648
0,2235505
0,1836633
0,1625816
0,1694502
0,06277978
-0,09446775
-0,03077474
0,4777588
0,2283121
-0,4824818
-0,5972435
-0,07811346
0,3149962
0,1959248
0,06939745
0,01053453
-0,03138465
0,05027067
-0,1563323
0,01663039
0,1512334
0,08059507
-0,0471045
-0,1508373
-0,2040723
-0,1516301
-0,05509398
-0,08923513
-0,1174677
-0,0488908
0,2491522
0,3466235
0,0435403
0,1509941
-0,007709588
-0,1527728
-0,003697874
0,4920489
0,3094867
-0,2987296
-0,6264626
-0,07361875
0,3785402
0,1656237
0,1489899
0,07403825
-0,09752924
0,1996317
0,1917246
0,08896632
-0,008175046
-0,004966175
0,1560283
0,1307444
0,06103084
0,06932659
0,02540073
0,08129001
0,02393291
-0,2724599
-0,02553292
0,08388734
0,1005073
0,253949
0,1827413
0,06618805
-0,09124283
0,5126686
0,2617334
-0,1315144
-0,4559998
0,192609
0,3298019
-0,007059387
-0,1883535
-0,08338389
-0,02182629
0,1996425
0,03749992
0,009389776
0,05847965
-0,04983488
0,03939498
0,2063394
-0,03707876
-0,08307584
0,05961987
0,05539498
0,05490481
-0,09784538
0,02543893
-0,1838875
-0,2098659
-0,01949503
0,08739357
-0,02340275
-0,1987952
0,2843857
0,3215995
-0,2693927
-0,3466952
0,1358921
0,3860092
0,09221617
-0,1828587
-0,1110328
-0,1212065
0,1019213
-0,09033678
-0,01141969
0,08600523
0,03771982
0,1692208
0,08060127
0,01086753
-0,1300484
0,05800592
0,2100095
0,243863
0,1164668
0,04000269
0,02969671
-0,09635693
0,01763925
0,07933398
-0,02216765
-0,1414556
0,1973635
0,1947005
-0,3804015
-0,2677117
0,2273632
0,2818914
0,1523656
-0,2144504
-0,2432984
-0,02038903
0,2070846
0,07258388
0,04859272
0,1511435
-0,03317742
-0,03060131
0,1610424
0,1253144
-0,192411
0,01819367
0,1985955
0,1917649
0,2828244
0,1630009
0,08463201
0,02010958
0,03615423
0,06862973
0,1340902
0,05147006
0,2099868
0,2899775
-0,1818214
-0,1649003
0,2304641
0,4679277
0,3400799
-0,1031719
-0,07622451
0,02085638
0,1015022
-0,09051251
-0,07604041
-0,0708707
-0,06707498
0,09266879
0,1874934
0,1841575
-0,005083899
-0,02776082
0,05732999
0,1232253
0,09606729
-0,06732468
-0,04999498
-0,1237113
-0,06553669
-0,1108931
0,06199028
0,05540204
0,2797703
0,1223998
-0,1776289
-0,3763159
-0,0714846
0,3906772
0,3492809
0,07018878
0,0072966
0,02510897
0,2748042
0,1983323
0,01820997
-0,142659
-0,1102203
0,006941015
-0,123805
-0,4713371
-0,2171826
0,02115254
0,003843603
0,02115231
-0,06588273
-0,1254173
-0,07583862
0,05746416
-0,0457028
-0,09303121
0,1136332
0,966305
