0,05345853
0,03662446
-0,02002443
0,01458813
-0,03157857
-0,01925813
-0,03891718
0,05279037
0,004981203
0,1289681
0,09649033
0,003218428
-0,0298564
0,009416277
-0,01605752
-0,04675084
-0,06175219
-0,04567675
-0,04253074
0,007459261
-0,02908963
-0,03004476
-0,03588029
0,01023654
-0,05435892
-0,02244676
-0,03822188
-0,02284714
0,03977591
-0,03727506
0,01991845
0,04427797
0,009914125
-0,07711954
0,007299662
0,07102229
0,033547
0,1393314
0,09296031
0,05963328
0,06966
0,06187602
0,08518893
0,0328359
-0,01032094
-0,03912772
-0,01375258
-0,1176697
-0,0659018
-0,07167449
0,004896739
-0,04053622
-0,05856941
-0,024963
-0,00179455
0,08091278
-0,01015283
0,06811871
0,1183092
0,06349466
-0,003184147
-0,001602508
0,01843796
0,04411307
-0,06373083
-0,0350365
-0,04519342
0,05047972
0,1230069
0,02352866
0,01548874
-0,02786911
-0,106071
-0,04001196
0,05144567
0,03987979
-0,05022173
-0,07830431
-0,02025368
-0,06973388
0,02677176
-0,0004529429
0,01849224
0,02906412
0,1171567
0,07136381
0,1020551
0,2502465
0,16755
0,2179115
0,03971071
-0,02169216
-0,06257983
-0,08238181
-0,002089458
0,04833613
0,02536103
-0,0257891
0,07499444
0,05727284
0,1456106
0,1075118
-0,02897324
-0,01537907
0,06110812
-0,002616279
0,04161982
0,04328757
0,05245772
0,01070248
-0,08325559
0,02455241
0,07681964
0,07282055
0,2350343
0,1927046
0,2562139
0,2791349
0,09559672
0,199757
0,06735935
0,03398323
-0,005120859
-0,09222123
-0,02710267
0,1114398
0,08556982
0,04976119
0,02006495
0,02890648
0,09727723
-0,05670515
-0,02588384
0,02513469
-0,06386752
-0,04391943
0,04205715
0,1203601
0,1190189
0,1072274
-0,02915177
-0,004920573
0,04378183
0,1298465
0,2297949
0,05305539
0,141919
0,01921956
-0,07068314
0,004437766
0,0476706
0,002371974
-0,1084429
-0,1208084
-0,0810104
-0,06675075
-0,0735506
-0,07901304
-0,08304045
-0,07603455
-0,004131268
-0,08675941
-0,04526109
0,02010795
-0,02250722
0,01105084
0,09198299
0,1173409
0,09743148
0,04558158
-0,1331897
-0,06299872
0,1160854
0,04093374
-0,008730776
-0,01134
-0,1956165
-0,2245464
-0,1991188
-0,1547816
0,05316717
-0,02771192
-0,1013717
-0,0839716
-0,1185633
-0,1054718
-0,0266815
-0,02993911
-0,09067238
0,08021943
-0,003328399
-0,07983828
-0,01082298
0,09543492
0,07061926
-0,01422356
0,0812399
0,0300873
0,1088671
-0,06085598
-0,09641916
-0,005305234
0,04102826
-0,06029425
0,02765902
-0,01416885
-0,06576691
-0,1703517
-0,09865308
-0,09384321
-0,04402151
0,01163012
-0,01614061
-0,08047991
-0,04192093
-0,04571072
-0,03785701
0,04108341
0,01851883
0,004671397
-0,04353432
-0,06429134
-0,03732766
0,04698051
0,006860978
0,03366816
0,07548932
-0,04978283
0,03972971
-0,01475884
0,005431739
0,01643678
0,07637949
-0,006152474
0,01140531
0,04411582
0,01234676
0,002879077
0,06069027
0,06349423
-0,02326584
0,09429133
0,0846935
-0,03449904
0,02885451
0,1068137
0,100497
0,07862344
0,08054844
-0,02486028
-0,007686812
-0,03211026
-0,06231714
0,03148435
-0,06118752
0,03001068
0,01319809
-0,05066741
0,1054411
0,02969764
-0,04598389
0,06049044
0,08723249
0,0109839
0,03752244
0,1114421
0,08224198
0,06655944
0,04858682
0,0391739
0,01729507
0,04615525
-0,05806835
-0,09708973
-0,0722452
-0,01525219
-0,01669594
0,08805707
0,009229483
0,01836199
0,05052464
0,03534414
0,06485447
0,01652516
-0,04987615
-0,01763963
0,02451134
0,01334634
0,05341922
-0,05714329
-0,07231341
0,1050041
0,1166281
0,1076678
0,102291
0,1352069
-0,006366431
-0,04279305
-0,01873382
-0,01258458
0,1313745
-0,04526793
-0,03927339
-0,02867581
0,03250354
0,06036555
-0,07397279
-0,02224436
0,04502923
0,09192549
0,0336521
0,1211569
0,01999549
-0,1027394
-0,05111615
0,03960874
-0,04970623
0,03837799
0,08703096
0,07882033
-0,02769108
0,01013412
0,05183312
0,06458826
0,1491958
0,07593676
0,03108025
0,01765515
0,0189865
0,01480333
0,04099383
0,04529311
-0,04573224
-0,06503525
0,002460296
0,04869973
0,01923742
0,03467878
0,1306833
0,1008722
-0,003075936
0,04419912
-0,05407568
-0,02097713
-0,006872632
0,01801944
0,03544823
0,01759824
0,0411487
-0,01098589
-0,01899981
0,001145225
-0,02478228
0,04865906
0,0249693
-0,06335209
-0,01619713
-0,09850944
-0,05400182
-0,06264656
-0,02405002
0,02557153
-0,05689763
-0,04082883
0,04461647
-0,01711932
-0,06453003
0,03993722
-0,06809381
-0,01873191
-0,04789349
0,004591719
0,0483112
0,05524781
-0,02007897
-0,05586634
0,0004632288
0,00394086
0,04177841
-0,01304856
0,07424118
0,0002912015
-0,002631806
0,07328276
-0,04882344
-0,04106301
0,01498879
-0,1160694
-0,07350206
-0,06625583
0,07788292
-0,03422561
-0,01709142
0,03679149
0,07373885
0,06648166
0,01935549
-0,03370664
-0,03265036
-0,03993462
-0,02515011
0,009047645
0,1691644
0,1900454
0,1119487
0,004505353
-0,04468466
0,008464247
0,06385981
-0,005746247
-0,01102111
-0,06833172
0,001638899
-0,03773316
-0,07066845
-0,06828362
-0,06163875
-0,2195766
-0,05920804
-0,01261536
0,0334236
-0,008934576
-0,03451111
0,0355211
0,1395018
0,1085208
0,1015212
0,1242134
0,1029786
0,1018247
0,1762251
0,1917153
0,2428716
0,2205271
0,2351098
0,02400413
0,07909334
0,1518662
0,04486559
0,05772318
0,01932771
0,04972325
0,08145042
0,09552415
0,05624138
0,1248896
-0,02601335
-0,1087569
-0,0138147
0,04805261
0,008539185
0,01360219
-0,0100167
-0,04542044
0,0003387423
0,05067138
0,06414171
0,09987288
0,03262658
0,01482723
0,01720189
0,1464485
0,1365409
0,04371535
-0,03204684
-0,0259221
0,08348824
0,08275123
0,02876565
0,05905138
-0,0004839077
-0,0427064
0,05642848
0,02168299
-0,03917457
0,116917
-0,05264796
-0,05085143
-0,01417797
-0,0195702
0,003990852
0,02443928
-0,006911982
-0,07456832
0,01302659
0,04349784
-0,03226865
0,06371132
0,03887935
0,01873313
-0,03498134
-0,03376719
-0,03645795
-0,07027262
-0,1102977
-0,07407971
-0,0344913
-0,04157685
-0,06592036
-0,04462218
-0,1458483
-0,1390598
-0,06963809
-0,06520718
0,01512343
0,05003132
-0,02372902
0,01270708
0,03460476
0,0537341
0,03263551
-0,005611793
-0,0340605
-0,03561438
0,008791942
0,016891
-0,01095705
-0,001256963
0,02231253
0,09710452
0,01690302
-0,004988988
-0,06401389
-0,03303324
-0,07419124
-0,05428669
0,03139175
0,05377983
-0,04655072
-0,002785921
-0,07573988
-0,08871921
-0,1120805
-0,07125048
-0,06967792
-0,009565311
0,02832821
0,005955364
0,001425094
0,0780399
0,04329386
-0,01099468
0,04174413
0,0439738
-0,007946235
0,01165485
0,06953927
0,1464813
0,07219606
-0,0187032
0,02588669
-0,02156352
-0,04861471
0,01512693
-0,01402082
-0,05642452
-0,07489987
-0,02041026
-0,03914672
-0,02115464
-0,04950174
-0,04123406
-0,1190658
-0,06686536
-0,04674697
0,04924067
0,08094181
-0,0271502
-0,03648074
0,06979945
0,03223426
-0,05068922
0,01590619
0,02447901
-0,08436385
-0,05776745
-0,03626807
-0,06401307
-0,04183544
-0,09296427
-0,07303693
-0,03994289
-0,03257602
0,06797458
0,1068442
0,04810004
-0,03271435
0,004244829
-0,00835075
0,03927093
0,09262016
0,01755894
-0,05723388
-0,07866644
-0,03870934
-0,001743696
-0,04476695
-0,1202421
-0,05409346
0,08579173
1,027236
