0,1496895
-0,03909342
-0,1052088
0,006954301
0,09752443
0,2559155
0,2527242
0,1723604
0,2076886
0,07837578
-0,1247922
-0,2342642
-0,1216207
-0,1408782
-0,1837882
-0,04436854
0,06256741
-0,05965153
-0,2370135
-0,0551611
-0,04820422
-0,1043504
-0,1758598
-0,2144783
-0,0451338
-0,05739458
-0,06168608
-0,01617419
0,1446997
0,04630928
0,06279374
0,01837891
0,05241125
0,07685111
0,02632279
0,0892044
0,009566769
-0,06803173
0,2156702
0,1055212
-0,07940236
-0,1211548
-0,2380668
-0,1416151
-0,1475088
-0,1755016
-0,04967595
-0,1592014
-0,2527283
-0,14748
0,07760695
-0,009228039
-0,1997544
-0,1803972
-0,07634501
-0,06027259
-0,1717906
-0,1084049
-0,05284014
-0,06937017
-0,134599
-0,08787198
0,1866828
0,2747281
0,09826548
-0,1028867
-0,07826024
-0,13828
-0,08358304
0,09708684
0,08911976
-0,07128914
-0,168435
-0,07504983
0,08822619
0,06244433
-0,03080336
-0,147572
-0,1246824
-0,2087332
-0,3164085
-0,09054846
-0,03847836
-0,002864823
0,04141761
0,03511868
-0,0610305
0,08783966
-0,1467226
-0,08986048
-0,1350285
-0,02869459
0,130608
0,07644404
-0,03667688
-0,09586433
-0,1180476
-0,01842825
0,02727172
0,101328
0,09260131
-0,006319967
-0,006131989
0,04632878
0,1305082
0,2214458
0,2135837
-0,01988939
-0,1439818
-0,2212961
-0,1215395
-0,1013969
-0,05161541
-0,08637603
0,1088338
0,2703371
0,1456815
0,1322162
-0,0488722
-0,1102514
-0,04973849
-0,02616942
0,09737676
0,1616165
-0,02078137
0,04109211
-0,0691341
-0,04004522
0,04076965
0,09176919
0,1055917
-0,01417087
-0,1465862
0,0447074
0,08266133
-0,01980936
0,05464661
0,1411753
-0,1006838
-0,2236019
-0,1594338
0,1351453
0,1622828
0,1444003
0,2229467
0,1010195
-0,002435034
0,1016626
0,01280237
-0,03775014
0,02731312
0,08346919
-0,0009905375
-0,1256374
-0,03623617
0,09660394
0,1541577
0,1121798
-0,06589475
-0,09321961
0,05596014
0,02766524
0,04207252
0,211873
0,3257937
-0,02958411
-0,1693692
-0,1751151
-0,1692761
-0,09264688
0,006099097
0,3955629
0,5453269
0,3492122
0,01462156
0,08245179
0,02216337
-0,09030236
0,1145549
0,1142039
-0,01693154
0,05458361
0,0534454
-0,00170284
0,2462656
0,3774038
0,2438374
0,1204311
0,06113034
-0,0167971
0,2005828
0,2365889
0,2025911
0,2214668
0,2749516
-0,1044801
-0,2725883
-0,3004374
-0,1236572
0,07640889
0,0942803
0,3185996
0,295744
0,1669469
-0,05138647
-0,0893642
-0,06320809
-0,06071215
0,2593137
0,1200235
-0,004057894
0,008243151
0,01190109
-0,00390831
0,006837126
0,2074116
0,0162687
-0,09448215
-0,1120689
0,1330845
0,171997
0,2106245
0,1724403
-0,03500237
-0,1372962
-0,2576922
-0,306268
-0,008103598
0,09613816
0,1906324
0,05692035
0,03839993
0,002935704
-0,09177095
-0,1322009
-0,2525226
-0,1955237
-0,1228916
0,2266084
0,09888944
0,04899102
-0,1403058
-0,02492997
0,02674215
0,09515641
0,02418171
-0,0262888
-0,03376694
0,08050291
0,1353619
0,1413546
0,2556229
0,1276621
-0,1744156
-0,2438793
-0,00895625
0,2044354
0,3616011
0,2669952
0,1039577
-0,1053291
-0,08076423
-0,1513752
-0,1436248
-0,1681561
-0,1631214
-0,04975285
-0,03462921
0,1651194
0,0819173
0,03063535
-0,07533946
0,01960814
0,07433604
-0,007576405
-0,1928033
-0,1436837
-0,07136159
-0,128611
0,03002283
0,05684685
0,01400738
-0,3143725
-0,3420443
-0,1118043
0,2114947
0,2753583
0,2598884
0,1422462
-0,1315447
-0,2946551
-0,1777672
-0,1623794
-0,1761671
-0,02002742
0,01307272
0,2211028
0,2302943
0,2307117
0,175154
-0,05036505
-0,0612498
-0,05176402
-0,001047395
0,0801909
-0,1354292
-0,1617
0,02759772
0,1265733
0,03970778
-0,1929136
-0,4276969
-0,427336
-0,1536464
0,07477022
0,2140404
0,2195102
0,1442359
-0,005204614
-0,3518667
-0,3332314
-0,1316677
-0,2078002
-0,2106693
0,1235616
0,2461905
0,2167761
-0,001114382
0,08461714
0,05426263
-0,09984033
-0,05696995
-0,03829757
-0,09799968
0,04490731
0,04401195
0,08890468
0,1778068
0,01986804
-0,15469
-0,3210389
-0,1894166
0,002659373
0,189174
0,3519973
0,2773162
0,1617314
-0,07427688
-0,0781007
-0,1421672
-0,07786211
-0,06588912
0,04316511
0,1909463
0,3368176
0,2361109
0,188232
0,1328189
0,1613624
0,124436
-0,03881922
-0,07008313
-0,09023941
-0,02618935
0,1044736
0,05457148
0,1315315
0,1010837
-0,01651089
0,01740986
-0,1099701
-0,04998947
0,1178462
0,129801
0,1958165
0,06974556
-0,1319377
-0,2680182
-0,1041062
-0,1125383
-0,05519925
0,071018
0,1764273
0,182002
0,3059029
0,1844718
0,04074059
0,06103921
0,05834879
-0,02077898
-0,01894857
0,006623484
0,006913201
0,06904884
0,08274985
0,1001114
-0,004890386
-0,1745906
-0,225302
-0,0214802
-0,005732247
0,002628979
0,3413959
0,3697607
0,2671098
-0,05015406
0,03617283
-0,07803845
-0,08669515
0,03435161
0,1579307
0,1435648
0,05023258
-0,01416887
0,1547911
0,08083943
-0,07734144
-0,02362298
0,1206179
-0,07457281
-0,0610432
0,01411903
-0,07860921
0,003407443
0,09624992
0,0815034
0,08492775
-0,1479755
-0,1875562
-0,1784141
0,01556089
0,1597968
0,4433922
0,3774088
0,2648852
0,09945817
0,1505365
0,1490336
0,02645736
0,145392
0,259943
0,137856
0,1236454
-0,02150017
0,3246166
0,1807477
-0,01855945
-0,01266281
0,05235989
-0,100596
0,001048882
0,2377466
-0,05689081
-0,01122447
0,04102576
-0,06814662
-0,07665896
-0,1967787
-0,1301529
-0,0989245
0,09123272
0,2160623
0,09515768
-0,01431798
0,128212
0,004400497
-0,1438257
-0,06166969
0,02200488
0,003444211
-0,02781005
-0,07254922
-0,2274623
-0,04194047
4,926388E-05
-0,0091491
-0,1899235
-0,0632382
-0,07458247
-0,1108605
-0,08501075
0,1172083
0,06605979
0,01895142
0,01184187
-0,0008792625
-0,07602566
-0,14648
-0,05280048
0,007462603
-0,03240214
-0,08209023
-0,1677925
-0,05409479
0,04142729
0,1327908
0,1851858
0,1137397
0,1405304
0,1507311
0,09029651
-0,07992536
-0,07711874
-0,1297373
-0,0709987
0,09368108
-0,01805532
-0,006596783
-0,06382669
-0,07607789
-0,08040636
0,02376094
0,06891966
-0,145816
-0,07503479
0,09958956
0,04149824
0,1078623
0,08911793
-0,1226816
-0,2228621
-0,05703655
0,2135638
0,2982789
0,2374371
0,2246051
0,07142609
0,06807411
0,01893856
-0,0285941
-0,1201333
-0,06805268
-0,05382501
-0,01665144
0,1055954
0,2396213
0,02964334
-0,116978
-0,1298336
-0,04220528
-0,05200308
0,05733351
0,1092059
-0,08638351
-0,07440114
-0,005767695
0,0009944984
-0,05652207
-0,1398946
-0,1211098
-0,01697252
-0,09750292
0,02311962
-0,04021568
0,114031
0,2225466
0,2490649
-0,01805009
-0,1174204
-0,1313207
-0,01780313
0,07655626
0,07729826
0,02027867
0,08134591
0,0605919
0,047931
-0,07393239
-0,07225851
0,001828664
0,02621347
0,1177423
0,1357698
-0,0791773
0,01330307
-0,02201646
0,05843908
0,1530129
0,1537733
0,1240078
0,0842821
-0,1291771
-0,008202324
-0,04752032
-0,0700758
0,0603764
0,1459659
0,1856332
0,214142
0,02785851
0,1178353
0,1936572
-0,06599756
-0,02356076
0,02736644
-0,05105698
-0,04786297
0,07473614
0,1274212
0,03602906
0,9735399
