0,03432497
0,02857241
0,02315016
0,003857122
0,007722785
0,02800894
0,01200002
0,01776553
0,0283128
0,05400521
0,00334025
0,006191728
-0,01359774
-0,0140018
0,00692453
-0,003445055
-0,01285581
-0,01763308
0,01840604
0,00947695
-0,008678721
-0,0006721025
-0,01236276
-0,01037003
0,03443273
0,02934616
0,02080408
0,03788223
0,01586919
0,004318277
0,04013515
0,03958271
0,009601191
0,01577097
-0,002066001
0,01419882
0,01766368
0,02550651
0,02101749
0,03947595
0,01981947
0,01426379
0,01045998
0,01146521
0,009937795
0,002582765
0,01761371
0,002122101
0,01530506
0,012883
0,007791415
-0,0008182355
0,005320046
-0,004976033
0,02364578
0,02570528
0,0104565
0,001471872
0,02458104
0,00134557
0,03736437
0,01159481
-0,01040621
0,0006875722
-0,01527738
0,02662899
0,04689957
0,0123305
0,00825333
-0,006446924
-0,00831803
-0,004064034
0,002972044
0,01023704
0,02795381
0,02454278
0,003393096
-0,0186381
-0,0006039749
-0,0093974
-0,01078976
-0,01776606
0,005641978
-8,533335E-05
0,005511472
-0,003071176
-0,003328229
-0,004672956
0,02096041
0,008027184
0,03112666
-0,009972842
0,002280795
0,005988617
0,01285525
0,03056891
0,03103868
0,01755795
-0,002762025
-0,01382124
-0,01306509
0,0044679
-0,002246659
0,01270218
0,02197525
-0,02681121
-0,02339768
0,001086192
0,0005800796
0,0008006414
-0,03726362
-0,03387523
-0,01084018
0,01936937
0,005654056
0,02618093
0,00749754
-0,003455915
0,003048869
0,0128465
0,01701983
-0,02415328
0,009390225
0,03005721
0,03784607
0,04337304
0,01252319
0,006714641
-0,01151825
-0,00488254
-0,009727073
-0,01624191
0,006141692
-0,006955499
0,01158439
-0,003168666
0,004353585
0,01221596
0,009181542
-0,001831495
-0,005782133
-0,01348467
-0,01499033
0,009463181
0,01966301
0,0287878
0,01747836
-0,007162392
0,01140176
0,00983823
0,002625937
-0,0006307947
0,01607967
0,06500926
0,03472254
0,01911032
0,01209605
-0,02451808
-0,01670208
0,03578361
0,01873677
0,004609345
0,04942365
0,00146727
-0,002690426
-0,001268323
0,01645805
-0,003570796
0,01056242
0,02215877
0,01400388
0,01321033
-0,03170624
-0,02263481
-0,03349188
0,002620297
0,01941267
0,002529725
0,02218575
0,01164188
0,005548499
0,0210435
0,02798956
0,03574336
0,01813367
0,02949633
0,01320569
0,00552459
0,006799385
0,03961729
0,02105877
0,002649746
0,006659535
0,001756471
0,006024291
-0,002304548
0,03031428
0,02072725
0,01808086
0,01187453
0,0314361
0,02184898
0,004281666
-0,006649381
0,004686799
0,01293981
0,02774341
0,002007733
0,01982081
0,003708306
0,005814155
0,02051014
0,04153092
0,02991596
0,01670118
0,03071044
0,009425056
0,01719528
0,02208653
0,03411177
0,01222707
0,0338104
0,01574967
0,002655455
-0,001338484
0,01247177
0,01819437
0,0002035745
0,004995827
0,008114408
0,01709165
0,02147999
0,02370645
-0,007414068
-0,009460563
0,004266297
0,03791673
-0,0007340451
0,01541029
0,001502297
0,02032332
0,02890954
0,02052163
0,01181876
0,006188483
-0,0008985739
0,004077986
0,01145703
0,0262734
0,02223082
-0,00644342
0,003854036
0,004423418
-0,01051013
0,03285788
0,04297362
0,026371
0,02512982
-0,0003634151
0,009277765
0,03099301
0,0161839
0,00285903
-0,01476293
-0,01286637
0,02095119
0,04896186
0,006149854
0,01325654
0,005310289
0,01522724
0,01648181
0,01594373
0,007041761
-0,000598584
0,0271217
0,02064361
-0,02179792
0,03169705
0,01450818
0,00616657
0,008091322
0,03053963
0,008732344
0,02302835
0,006481074
-0,005265195
-0,005738925
0,002605847
0,007193647
-0,0002878785
0,01788814
0,006521504
-0,02024539
-0,005267501
0,01608976
0,03720102
0,02543948
0,01765268
-0,009594793
0,02367154
0,01994129
-0,005372834
0,02989254
0,0128887
0,03595867
0,02411296
-0,01181699
0,01499931
0,03559012
0,00205445
0,00608579
0,02257663
0,008032149
0,01841411
0,01880562
0,0009850396
-0,009939896
-0,01055754
0,02580741
0,01339117
0,01239178
0,02077759
0,01738825
0,019171
0,02786511
0,04390308
0,02966238
0,003481002
-0,02158709
0,03133307
0,04759077
0,003639817
0,01374148
0,02258181
0,03392283
0,0347049
-0,001444234
0,01666844
0,02022632
0,01414513
-0,03135106
-0,0132372
0,004866768
0,0260448
0,02058549
-0,01100647
0,01137359
-0,02718444
-0,01654112
0,01254363
0,01983121
0,02400119
0,004953777
0,009871972
0,01020345
0,01423712
0,008822346
-0,001652287
-0,02369583
-0,008286623
0,01019091
0,002360909
0,02456865
0,02025084
0,03350616
0,03454823
0,005220216
-0,001277639
0,01172058
0,02089904
-0,008940399
-0,02734886
-0,008914414
0,006214206
0,01495971
-0,01292551
-0,003886821
-0,01591407
0,007581298
0,02523549
0,01075709
0,01823614
0,008302548
0,01446663
0,005968894
0,01830617
0,01566986
-0,008824974
-0,02314438
0,01370845
0,01668224
0,001240189
0,005832754
0,0278434
0,02418177
0,03628137
0,03296588
-0,006328287
0,008081203
0,004474184
-0,01650125
-0,005496848
0,01240972
0,01578038
0,02591091
0,003840168
-0,02035598
-0,005135073
0,008777075
0,004107924
0,005411384
0,01916726
0,01477884
0,01822313
0,02219483
0,01749261
0,01027739
-0,0110096
-0,01854463
0,01372893
0,01381899
-0,005647781
-0,01634197
0,01948402
0,03207581
0,02967725
0,0360126
0,01908814
0,03671166
0,01301281
-0,008504841
0,0153251
0,01881742
-0,002733299
0,003241425
-0,009656461
-0,005062896
-0,003793139
-0,002111116
0,009696401
0,02596693
0,01514603
0,001611956
0,00779163
0,01289079
0,01117942
-0,004813917
-0,002727347
0,02339635
0,04478724
0,01703664
-0,001716074
0,02696823
0,002177215
0,04262934
0,03946973
0,04648772
0,03521869
0,02130347
-4,889351E-05
-0,01407696
0,01133429
0,02531504
-0,005331007
-0,002238176
0,007650547
0,02088795
0,002888938
0,006317521
-0,001627265
0,01223889
-0,01248622
-0,00858963
-0,007917642
0,01096639
0,01827384
0,006394736
0,01153206
0,01916948
0,04770856
0,02690644
0,02294231
0,01940108
0,008425442
0,03066889
0,008860582
0,02170704
0,01389641
0,00486983
-0,002732422
-0,009973043
0,01054185
0,02108265
0,009195988
-0,0005883964
0,01302081
0,006407533
0,01397046
0,03433397
0,01497675
0,007570791
-0,01709375
-0,00354321
-0,01050412
0,01312399
0,02252714
-0,0126752
-0,005726424
-0,0128614
0,03295375
0,02688335
0,007036652
0,005807881
0,01656902
0,02965209
0,007888744
0,007105343
0,01078859
0,01083831
0,0003824968
0,0200632
0,01190872
-0,01819485
0,006099524
0,01202941
-0,002839765
0,01546259
-7,625239E-05
-0,01108226
-0,01518991
-0,004748011
-0,003704259
-0,006671319
0,002018439
0,001626069
0,01666998
-0,009648873
-0,01888522
-0,009976195
0,01866239
0,01552616
0,01029798
0,005433322
0,0009584073
0,01625367
0,01427946
0,01831875
0,02095979
0,02647623
0,01477369
0,02097397
0,01872113
-0,007156221
0,01019841
0,018435
-0,0121751
0,005028938
-0,002626806
0,008489471
0,007883694
0,01867664
0,01309884
-0,01005598
0,02132896
0,004603462
0,009884038
-0,009127838
-0,01717244
-0,01203566
0,01441394
-0,007820244
0,03188153
0,03538287
0,03325258
0,01829618
-0,01139012
0,01846246
0,01885461
0,0149678
0,003838487
-0,01132896
-0,007889965
-0,008678482
-0,00847836
0,01005804
-0,007670824
-0,03344938
-0,01007458
0,01132749
0,01088192
0,03084073
0,04060842
0,008221134
0,01388581
0,02031576
0,01586824
-0,01210726
-0,01839679
-0,01893167
1,094631
