0,06291231
-0,00657677
-0,1422963
-0,0286348
-0,1204427
-0,1648379
-0,09547304
-0,05975524
0,03786408
0,1406865
0,1313677
0,1213521
0,1306126
0,0754865
0,08133087
0,07708086
0,04074521
-0,0735288
0,002628176
-0,1249485
-0,1999356
-0,2769702
-0,130877
-0,01774891
-0,1084884
-0,1220565
-0,2894873
-0,2589031
-0,08997484
-0,009423469
0,01825276
0,02839766
-0,05626267
-0,06545357
-0,1954876
-0,08495641
0,004399532
-0,02451474
-0,04384169
0,07867327
0,04317371
0,04606795
-0,01663739
-0,08498023
-0,0393617
-0,0632058
-0,006613617
-0,03985723
-0,1237079
-0,06217965
-0,05721222
-0,1840812
-0,08175717
-0,023553
-0,1200273
-0,003393407
-0,02169892
-0,1129112
0,02761085
0,01454572
0,04226479
0,08374838
-0,0287492
-0,03567977
0,007637728
0,06039511
0,02224186
-0,07011455
-0,02894874
0,01286981
-0,02347676
-0,1582156
-0,176633
-0,2019594
-0,1354904
-0,07715254
0,03665967
0,02371557
-0,06789851
0,01681556
-0,01490537
0,005024678
-0,06243706
-0,097132
-0,08345199
0,008460626
-0,02047976
-0,1227681
0,03308592
0,05997966
0,09321609
0,07632438
0,1140397
0,05261267
0,02069301
0,0453747
0,09029657
-0,04488803
0,00637027
0,01274572
0,1381039
0,01943042
-0,04458618
-0,01202741
-0,04631615
-0,1147861
0,006025579
0,1340925
0,1539984
0,1198071
0,04787502
0,03917977
-0,01847083
-0,02732471
-0,08224286
-0,04697825
0,008841266
-0,09151627
-0,001170581
0,05402832
0,06464721
0,09774495
0,07140953
-0,004622244
0,07486795
0,0749382
0,04960614
0,02784784
0,06893937
0,04760787
0,07094385
0,005339487
0,06469875
0,01330298
-0,03789092
-0,04848312
-0,05672961
0,04256648
0,01045932
0,01734822
-0,02329891
-0,008143162
-0,05113295
-0,07415724
-0,07080122
0,01400901
0,04196734
-0,08266132
0,02917087
0,02309993
0,0890739
0,09487689
0,06330301
0,0075464
0,06172405
0,004794736
0,01908206
0,05314995
0,06773872
0,1993148
0,181312
0,05411243
-0,02626839
0,0479893
0,1854332
0,2453982
0,292895
0,1815597
0,05986201
0,08708737
-0,0006185209
-0,05814403
-0,125808
0,04112552
0,0212881
0,01906095
-0,01671134
-0,07319919
0,01267034
0,01329334
0,08347122
0,03225523
0,1269042
-0,04370688
-0,1670566
-0,135199
-0,03833454
-0,02539613
0,02721462
0,2715279
0,158334
0,03650206
-0,1014669
0,01240235
0,1070464
0,04752688
0,07312158
0,07410724
0,05280244
0,02674699
0,02994197
-0,08571491
-0,1099987
-0,08037689
-0,1133486
-0,1159289
-0,02543852
-0,03916533
0,006559437
-0,009060093
0,01789741
0,03811826
0,1620396
0,01523601
-0,03817131
-0,03695177
0,04199766
0,142558
0,09146167
0,1205645
0,01138649
-0,06309136
-0,1789795
-0,1099697
0,03078919
0,09767536
-0,01600053
0,03246085
-0,07055259
-0,03909692
-0,01309263
0,075386
0,03113854
0,06798472
0,08104812
0,00891624
0,04969016
0,08518767
0,03088425
0,01575289
-0,06585346
0,09670466
0,1609174
0,05190844
0,03617495
0,1355282
0,1356088
0,2040591
0,2069101
0,1341227
-6,78274E-05
-0,2135404
-0,2847711
-0,1547486
0,03265445
0,07728311
-0,04007062
0,1425494
0,02053318
0,09707103
0,05070608
0,06879634
-0,008599405
0,07564145
0,1451729
0,1080981
0,04794802
0,05814431
0,04702988
0,03729225
-0,08321339
0,07709646
0,1838709
0,008396288
0,0594331
0,08992001
0,1032071
0,1396931
0,1304127
0,1663947
0,08687942
-0,289625
-0,23061
-0,09166736
0,08296577
0,07522904
0,01235089
0,04319493
0,04468547
0,0322769
-0,05529868
0,05270109
0,07243458
0,2092936
0,1166804
0,06668054
0,05039338
0,00613259
0,09956425
0,03737334
0,07394303
0,0174193
0,14371
0,1513795
0,05257454
-0,01196424
-0,04821114
0,01662563
-0,09356192
-0,08338188
-0,04849461
-0,1209721
-0,02749747
-0,05111714
0,07698262
-0,02800092
-0,1037677
-0,00203904
-0,03409114
-0,07778218
-0,1278808
-0,02518885
-0,0007799529
0,03282882
-0,03852323
-0,06269841
-0,02811953
-0,0727235
0,0395827
0,005602281
0,03306876
0,01488349
0,1107913
0,1153472
-0,06702915
-0,07793348
-0,09407236
-0,07406329
-0,04540063
-0,03682257
0,03980467
0,03980004
0,05686683
0,05692681
0,2257579
0,1018527
-0,01048123
-0,09956276
-0,1040039
-0,0006884966
-0,092007
-0,07652035
-0,01118343
0,03692392
0,006442674
-0,0715309
0,03667839
0,0406476
0,06402153
0,004046758
-0,03272451
0,07740659
0,1375006
0,1104565
0,0169435
0,0111345
0,03396749
0,01277077
0,0252441
0,007961986
0,1604443
0,1219451
0,06416865
-0,08631614
0,02515764
-0,07871186
-0,07640411
-0,008455537
0,1143
-0,0309601
-0,1130698
-0,0896931
-0,008961869
-0,009764255
0,02118824
0,01937707
0,1171144
0,07273383
0,08032412
0,09277456
-0,01291396
0,1480169
0,2229474
0,1356861
0,03680241
-0,0419023
-0,09164732
-0,1466589
-0,006040586
0,07157676
0,1337277
0,07810617
0,1520588
0,05776187
-0,0006479553
-0,137547
-0,189671
0,01630879
0,1146948
0,01823092
0,01671757
-0,1173464
0,02517986
0,02001102
-0,05290023
-0,05330444
0,01849231
-0,07922017
-0,01473856
0,06362419
0,06776124
0,05973496
0,1485673
0,1375121
0,03178484
-0,009073829
-0,08864941
-0,09809008
-0,04959543
0,08852997
0,02321865
0,03877232
0,05456592
-0,04680996
-0,03712543
-0,02847743
-0,03696319
0,09366803
0,07456058
-0,03882054
-0,03360295
0,1147839
0,2452841
0,02443431
-0,007899073
-0,07456645
0,02580432
-0,01599825
-0,02603373
0,06404269
0,1664274
0,04768076
0,09048042
-0,01233882
-0,1006794
-0,009633788
-0,06033379
-0,06907178
0,06760626
0,06559102
0,06302842
0,03809849
-0,05216627
-0,01763723
-0,01795684
-0,01729579
-0,03654552
0,0327816
-0,0679548
-0,04107987
-0,1210564
-0,07343899
0,2745742
0,2793514
0,1742706
0,02228573
-0,02601874
-0,09971382
-0,1254928
-0,01000277
0,1246136
0,1144185
0,003058088
-0,07686899
-0,0203568
0,004908906
0,04313845
0,09572577
0,1669576
-0,06378478
0,01147155
-0,03052881
-0,07120682
0,0278476
-0,02123215
-0,06563836
-0,04372737
0,01830585
0,003656155
0,01802423
0,02091662
0,08966484
0,1909557
0,06788242
0,07827297
-0,07439371
-0,02190295
-0,05268794
-0,07302762
0,06251553
0,07934374
0,05113611
-0,08360909
-0,0730243
0,00973961
0,01471032
0,02897235
0,06463802
0,0547574
-0,008121452
0,06645555
0,02072644
0,01389041
0,05635189
-0,02837502
-0,01939858
-0,04151852
-0,02201477
0,0635798
0,05076568
-0,118326
-0,02740191
0,07507815
0,02642773
0,03534069
-0,1002203
-0,07467601
-0,1072206
-0,1140296
0,0157483
0,1546665
0,07865688
-0,008259308
0,02468586
0,02427654
-0,01267144
0,08997636
0,1460496
0,1484822
0,1010408
0,04644471
-0,06614468
0,02864083
0,1982236
0,05188086
-0,01664793
-0,03437023
0,03355705
0,04768873
0,001469735
0,06078956
0,09908276
0,09049295
0,01074151
0,05773702
0,08463017
-0,1096033
-0,09992109
-0,1278681
-0,04042798
0,04034236
-0,007475215
0,04979822
0,1149717
0,01535262
-0,07275381
0,05139044
0,06528111
-0,02104713
-0,0686748
-0,001424495
-0,07558154
-0,1014263
-0,01731986
0,02425509
-0,09740803
-0,108869
-0,1174441
-0,113762
-0,0968039
-0,0266281
0,01727918
0,09691593
0,07867002
0,1635197
0,009846098
-0,07620271
0,0406291
-0,01138876
0,03410484
1,010866
