0,02081753
0,1895943
0,04760071
-0,09611367
-0,08446169
-0,1970391
-0,250004
-0,1196417
-0,3052073
-0,2693576
-0,3241364
-0,3805831
-0,4357542
-0,3285853
-0,2643387
-0,06565433
0,005890036
0,2012892
0,1143983
0,1824768
0,08352494
0,3205439
-0,07599024
-0,03573093
0,2357472
0,2662478
0,3012058
0,004890515
-0,2432642
-0,06720997
-0,04565415
-0,1759145
-0,2711087
-0,3672275
0,08843648
-0,04585543
-0,0351553
0,4018413
0,07808898
0,04746668
-0,007907991
0,32225
0,1188087
0,1090038
-0,2588049
-0,09491213
-0,1867841
0,01444786
-0,0259307
-0,2132205
-0,07078684
0,1014155
-0,07974857
-0,0339709
0,0530658
-0,06216929
-0,06344718
-0,04591901
-0,0294341
0,04837901
0,05703147
-0,08300087
-0,2097262
-0,4590675
-0,3078468
-0,4364302
-0,1246664
-0,1056608
-0,1792508
-0,1143323
0,0601363
0,02606778
-0,1975809
0,02247002
0,1677224
-0,1736072
-0,2210229
0,1158097
0,1338664
-0,1936149
-0,1149081
-0,1337081
-0,08195083
0,1354787
0,07614638
0,02973252
-0,05005194
0,0533506
0,1308175
0,03867028
0,02813072
-0,07103926
-0,3324019
-0,4805717
-0,4026619
-0,4135222
-0,1428484
-0,2760773
-0,2995012
-0,206306
-0,09651939
-0,3161485
-0,2182291
-0,01911004
0,1078328
-0,1380249
-0,109222
-0,0444658
-0,07399637
-0,03819874
0,145503
0,2159288
-0,07936469
0,03961218
0,2620112
0,183041
-0,06735935
-0,07718324
0,1340343
0,1321948
0,02711304
-0,1795622
-0,5066543
-0,3324376
-0,05201838
0,03851093
0,3136467
0,04714618
0,162136
0,09354185
0,02945683
-0,2181589
0,08062109
0,376895
0,4200514
0,07817289
0,0114255
-0,05665036
0,1664599
0,2889794
0,0911558
0,4247778
0,2495206
0,3607134
0,2219547
-0,004633892
0,02347832
-0,03691622
0,1252173
0,1570732
-0,1240901
-0,1272539
-0,1994806
0,06369288
0,4985626
0,374748
0,5986996
0,1268812
0,101191
0,1100465
0,1756226
0,1633515
0,1234573
0,2887327
0,1922745
0,169774
0,1388059
-0,03788588
-0,106408
0,3299202
0,04016872
-0,03025222
0,2531498
0,1765023
-0,2042842
-0,1195017
-0,1856136
-0,2445792
0,2172052
0,09398318
-0,04379889
-0,1186082
-0,07479151
0,1913424
0,2590151
0,2711717
0,2108943
-0,1936541
-0,005021498
0,001559547
-0,1261228
-0,241805
-0,1304405
0,03033793
-0,06727283
-0,3849421
-0,1649573
-0,1597456
-0,1037149
0,1332619
-0,08539125
-0,04765276
0,2949719
0,2596579
-0,1599367
-0,1768335
0,2238509
-0,01300012
0,1687174
0,1061574
-0,1027404
-0,01202655
0,279945
0,01437093
0,1351611
0,09953947
-0,2550457
-0,5591199
-0,3059845
0,01813971
0,162236
0,03881831
-0,3271369
-0,0136891
0,2797872
-0,1085678
-0,2488823
0,04925544
0,04185711
0,1628602
0,2582216
0,1492098
-0,0008471953
-0,2904226
-0,162446
0,05721637
0,2294671
-0,01152838
0,01759877
0,1081617
-0,04660006
-0,05666293
0,2026784
0,1113332
0,43621
0,05877147
0,02004832
-0,1581088
-0,08102503
0,2057194
0,3217801
0,2380086
0,007962854
0,01094883
0,4664242
0,3464192
0,07053304
0,1265855
0,03084053
-0,08521082
-0,2282556
-0,2669444
-0,1614212
-0,2446064
-0,260101
-0,02296566
0,2568147
0,005470091
-0,07110737
0,1773809
-0,084795
0,04203505
0,1470799
0,02559498
0,2383276
0,07766999
0,2775687
0,0433462
-0,01249124
0,1948537
0,03484386
-0,07089082
-0,2442021
-0,00987123
0,2974805
0,1703158
0,237532
-0,07251357
0,02272941
-0,1457758
-0,2563357
0,001408979
0,0006249064
-0,1463843
-0,08860505
0,1721051
0,2826954
0,2947916
0,1757016
0,1417868
-0,06645982
-0,1842625
0,2514454
-0,1702178
0,0003957235
0,07807163
-0,1936044
-0,3106932
-0,2665454
-0,07633433
-0,1344096
0,09549177
-0,07529694
-0,01143464
0,2511988
0,1820451
0,06763986
-0,2884754
-0,3604647
-0,3721798
0,0231014
-0,1389421
0,01625033
-0,222826
0,05124281
0,07272248
0,2034772
0,3186156
0,05555626
0,05079091
-0,0674249
0,06247021
0,06086598
-0,3027822
0,1115884
0,1636765
-0,005033908
-0,05845851
-0,2293912
0,203008
-0,1042474
0,1218906
0,1369582
-0,03236983
0,1907141
-0,02260322
-0,1261167
-0,3261552
-0,3567493
-0,1021977
0,05298742
-0,2668297
-0,02552369
0,01415332
-0,006170663
0,009558231
0,1692906
0,09980904
-0,005419346
0,1836342
0,03771138
0,06105321
0,08844812
-0,1838979
0,05060622
0,3016135
-0,05851283
-0,3031902
-0,4205947
0,1466508
-0,02098042
0,04960713
0,1449337
0,2138137
-0,01260867
0,03535036
0,04481313
0,0844281
-0,2098943
-0,209865
-0,160697
-0,0589806
-0,08952706
0,09209732
-0,278239
-0,03983187
-0,1459144
-0,242404
-0,05932157
0,1451645
0,1999076
-0,1091688
0,1024568
-0,01766879
0,2392896
0,5414424
0,2609617
-0,04737322
-0,2330218
-0,03355856
0,1926507
0,3452966
0,3592668
0,1503663
0,03953506
0,3936239
0,5869499
0,3475517
0,09431433
-0,193647
-0,03218432
0,09937155
0,1885159
0,1343261
0,2437188
0,1932956
0,111008
-0,09298863
-0,05611459
0,03825661
0,08533188
-0,07776442
-0,01991143
-0,09474902
0,07985801
0,4354117
0,2731325
0,02592239
-0,01422282
0,1481882
0,1854268
0,1235024
0,2485976
-0,0498736
-0,1181644
0,3774472
0,2191505
0,03436683
-0,1458039
-0,03157668
0,115945
0,0960626
0,1976252
0,205579
0,1510188
-0,04941152
-0,1736859
-0,1695518
-0,009586519
-0,001099691
0,09462129
0,1127039
0,05234993
-0,06675837
0,1147445
0,2143975
-0,01168976
-0,2037804
-0,0005714952
-0,01918272
0,04153234
-0,0009001437
0,06573462
-0,1272549
-0,2413279
-0,2036794
0,04315335
0,135092
0,290497
-0,1126876
-0,2519015
0,01517359
0,1810796
0,41506
-0,1398011
-0,2340811
-0,1075933
-0,07356607
0,09371079
0,04174215
-0,05212815
0,1381639
-0,04624214
-0,04317775
0,309756
-0,02919261
-0,01499715
0,04436858
-0,03355133
-0,147346
0,05458098
0,2354181
-0,06038459
0,03600221
0,2631452
-0,08907247
0,234493
0,2767814
0,1835057
0,02731298
0,0240689
-0,07688265
0,3048257
0,2774054
0,039205
-0,1537433
-0,1293752
0,2352874
0,2803105
-0,01099552
-0,00491638
0,03958979
-0,06449552
-0,1505504
-0,01020639
-0,06692436
-0,1208639
-0,02406842
-0,02525335
-0,1917455
-0,1280486
0,1411043
0,1530824
0,07985959
-0,0662589
-0,06629524
0,03065548
-0,06259333
-0,2019819
-0,1297048
-0,06838894
0,03004718
-0,02321382
0,2330681
0,3891921
-0,04410325
-0,1727144
0,1474128
0,2270092
0,09570972
0,121306
0,02315734
-0,02962208
0,2316128
0,1877984
0,06069281
-0,04623605
-0,09420045
-0,1047442
-0,06939781
-0,07416214
-0,1148828
0,4556082
-0,02311176
0,0742979
-0,006545307
-0,07086875
-0,2137786
-0,03616593
-0,09229945
0,003977116
0,09425999
-0,09797803
0,03531751
0,1158131
-0,1812224
0,2193243
0,09209873
-0,03014614
0,1690461
0,04712887
-0,01735871
-0,1015034
-0,08173954
-0,1593129
-0,07236464
-0,3007391
-0,08750208
-0,2164551
-0,4025765
-0,1319402
-0,002744058
0,2420874
0,05066172
0,06159371
0,1018709
0,148773
0,008863655
0,0530866
-0,07793837
-0,1439709
0,08015278
-0,08256961
0,1491847
0,2904307
0,2181986
0,2220859
0,0386415
0,09139085
0,1614413
0,892049
