0,03704005
0,02021425
-0,02948237
-0,01413469
0,03042313
0,01187056
-0,06398323
-0,05021033
0,005614612
0,04694383
-0,00160014
-0,005690235
-0,0219406
0,006209225
0,02382356
-0,005065585
0,02198304
-0,05012614
-0,007897067
0,03108462
-0,005071441
-0,09501895
0,03210345
0,04343086
0,03598921
-0,02328687
0,003159516
0,01760398
0,01852373
0,005312423
0,05230035
0,03180108
-0,005584596
-0,0283355
-0,03064905
-0,03354893
-0,0707348
-0,008265085
-0,01692797
0,05121694
0,003727172
0,0181912
0,005672952
0,01503535
0,03506043
-0,006515029
-0,0268497
-0,02703892
-0,01747399
-0,02575428
-0,002878833
-0,04109626
0,02323696
-5,440649E-05
-0,01942434
-0,02930162
0,008750378
0,03487997
0,0390386
-0,02974971
0,02635542
0,03304946
-0,003740849
-0,061899
0,03569129
0,0238448
-0,01280729
0,03272736
-0,002824632
0,03145535
0,0241721
-0,02375945
0,009478565
-0,0009236623
-0,01050766
-0,004843085
-0,02488983
0,05402054
0,01376205
-0,006322192
-0,02069306
-0,007973321
-0,01903146
0,01629575
-0,01639331
-0,04097199
0,002196798
0,03205241
0,06278467
-0,01349965
0,009589749
0,03961597
0,04693405
-0,01150899
-0,02132982
-0,02738147
-0,003477987
0,02801455
-0,0009347665
0,06505665
0,03969917
0,0340404
0,03381502
-0,03163194
-0,02045361
0,02727124
-0,01779951
0,03618449
0,02329692
0,04851524
-0,001404915
-0,00897204
-0,005773561
-0,06278793
-0,03375217
-0,0132845
0,01493674
0,07020943
0,06882984
0,001945639
0,01777612
0,02084015
-0,01722912
-0,01556004
0,02192734
-0,005817534
-0,05252509
-0,005872811
0,01029496
0,0361576
-0,03292871
0,01432923
0,03005341
0,006156209
0,02049106
-0,02797544
-0,006541055
0,02499117
0,07122862
0,0360298
-0,008067201
0,09666644
0,03425153
-0,007056959
0,01433336
-0,04312509
0,01707671
0,01160779
-0,02074458
0,01058792
0,02593862
-0,0314066
0,01114597
-0,002571386
-0,01102278
-0,03220248
-0,02953262
-0,01101643
-0,06183517
-0,01582463
0,02239333
0,02164275
0,06777079
0,0160295
0,007925328
0,03268834
0,02580032
-0,01987436
-0,001824633
0,004703891
0,03915209
0,0562437
0,005076519
-0,003094339
0,0295071
-0,03231814
0,04704219
0,0527035
0,005003973
0,06208026
0,02485141
-0,05256096
-0,006960085
-0,02421401
-0,03871459
-0,04730683
-0,01254655
0,01200186
-0,0345815
-0,01369262
0,01274725
0,03957096
0,02266174
0,01397491
0,03354014
0,05493453
-0,06437918
-0,04147719
-0,0346313
-0,04695146
0,00351639
-0,0005315169
0,05030635
0,05666801
-0,004042389
-0,02397721
0,05452135
0,04495775
0,01342426
0,03052558
0,01487556
-0,02840058
-0,01761673
-0,05858411
-0,04366824
-0,03742646
-0,02313876
-0,0003384862
-0,001370166
-0,01529581
0,01726858
0,04315459
0,03007654
-0,01529837
0,01011121
0,1072426
0,02514658
-0,002213476
0,05631361
0,04472739
0,02871649
0,03198405
0,05837483
0,01563168
0,009482605
-0,02919039
0,0183234
0,06112782
0,008088982
0,02386549
0,01827053
-0,03565713
0,0257395
-0,01641025
0,006282753
0,01078997
-0,007529208
0,05162852
0,0538421
0,03405349
0,05184703
0,08112305
0,01548895
0,009771023
0,03031478
0,08442368
0,09902702
0,05925056
0,005957752
-0,0330514
-0,005853675
0,03581829
0,04370691
0,02140979
0,0152284
-0,07509127
-0,034918
0,06451526
0,04889004
0,04198503
0,005976715
-0,02884771
0,03286825
-0,01276769
-0,06644871
-0,004566295
0,02606988
0,04118499
0,0584895
0,0524131
0,02085026
0,04355688
0,02998454
-0,002760743
0,001074619
0,05185578
0,1605354
0,01752043
-0,003763598
-0,01980721
0,02122378
0,09597952
0,04170367
0,02953715
-0,008137267
-0,07471828
-0,004676787
0,1058216
0,07779627
0,03961494
-0,001041255
0,008834725
0,04728255
0,008536089
-0,003914902
0,03898247
0,005127779
0,01166216
-0,02936128
0,007054693
0,04643249
-0,041424
-0,007580364
-0,002769109
-0,007987817
0,01203426
0,08499856
0,02519589
0,08989722
-0,0007099512
0,1043611
0,0527933
-0,007143857
0,03429876
0,0164675
-0,03551774
0,002517123
0,0587477
0,08501007
0,04167299
0,0418197
-0,04305583
0,01215515
0,01365172
0,01945885
0,07524838
0,04447763
0,008068326
-0,01761923
0,06075365
0,05845146
0,0209662
-0,00630411
0,02024253
-0,002028019
-0,01683953
0,02518446
0,02663648
0,03499359
-0,01620888
0,06964282
-0,007436485
0,01679345
0,1537392
0,09722861
-0,03375235
-0,03012558
0,06853611
0,1022673
0,0458918
0,07126056
0,005240859
0,04281488
-0,0003949167
-0,02509893
0,09685122
0,07275287
-0,01338216
0,001501311
0,01988583
-0,02717178
0,03959755
0,04266811
0,07718749
0,09495624
0,02582384
0,05655763
0,01707709
0,0687671
0,07443977
0,04822561
0,0001408946
0,05312994
0,09089009
0,06215674
-0,03256985
-0,02772579
0,02496355
0,05109357
0,01921549
0,004597912
-0,01702023
-0,02736375
0,02521561
-0,03509337
0,04788404
0,06544258
0,02505004
-0,002877679
0,01809303
-0,003550491
0,01874321
0,006304205
0,0180918
0,09394012
0,06167781
0,01113138
0,05134609
0,119266
0,08465119
0,04942979
-0,03056709
0,005393326
0,07053649
0,06574357
-0,04724929
-0,05469764
0,01454237
0,07006327
0,004948092
0,03412311
-0,02937623
-0,01442507
0,03724532
0,05170952
0,05265556
0,01740125
0,006032704
0,02395928
0,04693523
-0,004548213
-0,02125317
0,04712317
0,07073317
0,07196967
0,04534335
0,003227883
0,04446381
0,05025299
0,07428131
0,07897935
-0,0005057564
0,02575625
0,04061733
0,05537672
-0,05306132
-0,02177732
0,005950053
0,04881923
-0,006714687
0,003467394
-0,01673012
0,01243122
0,03938759
-0,01392905
0,05863416
0,02344346
0,02199925
-0,01152254
-0,03003656
-0,005470451
0,0626762
0,06128761
0,04347831
0,0287278
-0,003859019
0,03446836
0,00406775
0,05380932
-0,0003030039
-0,003848181
0,02182964
0,009574022
0,06589948
0,02427223
-0,04913394
-0,009528807
0,01653509
-0,006765545
-0,04178522
-0,03205162
-0,01560777
0,03906457
-0,002037126
-0,01747664
0,002238829
0,01506813
0,02622174
0,02285003
-0,01904915
0,03861773
0,04707314
0,03927302
0,06416609
-0,001320348
-0,04067497
-0,02732899
0,003357508
0,04242746
0,03794435
-0,0173931
-0,006366667
0,04516756
0,01824625
0,02954804
-0,05636052
-0,007087488
0,02618275
0,04421674
-0,02886873
-0,0557617
-0,04635536
0,02519777
0,01087592
-0,02895008
-0,03592645
-0,05458604
-0,04912188
0,003347976
-0,01056652
0,05214369
0,01747462
0,02925682
0,01664769
-0,03821524
-0,06829046
-0,06807107
0,009516691
0,01321525
0,07838767
0,001856801
0,09563471
0,06319474
-0,002025226
-0,01596879
-0,04691518
-0,0404623
-0,03932614
0,01080294
0,003961129
0,01912442
-0,03566558
-0,01990721
-0,02004182
0,01834885
0,01039632
-0,0726658
-0,0615527
-0,06634863
-0,09646378
0,01066034
-0,01418378
0,00601023
0,001340962
-0,001306354
0,02482115
0,007391924
0,02820925
0,05696086
0,09989467
0,01587311
0,01342863
-0,007482461
-0,00898011
0,02655269
0,02838164
0,02749482
0,01727533
-0,01089865
0,02223502
-0,01519206
-0,04210091
-0,004052667
-0,04183781
-0,02814161
-0,02511376
-0,03982642
0,0144611
-0,03586846
-0,01369504
0,003195334
-0,05236467
0,0207606
0,04990236
0,005186855
-0,008402616
0,03568525
0,04485118
0,08743148
0,02907481
-0,01674966
-0,01235244
-0,002238366
-0,01761601
-0,008981677
0,003074876
-0,04237591
-0,0196306
-0,002340992
0,004866413
1,008693
