0,08923292
0,01848731
0,03439127
-0,01935555
0,1547421
0,07205608
0,1000699
0,1714581
0,2636458
0,1077662
0,04605051
-0,05017349
-0,1094978
-0,08304018
-0,1007835
-0,05686125
-0,0114624
-0,07457209
-0,03105821
-0,1662274
-0,0241783
-0,04369939
0,0008808931
0,1484747
0,06713554
-0,02104339
-0,2227097
-0,1111124
-0,03485985
0,09394731
0,04875458
0,1553948
0,1098273
-0,01603415
-0,01158291
-0,1209414
-0,186263
-0,1486237
-0,1160004
-0,02523619
0,01720416
-0,08098955
0,005018587
-0,06368238
-0,0382931
-0,003722381
-0,03694599
0,02411122
-0,03763273
-0,05321749
-0,05172767
-0,2070022
-0,08588466
0,06660888
0,1650099
-0,0135509
-0,1209183
-0,02798868
0,04054186
0,01817566
0,04107592
-0,003954075
0,02600952
-0,02601394
-0,06134299
0,005689903
-0,1602471
-0,1752393
0,05028551
0,06023089
0,002252411
-0,2120014
-0,1702023
-0,1182793
-0,05685203
0,1439491
0,1837685
0,08284549
0,03033601
-0,002136489
-0,06650557
-0,07294779
-0,005953228
0,1236091
0,1396476
0,04463591
-0,02298685
-0,03213688
0,05940107
-0,01285629
0,1859707
0,02434192
0,2254009
0,159358
-0,1055303
0,01295352
-0,02762193
-0,07898697
0,006093378
0,1484737
-0,01551523
-0,08841292
-0,1477569
-0,08188648
-0,1308698
-0,01040667
0,1734532
0,167588
0,2168748
0,1137151
-0,05571779
-0,01860756
-0,04410624
0,002499253
0,06715055
-0,08995218
-0,1035077
-0,1068379
-0,01418385
-0,004867165
0,137348
0,07201114
0,1114023
0,1205155
0,04815546
-0,04188102
-0,1639399
-0,1810718
-0,1045242
0,1268496
-0,1102915
-0,08859134
-0,09176117
-0,1657316
-0,1063872
-0,03248207
0,06502005
0,05751942
0,01325491
0,05606986
-0,02707767
-0,1025886
-0,1326741
-0,0462031
-0,1099771
-0,2432827
-0,1755751
-0,1459647
-0,06822788
-0,005457813
0,1703907
0,09515488
0,07669572
-0,01245798
0,1296616
0,2342785
-0,02274495
-0,06149282
0,002039277
0,1550335
0,154236
-0,02693051
-0,1444132
-0,1252862
-0,05370015
0,2232792
0,3695681
0,156793
-0,03882787
-0,1023038
-0,05109965
-0,06430335
0,09391729
0,1989314
-0,05350956
-0,07504384
-0,04322191
0,02323579
0,01894347
-0,008323387
0,1501712
0,08695389
0,1031227
0,01920025
0,01899026
0,1506415
-0,01167054
-0,09504482
0,06637468
0,2494935
0,1616958
0,1237606
-0,0634908
-0,05197828
0,03921358
0,2020762
0,2352734
0,05924879
-0,103456
-0,06237703
-0,04275228
0,03366407
0,1004605
0,2553262
-0,01324969
-0,08063495
0,004506807
0,02057488
0,08664298
-0,04393281
-0,06904817
-0,02944427
-0,06097887
-0,08820926
0,01249437
0,1647932
0,1150798
0,02539579
0,1102381
0,1353169
0,1612999
0,02405109
-0,07210866
-0,0007414915
0,009286881
0,06219473
-0,009242885
0,002529036
-0,07796133
-0,08586892
0,06981061
0,09162377
0,03914398
0,225204
0,1316664
0,1516493
0,07155553
0,1162183
0,08279723
-0,05033816
-0,03941357
0,08908368
-0,02732792
0,04778246
0,1905325
0,1329368
-0,05931773
-0,0791809
-0,02743119
-0,003753223
-0,1680042
-0,08759695
-0,1584063
-0,1389943
-0,1007505
-0,09945377
-0,0144198
0,1008805
0,1461823
0,1613502
0,06277759
0,1670181
0,04939048
0,1705541
0,009686518
0,04232558
0,1257697
0,06405098
-0,001927792
-0,08462574
-0,1230503
0,06243861
0,09865215
0,06954846
0,05402124
0,1979504
-0,05202485
-0,0354756
-0,02045664
0,07271747
-0,1029581
-0,1368105
-0,1636944
-0,003134081
-0,007410139
0,05908529
0,1602044
0,1845661
0,2465232
0,273677
-0,01186261
0,08800015
0,08223453
0,0531765
-0,06334153
-0,009662453
0,117519
-0,03188355
-0,1060828
-0,1609238
-0,1622847
-0,07238925
0,1153247
0,05864231
0,03267389
0,05269759
-0,154909
-0,06297468
-0,0437609
0,09409095
-0,001918459
0,02997115
-0,03090125
-0,0477617
-0,06112846
0,02512558
0,04860884
0,06292187
0,2171587
0,28543
0,01802196
-0,1099378
0,04257495
0,1434484
-0,05773298
-0,06596775
0,01267281
-0,07618436
-0,1284357
-0,1190963
-0,08612684
-0,05654399
0,2006111
0,1596614
0,02337687
-0,01992246
-0,1462933
-0,07843362
0,1254005
0,1711816
0,006132857
-0,01407851
-0,00215329
-0,09305293
0,03026105
0,05156587
0,002630959
-0,126501
-0,05818906
0,06654526
0,08230561
0,002823719
0,004480352
0,02763948
-0,114922
-0,1076344
0,03717795
-0,05984631
-0,1044251
-0,1123512
-0,1228919
-0,09611911
0,07337219
0,07749882
0,02186612
0,06494329
0,008424665
0,1094876
0,02552176
0,02798148
0,1965534
0,2719918
0,1764911
0,04509773
0,04329143
0,0202401
0,04589654
-0,1896335
-0,04517669
-0,03967683
0,03192523
0,1390458
0,183678
0,0721069
0,1095834
0,08112888
0,03742528
-0,1080707
-0,1052105
-0,06323988
-0,04024756
0,04970595
0,1072898
0,09996378
-0,002281017
-0,07451577
-0,1323877
-0,0670305
-0,02872893
-0,04480648
0,05875533
0,1306698
0,05905773
-0,1694073
-0,1435549
-0,07742563
-0,1292081
-0,09141967
-0,06998823
-0,2016599
-0,1475074
-0,09627575
0,04989941
0,2260347
0,0594671
0,04764267
-0,08937274
-0,1531295
-0,09905884
-0,05880446
-0,0597716
0,03507144
0,05099772
0,04078311
0,03965228
-0,09177802
-0,08225376
-0,03894449
-0,05271111
-0,05917825
-0,1403863
-0,1210084
-0,09373154
-0,2160625
-0,1260619
0,01625572
-0,04743904
0,02028228
-0,02277261
-0,09682579
-0,1023988
-0,04030546
0,06397489
0,3755269
0,1133219
-0,04672196
0,07418687
-0,0587397
-0,002447782
0,04832681
-0,1451845
-0,108346
-0,03780942
-0,03067847
-0,07334336
-0,09765225
0,003281005
0,08435801
0,111938
0,02601927
-0,08198287
-0,08049811
-0,02301904
-0,1893114
-0,1080436
0,0377056
0,03146146
0,09793714
0,04801971
0,06329255
0,0605338
0,007791346
0,1577031
0,1008258
-0,005901367
0,05825964
0,2367854
0,02762998
0,004504649
0,02680144
-0,06308891
0,01663019
0,02621714
0,01703115
-0,1595013
-0,0445267
0,1062721
0,2362194
0,1964661
0,0701851
0,04313843
0,1131074
0,2061269
0,0819869
0,06722994
0,05426949
0,05315761
0,0561158
-0,03858164
0,002035287
0,1680751
0,2359464
0,2000766
0,0635581
0,03682446
-0,05546441
-0,02595922
-0,009037863
0,004585469
0,00428626
0,1148832
0,02872182
-0,04912455
0,01114338
-0,07000529
-0,007461383
0,04229308
0,207829
0,1799825
0,08785086
0,1032691
0,05746934
0,07195422
0,1357465
0,1148311
-0,07814935
-0,230106
-0,08826636
-0,07352994
-0,1016621
-0,1444007
0,1324928
0,2348031
0,05556102
0,01890805
-0,04533893
-0,06663463
-0,08565385
-0,02327213
0,02424699
0,2990238
0,1154217
0,0535835
0,1071756
0,1080082
0,1053041
-0,003402894
0,2103002
0,1298742
-0,01597499
0,06774893
0,05392491
0,06272781
0,1463933
0,1051392
0,1755918
0,06605476
-0,03245862
-0,05955306
-0,05075533
0,03875459
0,1647223
0,1013383
0,1121131
-0,1091924
0,07448538
-0,01287121
-0,07746799
-0,0763123
-0,01800571
0,1204525
0,04143575
0,03889384
0,06102696
0,03460267
0,1061076
0,1142982
-0,03100855
-0,1687281
-0,2285258
-0,1950943
-0,1280473
-0,1266583
-0,07078443
-0,05430299
0,03868959
0,02151569
-0,02806879
-0,1485534
-0,1691428
0,03364011
-0,03068535
0,06622067
0,1502095
-0,04098424
0,1319334
0,01896148
-0,005975123
-0,04114345
0,03413203
1,042397
