0,173411
0,01986469
-0,06427427
-0,1962248
0,1385491
0,1807686
0,2147153
0,02788375
-0,2660386
-0,3127346
-0,2515483
-0,4230547
-0,252489
-0,2355343
-0,3502339
-0,3656899
-0,3490643
-0,2938724
-0,3168637
-0,3076364
0,007924628
0,2451124
0,2342712
0,2505573
-0,04085446
0,1918343
0,3696701
0,01970562
-0,09027491
-0,07600973
-0,09128012
-0,06025945
0,1322858
0,01249115
0,2496929
0,07263087
0,1443578
0,153242
0,02458387
-0,00320956
-0,03269034
-0,05056576
-0,1244828
-0,3088359
-0,2305364
-0,2613335
-0,386345
-0,3194651
-0,176579
-0,0771115
0,3260126
0,2203459
0,04073514
0,1269065
0,1953023
0,170667
0,08287323
0,004178242
0,0447426
-0,04884653
-0,08165288
0,04194769
0,07791746
-0,1059271
-0,02392989
-0,1883762
-0,1477197
0,01451062
0,06159569
0,09234587
-0,2171037
-0,2440035
-0,1407811
-0,1226042
-0,06020129
-0,1890135
-0,2205674
-0,1015025
0,004552902
-0,1086545
0,0314642
-0,09191618
0,09458616
0,3564376
0,1155442
-0,2544295
-0,05716465
0,09885682
0,1062207
-0,05875029
-0,1069271
-0,2163451
-0,06686874
-0,007051242
-0,06836984
-0,0459564
-0,09160155
0,0913747
0,1829058
0,04659408
0,01227642
-0,015534
-0,0479665
-0,01321666
-0,09107994
-0,1896425
-0,1472639
-0,03129615
-0,00814643
-0,1981823
0,07333398
0,08584801
-0,02935076
0,1654312
-0,01230037
-0,05601558
-0,03453204
0,03816676
0,1218704
-0,0002119489
-0,09140729
-0,1064216
0,06118154
0,3549308
0,2098382
0,05902357
0,1570086
0,120866
0,06647827
-0,01154327
0,1366071
0,01982205
0,1230284
-0,05960633
-0,1715773
-0,04126007
0,02453076
0,134516
0,01236918
-0,1923664
-0,06062109
0,003953385
-0,01982672
-0,09070857
-0,2325356
-0,1181557
-0,009349732
0,1005089
0,05013465
-9,142658E-05
-0,08137834
0,1684196
0,08291242
0,1320231
-0,01007488
0,08805584
-0,03396058
0,07814875
0,02204135
0,03372255
-0,04246197
0,1533633
0,1173116
0,06110841
0,06115453
0,1872018
-0,02956687
0,04486796
0,1436751
0,08176889
0,04594129
-0,2160802
-0,1205661
-0,05867383
-0,02281852
-0,1250916
0,01332807
0,08302252
0,1132537
0,02311967
-0,096708
0,002870057
0,08087557
0,1407291
-0,07838952
0,05959864
-0,06295747
-0,01095302
0,044756
-0,1343521
0,00696663
-0,05516713
-0,07409246
0,05638254
0,02740604
0,004294779
0,01920599
-0,1840567
-0,05712515
-0,03166607
-0,1772269
-0,2453682
-0,1452359
-0,302595
-0,1380756
0,03125576
0,07351184
0,04984647
0,1565553
-0,0245485
-0,07804666
-0,04013313
0,05614831
0,03487669
-0,06120318
-0,01286788
0,0001421307
0,02412623
-0,0473021
-0,08059602
-0,08767018
-0,0736139
0,03763941
0,08582547
-0,1740181
-0,05934498
0,0138416
-0,1123259
-0,2669189
-0,03897854
0,06359553
0,02587764
0,1515512
0,09812121
0,009070018
-0,07528213
-0,0322507
0,01578722
0,139511
0,05771181
-0,1303509
-0,1408202
-0,07961108
-0,136762
-0,08439848
-0,1909568
-0,1176645
-0,04379207
-0,1290541
-0,1919203
-0,08813199
-0,09643411
-0,09326977
-0,2201573
-0,1239443
-0,09329367
-0,1284993
-0,1839964
-0,1839316
0,06247409
0,0367981
-0,09597398
-0,02112385
-0,0527472
-0,07121285
-0,0136593
-0,001824683
0,08977358
0,1684698
0,1091196
-0,2803893
-0,241272
0,07312004
-0,08177243
-0,0715104
-0,002477512
0,02851668
-0,03728524
0,09729005
-0,1367533
-0,04653862
-0,01276758
0,1551061
-0,004820701
-0,2196022
-0,2078744
0,09289318
0,2458332
0,1153617
0,01400625
0,03690455
0,04340089
0,1821258
0,1270604
0,1681503
0,06371243
0,0317055
0,1398515
0,1011368
0,1332594
-0,04846924
-0,1400319
-0,05443401
0,02980453
-0,03204737
0,1032932
0,3130992
0,1445179
0,1547483
-0,03289819
-0,1410141
0,1284431
0,2971041
0,009171369
-0,1585975
-0,04200879
0,2656123
0,3214657
0,314481
0,1746441
0,07236259
-0,01550828
0,01713512
-0,04643676
0,2023221
0,01849227
0,0860853
0,2691528
0,1520026
0,1310846
0,0419331
-0,0159299
0,1673725
0,1586081
0,07150371
0,09305092
-0,04598508
0,06596339
-0,04585401
-0,2131085
-0,1051176
0,2025884
0,2348951
0,0569952
-0,05121031
-0,08060794
0,2436289
0,2362111
0,2971287
0,2133091
0,05385458
-0,155715
-0,1726933
-0,0323482
-0,130019
-0,08479351
-0,02302426
0,08086693
0,2077552
0,248037
-0,07425015
0,03950028
-0,03616773
0,06529491
-0,08757852
-0,03477579
-0,1763915
-0,0598091
-0,1485591
0,04531537
0,3490527
0,3976732
0,1194078
-0,03723411
-0,1059602
-0,2418571
0,01035897
0,08199792
0,196651
0,2990991
0,2582447
-0,1087742
-0,04743278
0,03736684
-0,06242832
-0,008295584
0,000485757
0,1365555
0,1521684
0,2056697
0,249045
0,231953
0,1199155
0,08783179
0,05063653
0,08965842
-0,01877016
0,0647233
0,003061157
0,130176
0,1305467
0,1561326
0,2240707
0,03207985
0,002856244
0,01642641
0,255952
0,09972378
0,1028643
0,2009408
0,18158
0,0441756
0,01557902
0,09804364
-0,02086497
0,01932265
0,1324701
0,1559579
0,1136057
0,1274322
0,3200499
0,1567517
0,06968065
0,05338136
0,1327154
0,02411243
0,04482626
0,08385192
0,1876595
0,2065573
0,1611113
0,07409483
0,05056348
-0,1180156
-0,2421858
-0,2251599
-0,07883926
-0,0351347
-0,2210878
-0,09705178
-0,1196179
0,181636
0,1224474
0,2292558
0,05132477
-0,1158854
-0,02031638
0,09009109
0,2040381
0,08814655
0,1266551
-0,01653357
0,1972753
0,02925752
0,08185625
0,01362024
-0,06145053
-0,03650973
0,2033296
0,2726842
0,03998041
-0,03438672
-0,07618086
-0,0136057
-0,0286755
-0,2211153
-0,1143348
-0,06829949
-0,02147113
0,01190841
-0,04370774
-0,02614714
0,03388757
0,1614868
0,09069463
-0,03142693
0,2346525
0,1530059
0,1652807
0,003080173
0,1148514
-0,07290839
0,183016
-0,003645698
0,1057725
0,1269082
0,02814913
-0,06971744
-0,1289388
-0,09100133
-0,1000915
-0,1244303
-0,06479877
0,111418
0,03917016
-0,02587821
-0,06421328
-0,01817421
-0,1206524
-0,1320534
-0,2459228
-0,3321457
-0,2582794
-0,05662561
0,02433568
-0,01046219
0,3799516
0,2620868
0,3131704
-0,1003568
0,1467598
-0,1024965
0,03988251
0,2041034
0,2103234
0,2015541
0,1907352
0,1051669
-0,01810993
0,06710919
-0,1986195
0,02308318
0,05600218
0,09989661
0,1060387
0,1117032
0,2060416
0,04284425
-0,185472
-0,1581668
0,01805247
-0,01502313
-0,05693581
-0,05148925
0,04926709
0,02085641
0,2853962
0,1195214
0,2071851
0,09749508
-0,03449725
-0,04911445
-0,08628371
0,04298465
0,01995214
0,01301277
0,09067415
-0,1467861
-0,3338076
-0,1856515
-0,1126134
0,1372634
-0,02394217
-0,05307502
0,05966937
-0,04998649
0,0619123
0,04507945
0,08622719
0,09559542
-0,1053877
-0,1813528
-0,1360839
-0,1090623
-0,06053631
0,007854725
0,2049415
0,1514063
0,1158681
0,1287519
0,1483405
0,08804412
0,00838242
0,2729366
0,07138973
-0,07863601
-0,1691805
-0,2837781
-0,09298997
0,002373951
0,2774873
0,1036451
-0,1376026
-0,05004037
0,2205696
0,3191114
0,2322242
0,0372557
0,05537956
0,1206369
0,1478931
0,1001869
-0,07365334
-0,07238498
-0,1025213
0,07974068
0,1166504
0,1294675
0,1252694
0,1882361
0,9176952
