0,1189656
-0,06508434
0,0066265
-0,03963706
0,1328709
0,1735348
0,1186077
0,002787961
-0,1943713
-0,005894939
-0,1173987
-0,1287477
0,07811493
0,01036589
-0,04186459
0,2516446
0,1645502
0,04540617
0,1094106
-0,06461588
-0,02571131
-0,2796821
-0,4493584
0,0576839
0,03198609
-0,3200175
-0,208834
-0,02930227
0,1422212
0,1777033
0,08470809
-0,04441688
0,1657524
-0,2284858
-0,0291617
-0,007112514
-0,1409535
0,1988426
-0,01494378
-0,01067498
0,02107306
-0,1413324
-0,02426252
-0,1323749
-0,1832121
-0,1428308
-0,02822749
0,05788018
0,107266
-0,2669818
-0,07190396
-0,1252285
-0,02868503
-0,1196108
-0,1468005
-0,2414612
-0,08580106
-0,1709134
-0,1140432
0,2133512
-0,02523982
-0,0003774758
0,1175251
-0,2224545
0,1573181
-0,05894303
-0,02081898
-0,03747293
-0,1625478
0,1115065
-0,07104146
-0,4394249
-0,0688823
-0,01861801
0,30211
0,0950655
0,1370468
-0,2273184
-0,1500353
-0,0645632
-0,1882732
-0,07300504
0,3125969
0,1464953
0,1478768
-0,09958249
0,07175739
0,1560774
0,08581588
0,1561228
-0,04238864
0,01874299
0,1280315
0,16172
-0,0235701
-0,1024929
-0,4306799
-0,2069326
-0,3012668
-0,09696341
-0,07275973
-0,01872563
0,3767156
0,2281526
0,171571
0,08095206
-0,175763
-0,195145
0,04141177
0,4387742
0,2345769
-0,07700457
0,1480943
0,3888247
0,3231455
0,285341
0,1859496
0,243094
-0,0002006895
-0,02510858
-0,1696637
-0,2632043
-0,06432916
0,1664313
-0,04296189
-0,1782757
0,1036904
-0,009601602
0,07549632
-0,03258781
0,1525891
0,1198838
0,1808822
0,1130921
0,0009369059
-0,1693383
-0,2002379
-0,2541385
0,1414479
0,3200895
0,2505351
-0,01392609
0,05631925
0,0845076
0,1877511
0,2268191
0,03695901
0,1133418
-0,07350653
-0,04032937
-0,1836414
-0,1768022
0,3191165
0,4565558
-0,09768877
-0,2026135
0,1979513
0,08391195
-0,3101782
-0,2427533
0,1645194
0,1809717
0,05127311
-0,2125553
-0,3255838
0,06713946
0,2654115
0,3215216
0,02480088
0,1572911
0,01868825
0,0171118
0,04431979
0,02739757
0,1298147
0,05580254
-0,08858003
-0,1495828
-0,2609357
-0,07871631
-0,07465942
0,09827263
0,17172
0,1127983
0,0989931
0,0649512
0,2305572
0,2499739
-0,2024451
-0,233432
-0,1626497
-0,1287815
0,2155413
0,02302887
-0,1931836
-0,1354399
0,1290263
0,464487
0,3909127
0,1749211
0,2088198
0,1120309
0,3102721
0,1215146
-0,03392958
-0,03073815
0,02481032
0,2167398
0,03847985
0,007074118
-0,16539
0,1506438
-0,19431
0,08365709
0,02560967
0,05635218
-0,02868257
-0,2538115
-0,05238852
-0,119971
-0,07627743
0,4775866
0,2046414
-0,03690872
-0,2834441
0,08189487
0,3084363
0,09679522
0,2221586
0,2467728
0,06414808
0,06870504
0,1866491
0,1205515
0,01432016
-0,0892662
-0,1676292
0,1740922
0,1442242
-0,08065639
-0,04783926
0,01958053
0,03210434
0,06471619
-0,1370012
-0,04185618
-0,03294958
-0,1422148
-0,05147677
-0,2633567
0,01454171
0,6317434
0,1920099
-0,3604879
-0,6373796
-0,1207418
0,4007334
-0,01005043
0,1329538
0,06418172
-0,1218142
-0,08474448
0,1527094
0,2077079
0,160871
0,03447933
-0,2954938
-0,09991264
0,08915792
0,04408114
-0,07586007
-0,2116335
-0,04343984
0,2953112
0,3434458
0,5367183
0,1398937
-0,1349725
-0,32679
-0,4110259
0,1615634
0,9840466
0,3005086
-0,4672617
-0,7124166
0,0970455
0,6625195
0,4014986
-0,1932821
-0,07609598
-0,3026362
-0,05970722
0,108774
0,1510552
0,4273972
0,3011466
-0,008630074
0,1218273
0,05038526
-0,01834363
-0,05337249
-0,1941602
-0,004932249
0,02861252
-0,126783
0,3699576
-0,04038022
-0,05971438
-0,1756063
-0,2338465
0,2076527
0,7602757
0,2806371
-0,5186732
-0,8147901
0,1403816
0,3908882
0,3419177
0,04652264
0,170697
0,2461959
-0,1299759
-0,02030202
0,008677482
-0,09524965
-0,09364258
0,01468342
0,20016
0,04043032
-0,108328
-0,05796526
-0,08714909
0,2160842
-0,05632902
-0,2516559
0,1964908
0,0007062958
-0,05960377
-0,5719373
-0,4198035
-0,1092178
0,9923617
0,2552262
-0,4939698
-0,766278
0,3375629
0,5370712
0,2212736
-0,07400779
-0,01795186
-0,04954426
-0,01178846
0,06938146
0,2179636
0,08021023
0,05196873
0,08432401
0,3280138
0,364687
-0,1658885
-0,1738099
-0,1423302
0,2959014
-0,04639558
-0,155226
0,3459578
0,1266256
-0,2634087
-0,3235041
-0,3511579
0,01780995
1,0824
0,5955922
-0,4295403
-0,6695819
0,1473791
0,7339038
0,1512702
-0,2310852
-0,01135389
-0,08546975
-0,1541063
0,0865828
0,03630584
0,1554842
0,0351475
-0,05940448
0,1860947
0,2771274
0,05378338
-0,0851894
-0,3050919
-0,05590645
0,2264624
0,05913506
-0,05559494
0,008472494
-0,0793958
-0,2425022
-0,01082944
0,1656237
1,116605
0,5733287
-0,5683692
-0,5859418
0,3039041
0,2135652
0,2788584
-0,1187604
-0,4553089
-0,09041375
-0,03416224
-0,05395614
-0,3488705
0,07672776
0,08619131
0,08830703
0,3924929
0,04541133
0,03318704
0,1007371
0,003706565
-0,05496977
0,1534731
0,05349777
-0,09658142
0,08614483
0,09614198
-0,2058386
-0,002713394
0,2197464
0,4631492
0,2188033
-0,6797758
-0,626951
0,1704248
-0,05562647
-0,05538121
0,04741415
-0,01247224
0,1178063
-0,1849874
0,07641461
0,04907272
0,2118436
-0,01508909
0,1201836
0,5887107
0,05829084
0,1616481
0,1167247
-0,06779081
-0,1899528
0,02109327
-0,06268646
-0,09456661
-0,1881032
0,04126811
-0,3282491
-0,2624578
0,1080332
0,387316
0,219606
-0,5117189
-0,647558
0,03082491
-0,1391077
-0,2566368
-0,1859658
-0,03390308
-0,1267516
0,001741637
0,1157215
0,1358489
-0,032761
-0,09094165
0,2436322
0,3882892
0,09276684
0,2008823
-0,2156619
0,07577091
0,1536403
0,1242794
-0,1305832
-0,08053891
-0,3819344
-0,165131
-0,3542912
-0,2016819
0,1653913
0,2828805
0,01943552
-0,4147403
-0,3196366
0,07840165
0,1177077
-0,1722609
-0,1574587
0,06681416
-0,2291184
-0,2374118
0,2165241
0,0772318
-0,01993764
0,2382181
0,2476988
0,2856239
0,2477552
0,245479
-0,2558041
-0,06323546
-0,2534737
-0,168082
-0,1180303
-0,0152731
-0,07669348
0,2443225
0,2389032
0,2558931
0,2576212
0,2293265
0,007269437
-0,3813296
-0,3583499
-0,08880843
0,01451577
0,1471768
-0,09035002
-0,2066913
-0,03206397
-0,02559832
-0,2171656
0,01040469
0,1064094
0,2113608
0,05160724
0,05616743
0,03646689
0,3212569
0,006540436
-0,2163615
-0,0950783
-0,1104284
-0,1236754
0,08470865
-0,04100638
-0,09767254
-0,06396135
0,02941404
0,2605699
0,1880252
0,05512989
-0,4250326
-0,2248515
0,1917381
-0,01026628
-0,1823442
-0,2761222
-0,1080427
-0,209124
-0,1219773
0,05673788
0,1266464
-0,01994823
-0,1479812
0,05573958
0,1013396
0,2071627
0,2647901
0,06372043
0,06633154
-0,05735501
0,00540805
-0,09059036
-0,0328499
-0,03780269
-0,06904889
-0,01388485
0,2745951
0,1048996
0,04273098
-0,1489387
-0,07964946
0,1604171
0,2471238
0,1382546
0,01437601
-0,04623575
-0,0950431
0,1692615
-0,01246308
-0,1790095
0,1993475
0,271317
-0,02585661
0,307488
0,02904933
-0,01499594
0,2687028
0,9657362
