0,02923893
-0,000691654
-0,01167799
-0,001010086
0,008355943
0,04998996
0,001161264
0,00801315
0,04187673
0,01999038
-0,01108627
-0,02241169
-0,01460955
0,01208842
-0,01165057
-0,03730175
-0,02124361
-0,00641887
-0,04485441
-0,03528926
0,0171997
-0,005253678
-0,002592787
0,0003770301
-0,03750193
0,02982431
-0,006469775
-0,02419469
-0,02414558
0,007237561
0,03088585
0,01955895
0,02371275
0,0470113
0,01632428
0,02677397
-0,003086335
0,01906702
0,0448802
0,02783328
0,01598177
0,01593293
0,0324229
0,04208107
0,0244404
0,003696729
0,01034859
-0,02054197
-0,0392692
-0,002345111
0,04098662
0,005142145
0,01316919
0,01488914
0,002266571
0,01994638
0,01427053
-0,003768119
0,002890662
-0,004500201
0,01454524
0,0165784
0,04860487
0,01723365
-0,003220614
-0,02693993
-0,01850504
0,01166958
-0,01374652
0,002156037
0,02358547
0,01798772
0,04227114
0,01515629
0,0005489815
-0,001541551
-0,009009832
0,02119006
-0,003384935
-0,003530186
-0,002062181
0,02340549
0,03800524
0,02973754
0,01945117
0,01082023
-0,03311144
-0,009432139
0,0008430678
-0,007478968
-0,005257431
-0,044198
0,02917858
0,001568459
-0,01438146
-0,02031076
-0,02408444
0,02108648
0,003599223
-0,02685817
-0,003818827
0,04790976
0,04710557
-0,005874342
0,004617744
-0,003291704
0,00342413
0,02937289
0,001523545
0,01567878
-0,02353613
0,01778197
0,01179069
0,009547214
-0,002934953
0,03173051
-0,008183437
-0,0001093507
0,01042152
0,02126004
0,007934971
-0,006922988
0,04490026
0,01816863
0,02553837
0,02357525
0,01882521
0,0255765
-0,01502411
-0,02530462
-0,01819699
0,01824185
0,03642576
-0,01216134
-0,01243991
0,01516418
0,02015247
0,01605587
-0,007799081
-0,0536529
-0,01670562
0,0289053
0,01437163
0,006151969
0,02362798
0,02405621
-0,00865947
0,001991828
-0,007374174
0,01141665
0,002665777
0,01480049
0,01849255
0,007038549
-0,001810438
0,009249065
0,02460481
0,01314105
-0,004452604
-0,004764837
0,01174223
0,008558854
0,02941308
-0,02294027
-0,01029352
0,0379925
0,02774758
-0,008777272
-0,004091278
-0,01441955
0,02899799
0,03085641
0,03078864
0,02202677
0,009694284
0,004570825
0,009636766
0,007522925
-0,01682921
0,02237156
-0,01202566
-0,00797995
0,01449647
0,01842118
-0,00902408
0,01188676
-0,005594152
-0,004439946
-0,008183862
-0,01064136
0,02435706
-0,01628434
-0,01708446
-0,008377913
-0,0204665
0,01602782
0,02141821
0,011611
-0,01214421
0,001953708
0,007926445
0,01059485
0,03119703
0,01913545
0,003390183
0,008802945
0,0167629
0,000130664
-0,006223931
0,0211906
-0,009213932
-0,01837431
-0,002356478
0,01965331
-0,01768445
0,02394911
-0,01340515
-0,003716471
-0,04105859
-0,01509648
-0,009954305
-0,00552445
0,01537195
-0,02023772
-0,01530634
0,0201469
0,02213461
-0,0286384
-0,01503676
0,03134931
-0,01654941
-0,0002163571
0,0191068
0,03245248
0,02058786
-0,01299925
0,01803009
0,0247449
0,005329907
0,02491285
-0,01833765
-0,005745618
-0,01277723
-0,03469106
-0,01861148
-0,01061328
-0,003979863
0,01665356
-0,03763952
-0,02623273
0,04169724
0,01550654
0,003150369
-0,001298352
0,04002189
0,04971454
0,02569761
0,04728756
0,006316501
0,0338558
0,005612894
-0,0104945
0,002516747
0,02508004
0,01413087
-0,008239324
0,01041191
0,03906918
0,02965196
0,05744395
-0,01695364
0,005601078
-0,00615917
-0,009407766
-0,02532019
0,007217694
-0,001661219
-0,05368505
-0,03527999
0,006188632
0,02571732
-0,005117542
0,001486612
0,01398453
0,01500104
0,0224016
0,02841347
0,01680172
0,006824233
0,03802941
0,006352935
-0,0009059766
-0,01319413
0,0125755
0,03157465
-0,001684037
0,02096304
0,05762979
0,03703418
0,04691229
-0,0005253396
0,01501272
-0,006722603
-0,001321473
-0,007603532
0,002514797
0,01633239
0,01261324
-0,009722403
0,006066493
0,0302729
0,01021702
-0,001686974
0,008953378
0,00313925
0,004562814
0,02878997
0,02387837
0,02526653
0,03222451
-0,01729427
-0,01325014
0,03362937
-0,001211682
0,04272562
0,02479729
0,005642751
0,0479607
0,04227903
0,04507456
0,01088796
0,04823777
0,03372611
0,02760498
-0,004730015
-0,01730119
0,006985739
0,04245146
-0,03496763
-0,01721691
0,02475068
0,03465692
0,02932561
0,03005224
0,03972481
0,01680185
0,03249707
0,02337137
0,001689625
-0,02252194
-0,006507111
-0,002387356
0,03720987
0,02989105
0,04489556
0,0264664
0,0228348
0,03457578
0,04838487
0,05035563
-0,0103697
0,02036059
0,003554397
0,02343962
-0,003455282
0,01529343
0,008755648
-0,01572055
-0,01469348
-0,008463498
0,03730396
0,02152985
0,002921934
0,03249292
0,01620067
0,01595852
0,02949692
0,02007118
0,004566644
0,009275502
0,03402463
0,009218621
0,02595261
-0,01460279
0,006481108
0,02471223
0,02595913
0,01969174
0,01342605
0,035577
0,0127
0,03120665
0,01260673
0,00994954
0,02899604
0,05278949
0,03771637
0,02060355
0,0001552499
0,01453754
0,02727702
0,004563144
0,006123617
0,01682566
0,01641009
0,01081245
0,02262228
0,01873276
0,04910016
0,03663499
0,006469392
-0,03922703
-0,004279917
-0,001694405
0,01588888
0,02605354
0,01151698
-0,008608707
-0,01849113
0,009109963
0,02350256
0,04142844
0,01667938
-0,01336359
0,02971219
0,05205705
0,02022733
0,003610348
0,02022917
0,002771412
0,02889998
-0,006620063
0,001207571
0,01857693
0,009902042
-0,0009305272
0,02427369
0,02069651
0,01334909
0,006436963
-0,01366308
-0,00742351
-0,0003052739
-0,006755645
0,02100552
0,007687286
-0,006584784
-0,02868361
-0,002070773
0,04988453
0,04684115
0,003424085
0,003650315
0,01801235
0,01055227
0,05428183
0,01227997
0,03656201
0,0508236
-0,0007980144
0,01743743
0,01933122
-0,005241977
0,007092501
0,005206553
0,01674561
0,06097183
0,03910718
0,04452716
0,01015371
-0,01228512
-0,0106481
-0,02456018
-0,03421499
-0,005122764
0,02009626
0,0400179
0,006046914
-0,01975583
0,03699139
0,03754052
0,01023857
-0,001486783
0,01268348
0,01439082
0,0516461
0,03324721
0,05950649
0,03943289
0,008009248
0,004061025
0,002234911
0,01262875
0,02222816
0,01012053
0,005790054
-0,005448539
0,00274876
0,004903142
0,01014674
-0,007425538
0,002774094
-0,03272792
-0,01446322
0,009074855
0,01853621
0,04781217
0,01403202
-0,004651797
0,01606688
0,02517895
0,001032831
0,01359515
0,01304999
0,01783373
0,03937593
0,02060961
0,03121819
0,02451177
0,03077406
0,02265656
0,03784593
0,02369074
0,02289241
0,01014551
-0,004816486
0,0112525
0,0188553
-0,01232697
-0,02451309
0,03395001
0,03109736
0,009970115
0,004071529
0,01115889
0,01523651
0,03187057
0,008483873
0,005242733
0,04951454
0,01087306
0,007065883
0,007678776
0,006328634
0,004743113
-0,03645835
-0,02934351
0,01989361
-0,0008300218
0,02167844
0,02386066
0,006926755
0,01062294
0,001419432
0,003619103
0,007567794
0,009905944
0,01090162
-0,002257427
0,00677019
0,009738307
-0,01518484
-0,001011337
-0,02465812
-0,052314
-0,01965898
0,02773573
-0,004444769
-0,006412097
0,0349476
0,02458315
0,01648793
0,03587934
0,02373036
0,0152456
-0,01769475
-0,0302745
-0,02350347
0,004472127
0,02097927
0,02679994
-0,007199343
-0,01018045
-0,006585376
-0,02964438
-0,003260402
-0,0006425128
-0,03459665
-0,001337881
0,0428938
0,01915877
0,02036845
0,01127511
-0,009899264
0,006382247
0,04635487
0,01154356
-0,006070427
-0,007923068
0,08441675
1,047907
