0,07666738
0,08936805
0,08088206
0,312524
-0,09157343
-0,02849901
0,05367671
-0,06592413
-0,2158734
-0,1140722
-0,1323473
-0,1823761
0,03633506
0,1925445
0,08731084
0,02873287
0,003738338
0,0984327
0,1186168
0,1106701
0,09978489
0,1981031
0,2984036
0,353727
0,2433388
0,06398834
0,1001149
-0,04128528
0,005136457
0,1748748
0,2215967
-0,09921066
0,1764525
0,1973821
0,1938684
0,3708058
0,531955
0,2217412
0,08445612
-0,1771613
-0,2050134
-0,1883583
-0,07111518
0,07381667
0,1269066
-0,1344008
-0,04703369
-0,1405552
-0,1188931
-0,2216886
0,03272346
0,1819659
0,0930118
-0,03798371
0,1838767
0,1769085
-0,1539553
0,02291911
0,1958072
0,2341425
0,02086341
-0,01925036
0,02898031
0,08440609
0,008652292
0,15789
0,3340461
0,3122833
0,4183377
0,1033823
-0,3301322
-0,4230102
-0,3934557
-0,3205593
0,0815276
-0,08655898
0,03732417
-0,04163211
-0,18941
-0,2635134
-0,01569662
-0,1797837
-0,2568051
-0,1503301
-0,115976
-0,06213955
-0,07581004
0,3034047
0,2803227
0,2665366
-0,06911608
-0,2172218
-0,1187005
-0,2065759
-0,2961449
-0,2532005
0,05506898
0,003732964
0,4358898
0,5794162
0,5678777
0,0590003
-0,02613471
-0,3192102
-0,4536625
-0,3467211
0,05394505
-0,05415715
-0,1144292
-0,301843
-0,1865032
-0,2064978
-0,08983368
-0,02704363
0,05993908
0,1437349
0,2155878
0,2511087
0,3501289
0,2499956
0,2442982
0,1288889
0,02099804
-0,1399788
-0,1570199
-0,398559
-0,4569868
-0,3526069
-0,05192455
0,2723196
0,6336758
0,522683
0,4593952
0,3375283
0,311852
0,05750923
0,1401509
0,2551211
0,1025869
-0,05963977
0,08660361
0,2510888
0,2875303
0,2497064
-0,02542701
0,2349149
0,1425738
0,1099853
0,09243824
0,03507251
0,2566506
0,2196578
0,1528969
-0,1707709
-0,07816011
-0,3469079
-0,6206433
-0,6371273
-0,5226446
-0,293469
0,3082951
0,6703628
0,7229709
0,4087937
0,3130972
0,1055576
0,172362
0,08927153
0,1841977
0,1273952
0,05840264
0,0868521
0,06022763
-0,04880949
-0,09368934
0,0391373
-0,06717715
-0,07238287
-0,1870222
-0,0558741
0,09897313
0,1207311
0,3524094
0,06180125
0,190146
0,0688546
-0,2961757
-0,4013278
-0,4407957
-0,3866509
-0,4549949
-0,04343435
0,2564452
0,426441
0,4768795
0,1172581
0,3898536
0,4324351
0,2583823
0,3020855
0,04177742
-0,2492722
-0,2395175
-0,1244394
-0,2366562
-0,1402609
-0,2083358
-0,2051034
-0,1805962
-0,0677788
-0,05527255
-0,10866
0,02968355
0,2376932
0,3836402
0,5816952
0,4963847
0,04643514
-0,4711171
-0,5353431
-0,5911536
-0,441056
-0,3444282
-0,02728669
0,2338483
0,2203467
0,4421018
0,1002979
0,07830688
0,3336452
0,3777368
0,2793389
-0,05883392
-0,03449455
-0,3173761
-0,2441167
-0,112904
-0,3215159
-0,3708901
-0,08383329
-0,3023737
-0,1508157
-0,1275434
-0,05626524
0,2406857
0,3819267
0,3999196
0,3261629
0,1989824
0,1452603
-0,2557258
-0,511275
-0,6395007
-0,5559889
-0,2072669
-0,1824483
0,05696555
-0,08027544
0,2155593
0,1216545
-0,008032093
-0,1620291
-0,1599001
-0,04020556
-0,04876636
-0,06482029
-0,2790146
-0,2490882
-0,2496866
-0,0002727646
-0,3155279
-0,2127565
-0,3470483
-0,2872716
0,2134449
0,1834761
0,2527792
0,4334488
0,8076481
0,376399
0,004567784
-0,155992
-0,2039057
-0,3270117
-0,6588382
-0,5197972
-0,2934088
-0,0553524
-0,02687718
-0,1206327
0,1604838
0,1299618
0,09609732
0,2359421
0,02139346
0,1710467
0,1747732
-0,1447752
-0,1614364
0,132283
-0,07625726
-0,08625925
-0,2794488
-0,009881551
-0,09173718
-0,2849119
-0,1850502
-0,02259958
0,04926316
0,289252
0,2505599
0,1701003
0,1266235
0,1695669
-0,02948827
-0,0564382
-0,1740687
-0,2014426
-0,2597792
-0,1598182
0,1203206
0,1323809
-0,1259026
-0,02434118
-0,148193
-0,05841046
0,009737573
-0,1855515
-0,0689447
0,2803225
-0,05788126
-0,09227297
0,08285031
0,07847731
-0,3141161
-0,3620857
-0,1728592
-0,08340941
-0,1384521
-0,05201205
0,2541842
0,2220315
-0,03835455
0,3421925
0,2678013
-0,2826664
-0,06756658
-0,1840013
-0,1951052
0,06349503
-0,02403397
0,1351718
-0,2235967
-0,27691
-0,2874152
-0,04491881
0,1087855
0,04802042
0,1025429
0,3229118
-0,02245059
0,1121203
-0,02879647
-0,04285022
-0,1505665
-0,1133428
0,04040485
-0,01281357
-0,1095799
-0,006392677
0,09497096
0,3303985
0,04913582
0,3078269
0,1010193
0,2006405
0,04826225
0,02680376
-0,03166545
0,01241085
-0,1112157
-0,04581738
-0,1185196
0,04704746
0,1175422
0,06833934
0,0101869
0,1025334
0,04949442
0,1491275
0,01892624
0,165235
0,1016297
0,1217308
-0,0003452692
0,2543749
0,003759802
-0,07078087
-0,165923
-0,2399507
-0,2036349
-0,02054047
0,09687962
0,01281682
0,2914271
0,13533
-0,02531139
-0,130858
-0,1351411
0,1935713
0,07381757
0,158721
0,1259612
0,09484933
0,210995
-0,004670279
0,138216
-0,01678455
-0,07926029
0,1321139
0,02301493
-0,154469
0,01298244
0,06325624
0,0404748
0,257181
0,2453573
0,1635612
0,06996042
0,073286
0,1851177
0,005999309
0,03618808
0,03242868
0,2120193
0,04829461
0,1540598
0,01592193
0,1068781
-0,02510194
0,1009224
0,2579651
0,2094824
0,2341519
0,1520954
0,1842103
0,01787143
-0,08712265
-0,05432589
0,0428203
-0,03706352
0,04723829
0,2388449
-0,08423728
0,1297538
0,2569034
0,2440971
0,4031958
0,1475364
0,2830219
0,2426139
-0,0521082
-0,319028
0,01103929
0,1426407
-0,1527545
-0,06148775
-0,04280284
0,04800923
-0,3133848
-0,1253523
0,01396697
0,0123333
0,2302435
-0,1177855
-0,0297222
-0,1058263
-0,1736275
-0,2113742
0,04630291
0,01297587
-0,02478761
0,0004566493
0,01699621
0,1028413
-0,003185558
0,1323583
0,1397408
-0,01032775
0,2294249
0,133959
0,02908241
0,04336378
0,1384193
0,07935117
-0,08885031
-0,08706726
0,2010326
0,04902463
-0,1053741
-0,3326156
-0,1068164
-0,08402987
-0,2091383
-0,1574548
-0,04152338
0,05686897
-0,06994582
-0,05492745
0,1327073
0,1038218
0,005358237
0,1295313
0,02535831
-0,1797617
0,02796684
-0,1579161
-0,08785962
-0,1570601
0,07601923
-0,1887506
0,1185627
-0,04894549
-0,02973101
0,2139347
0,07231375
0,189072
0,04025652
-0,02713544
-0,002097402
-0,05905889
-0,06446903
-0,2342594
-0,250022
-0,04457283
0,07214251
0,003306875
-0,2760246
-0,07017297
0,1419421
-0,1080339
-0,2867534
-0,08116256
0,07561105
0,02365006
-0,02832292
-0,1328613
-0,07970395
0,03442675
-0,1413471
-0,1672622
0,1355565
-0,324281
-0,1244874
0,09964733
0,08907583
-0,02247591
-0,1432758
0,1520648
0,2401245
0,1446455
-0,02422956
0,02341957
-0,09551412
-0,170565
-0,05489414
0,1786172
0,1133716
0,06413554
0,2217105
0,1306892
0,04785704
-0,143802
0,4267294
0,2130063
0,0437254
0,1049234
-0,1516678
-0,05319862
-0,05419179
0,04434499
0,04758063
-0,1619058
-0,1699539
-0,1788498
-0,09648727
-0,007080769
0,1544133
0,01871844
-0,04906518
0,4477574
0,2827692
0,1451928
0,07749181
0,01590166
0,06903874
0,1551186
-0,0005907576
-0,05486403
0,1606026
0,868935
