-0,1345458
-0,2533084
-0,2447464
-0,2746479
-0,2137176
-0,1855414
-0,05386152
-0,1404775
0,07471413
0,1694168
0,03351464
-0,06699747
-0,1161676
0,04279443
-0,003809066
0,03293566
0,006824737
0,02805779
-0,04625088
-0,0587812
-0,2156717
0,004805154
-0,07614849
-0,1791532
-0,1269172
-0,08179332
-0,1312591
-0,2290996
-0,2510611
-0,2064804
-0,2482572
-0,3190065
-0,149679
-0,2226029
-0,05558768
0,04624961
0,05553941
0,04748936
0,1082966
0,01951852
0,02917301
-0,07641107
0,009686691
0,1345973
0,0940157
0,1849788
0,1086948
0,01264706
0,07976639
0,1936584
0,1602654
0,1193269
-0,0905461
-0,1016985
-0,2929163
-0,1654797
0,01658858
-0,2079074
-0,1564317
-0,2618258
-0,1422221
-0,2013545
-0,1305715
0,02291367
0,117196
0,07480861
0,00831789
0,009425514
0,02452455
-0,1013771
-0,2810357
-0,02826615
0,06505507
0,01468888
-0,0723969
-0,217332
-0,02217496
-0,1026062
0,08356064
0,2363538
-0,1025711
-0,03082021
-0,1186526
-0,1352208
-0,05683656
0,1049769
0,07420684
-0,2457346
-0,2804334
-0,1959323
-0,2205719
-0,0549201
0,107399
-0,09224436
0,04772097
0,02702494
-0,3137914
0,1476332
0,2165802
-0,09228604
-0,09972914
0,2342034
0,2516093
0,23615
0,1122492
-0,09331132
-0,2038348
-0,2480555
-0,1032646
0,01306844
-0,1260398
-0,01257732
0,1242051
0,1847669
0,0654718
-0,1308839
-0,08185052
-0,2473648
-0,1701244
-0,119195
-0,1509132
0,04571611
0,1153265
-0,07387246
-0,03371606
0,09284222
-0,002055338
0,1272887
0,07240354
-0,3061849
0,09045263
0,1886316
0,04316343
-0,151679
-0,1284997
-0,1476994
-0,2811612
-0,2548894
-0,2750949
-0,2125679
-0,06801584
-0,1703586
-0,09811711
-0,02459543
0,05747592
0,1180342
-0,09284209
-0,05177927
-0,08985149
-0,1733298
0,01111097
0,01063498
0,09649014
-0,02919544
-0,1531443
-0,1212623
-0,09089998
0,1315586
0,08285008
-0,09027904
-0,1650599
-0,1325384
-0,1221502
-0,1867828
-0,1081337
0,005508267
-0,1244488
-0,07304006
-0,1955722
-0,2763436
-0,1464568
-0,1491086
0,05249619
0,009339073
-0,1118926
-0,074352
-0,1188894
-0,0401271
-0,02528988
-0,05264992
0,05499065
0,1123129
-0,114246
-0,1464252
-0,2106796
-0,1784201
-0,02053055
0,06257138
0,03799334
0,1374149
0,03441754
0,06334204
-0,1609119
-0,1034383
-0,09575707
-0,03055043
0,1817938
0,3273287
0,03187952
0,003425665
0,1443908
-0,1110584
-0,0713035
-0,07906403
-0,1212859
-0,0339033
-0,0558067
0,1026908
0,03048068
0,04550335
0,1439131
-0,03387968
-0,1581874
-0,1335005
-0,2104372
0,06790863
0,1838028
0,003632923
-0,1492891
-0,0842144
-0,0470557
0,1335609
0,03909804
0,004267526
0,1622924
0,03390269
0,06265879
0,1137252
0,06852908
0,06466906
-0,08051155
-0,08471139
-0,1259439
-0,01059155
0,1280437
0,07818495
0,05697141
0,1091432
0,03175215
0,01234577
0,06066925
0,06590641
-0,02803106
0,03144252
-0,01182024
-0,07582419
-0,1217241
-0,05706525
-0,2466836
0,02199829
0,188281
0,03354242
0,1465011
0,1091677
0,03257183
0,07288194
0,01783206
0,2634763
0,212534
0,1511912
0,330847
0,1411868
0,1361655
0,2252493
0,1199105
0,01544369
0,2386864
0,1283239
0,1166723
0,114394
-0,08021209
-0,005211381
-0,01211838
0,1273632
0,08585494
-0,1077359
0,004943861
-0,1113516
-0,2468092
0,02820051
0,242518
-0,02439494
0,1307716
0,08413827
0,1298387
0,166591
0,05073668
0,1363475
-0,04160482
-0,02080687
0,01921851
-0,04994534
0,07116119
0,1130604
0,06522858
0,1475789
0,4041561
0,02207372
-0,01733116
0,05166623
-0,2012794
-0,194853
-0,1593089
0,01623031
-0,1912056
-0,1448928
-0,1328092
-0,170432
-0,07777251
-0,1016165
0,2210404
0,2607734
0,05398465
-0,02302348
0,1111652
0,03857159
0,1342554
0,04871817
-0,1357523
-0,0401095
-0,04354348
-0,08565488
0,007148635
-0,07550301
-0,0001537994
0,1500005
0,07971022
0,1594129
0,1318929
0,1303717
0,0003131565
-0,1588512
-0,008018333
0,08580297
-0,1300761
-0,09078482
-0,173589
-0,112811
-0,1496803
-0,1277419
0,05149882
-0,06377681
-0,160492
-0,02141694
0,002634909
0,02881923
0,01950461
-0,04409676
0,08411313
0,06204689
-0,1525263
-0,2527776
-0,03553569
0,02931117
-0,02143369
0,02712679
0,002497912
0,007910782
0,05674946
0,1358326
-0,01616386
0,09385663
-0,0416425
-0,03426828
-0,07379322
-0,0602588
0,03051899
0,04453357
0,01935833
-0,07820553
-0,02869427
-0,2481509
-0,09814101
-0,07620274
-0,1594635
-0,04680081
-0,01274002
-0,005542127
-0,1152683
-0,06830595
-0,02298891
-0,2156368
-0,04701938
0,07303087
0,09090532
-0,02832597
0,002914541
0,08458282
0,1583498
0,1462074
-0,03240757
0,02040428
0,02851905
-0,1919803
0,003197843
0,06881659
-0,1678595
0,03886839
-0,03758762
-0,1952581
-0,1747568
-0,3427824
-0,05307839
-0,00969911
-0,07035155
0,06171278
0,007747607
-0,01551979
-0,07532627
0,06153754
-0,04197159
-0,2043558
0,00111794
0,09846519
0,2025563
-0,02468974
-0,005129689
0,01638626
0,03473165
0,09323055
-0,1385208
-0,07400843
-0,04660937
0,09244346
-0,01213711
0,1851919
-0,06039548
0,01965431
-0,0395807
-0,2044525
-0,1689363
-0,130787
-0,2032721
-0,03672702
-0,04598329
-0,003527946
-0,06912428
-0,0390541
-0,08201636
-0,2463262
-0,1468261
-0,1920042
-0,1514391
-0,008340352
0,09627693
-0,1530197
-0,08183225
-0,05548545
-0,01762692
0,04002707
0,03665986
-0,3345065
-0,1789158
-0,09643768
-0,09042264
-0,05335246
-0,2342808
-0,1803815
-0,2545367
-0,2992449
-0,06919388
-0,09019192
-0,09280725
0,04728808
-0,1638794
-0,2849298
-0,2025102
-0,1362186
-0,1688192
-0,3386205
-0,3934592
-0,4976732
-0,2998752
0,0140149
-0,04674655
-0,2737331
-0,1519304
-0,07333902
-0,0826953
0,1558797
0,09909385
-0,2439151
-0,2502924
-0,1615068
-0,06448711
-0,1089033
-0,1240079
-0,1174836
-0,1041314
-0,03125083
-0,02949032
-0,1597091
-0,2044092
-0,06580832
0,0566236
-0,02961038
-0,08996101
-0,1138161
-0,00452427
-0,09795771
-0,2086736
-0,1241112
-0,2205613
0,08065607
-0,1669595
-0,1975948
-0,02788666
-0,05483364
-0,08456842
0,1811966
0,0460308
-0,01169135
-0,1056298
-0,0457867
-0,1222151
-0,05177529
0,0591333
0,1319324
-0,07899003
-0,09155545
-0,2154222
-0,3334141
-0,2072605
-0,0827819
-0,08699343
-0,05172439
-0,1070568
0,0449908
0,165405
0,04756518
-0,04883187
-0,06349176
-0,2185544
-0,08125603
-0,2422532
-0,1986944
-0,03247074
-0,06390899
-0,02622853
0,05551641
0,1269784
-0,03186161
0,01338621
0,01000045
-0,03431061
0,01893425
0,300282
0,2306964
-0,0237691
0,09210923
-0,1083409
-0,2887326
-0,09951732
-0,05856217
-0,09358182
-0,1200401
-0,1627194
0,1210018
0,3594877
0,2966309
0,05900246
-0,03353171
0,01293878
0,04766423
-0,09252945
-0,07087129
0,01412255
-0,0180665
0,05632402
0,1620164
0,365783
0,09126691
0,2468498
0,2126095
0,17055
0,3096375
0,4021334
0,2356267
0,04127151
-0,05317485
-0,1305682
0,1354573
-0,09672891
-0,04763833
-0,06892995
-0,01513644
-0,236789
-0,01996752
0,04491934
0,1224092
-0,04149665
-0,0662855
-0,09213983
-0,05458366
0,01025841
-0,1232346
-0,1507012
-0,13378
0,03077593
0,250434
0,9829961
