0,1042457
0,00426252
-0,07595691
-0,02563191
0,09841491
0,08746086
0,07295752
0,04177036
0,0527456
-0,01781638
-0,1499415
-0,09871067
-0,1909447
-0,2047038
-0,176582
-0,2239428
-0,261498
-0,2427287
-0,03551082
0,1562885
0,1819787
0,03816614
0,1797018
-0,04374118
-0,01003344
-0,1102917
-0,08851642
-0,0511964
0,03142408
0,002687044
0,07149336
-0,05176461
-0,05124793
0,01334345
0,1016782
0,2924491
0,1103831
0,01050254
0,04946334
0,1141057
-0,05493986
-0,007092397
-0,03498021
-0,1346356
-0,07561287
-0,1477962
-0,2924345
-0,1983237
0,07289797
0,06330054
0,0447581
-0,0432718
0,0773077
-0,04453883
-0,02824678
-0,09066729
-0,09734252
-0,09054597
0,05129833
-0,0278767
0,008481863
-0,03120394
0,03407465
0,09665315
0,04314436
0,2711008
0,2531582
0,1880257
-0,03537763
0,06379175
-0,03165986
-0,02324862
-0,04860537
-0,09910624
-0,08829765
-0,1637629
-0,2861896
-0,1276839
0,06929763
0,007381241
-0,06176013
-0,04792719
0,0553702
0,002124023
-0,1219783
-0,08296691
0,01896525
0,05157404
0,01249594
-0,07925759
0,0221486
0,002296934
0,09065063
0,1184603
-0,00888807
0,03176204
0,1902493
0,2478524
0,1010117
0,225936
0,09689324
-0,1060276
-0,09925193
-0,1453456
-0,01359351
0,119248
-0,06110332
0,08557694
0,06108969
0,08955953
0,09329585
-0,0009229688
-0,05937923
-0,05308617
0,0005887534
0,05384425
0,03718698
0,0873075
-0,01671025
-0,1039025
0,06614141
0,02820539
-0,1035859
0,08240425
-0,01556404
0,01115671
-0,009318668
-0,03147686
-0,08105112
0,1745738
0,1096231
0,07069241
0,06371393
-0,02202084
0,05972645
0,01219472
0,005691276
0,09028197
-0,0103794
0,00639893
0,002910291
0,1762818
0,03532122
0,1150606
0,1228298
0,00231236
0,08679752
0,1834038
0,0324231
-0,04197438
0,07804573
0,06479167
-0,03372985
-0,02072592
-0,01158276
0,07900622
0,03625095
0,04835406
-0,1411756
-0,04196851
0,04299303
0,009173333
0,01704168
0,01652079
0,05072333
0,09210162
0,05845987
0,02436337
-0,09463951
-0,1206675
0,04326313
0,1026447
0,1358335
0,1527904
0,1107255
0,0215414
0,1321291
0,2255278
0,04833063
0,01804197
-0,007484671
0,04574345
0,01640528
-0,02669369
-0,04348975
0,03173303
0,004825373
0,00059647
-0,09398956
-0,005337938
0,03547729
0,06958929
0,05310097
0,006233188
0,07160972
0,1281278
0,02319309
-0,02146001
-0,1618641
-0,08473264
0,03139714
0,1523254
0,152463
0,1669257
0,05760588
-0,05289256
0,05664879
0,1752677
0,1291927
0,0288821
0,07059143
-0,01517418
-0,104709
-0,04959909
-0,09925564
0,1163755
0,01926276
-0,1609338
-0,1650053
-0,06673498
0,1892468
-0,03991024
-0,01707259
0,008762836
0,009033254
0,03496664
-0,03231424
-0,05103267
-0,1441746
-0,06488306
0,08477761
0,1181873
0,09473641
-0,01499006
0,02948566
0,02538785
0,02899809
0,1222811
0,05261293
-0,004834784
0,04256498
-0,05382269
-0,07321045
-0,008350218
-0,001105125
0,01189561
0,03153678
0,005000183
-0,001051791
0,07246469
0,2230092
0,05557758
0,03697351
-0,01695997
-0,05026107
0,006724751
-0,06820291
-0,07451006
-0,07130186
-0,06957821
-0,0509222
0,07799523
0,01469969
-0,08398174
-0,01329247
0,05480365
0,04711683
0,0003074167
-0,01714465
-0,03208608
0,04868345
-0,06869989
-0,04154269
-0,08884531
-0,04952613
-0,1311757
-0,1958901
-0,1788163
-0,06630477
0,06979987
0,1148574
-0,08254191
-0,016996
-0,03800729
-0,1821262
-0,09099948
-0,02008226
0,02019275
0,03319379
-0,007954483
0,007847398
0,04531094
-0,1183318
-0,1726428
0,01341505
0,0154527
0,09282694
0,1405075
-0,01908185
-0,000373729
0,05388545
0,02625859
-0,06836948
-0,06093214
-0,03361892
-0,04327426
-0,124015
-0,1801885
-0,1547935
0,07423241
0,1970493
-0,03202756
0,03892018
0,03326092
-0,1569197
-0,1486579
-0,02627103
-0,1025294
-0,0263731
-0,192335
-0,003120297
-0,0313201
-0,1048689
-0,1077038
0,184874
0,110171
0,1375199
0,07893862
-0,03133128
-0,0195314
0,04140814
-0,06368035
-0,04526807
-0,04876921
-0,01854686
-0,1174611
-0,1386175
-0,1809618
-0,1946063
0,07085755
0,152244
-0,03616765
-0,01786016
0,1039677
-0,0617218
-0,09523293
-0,02840823
-0,1089036
-0,01023075
-0,03200727
0,0889131
-0,006466813
0,006414807
0,12518
0,2286097
0,08287061
0,04806112
0,02640483
-0,0393762
-0,03271202
-0,003257663
-0,06050446
-0,0269109
-0,08414459
-0,1184826
-0,1034716
-0,1650873
-0,1716626
-0,05619854
0,1060384
0,02290262
-0,01916975
0,04307945
0,105252
0,1141063
0,08179855
0,04225874
-0,1228612
-0,05250473
-0,07002497
-0,08760368
0,02833287
0,1000316
0,1361278
0,2176716
0,1593254
0,005606481
0,001680768
0,01718413
-0,02391864
0,03347135
-0,02631981
-0,1198527
-0,04498645
-0,06102576
-0,03619219
-0,06761496
-0,06392509
-0,04631932
-0,05159097
-0,02452024
-0,03093883
-0,0351548
0,0804444
0,1971312
0,1313572
0,2028027
0,1465128
0,1582432
0,0563452
0,09756617
0,1248958
0,08344866
0,1227612
0,08286714
0,11013
0,03596912
0,110375
0,1714968
-0,05570923
0,08632778
-0,0596291
-0,06627213
-0,08247479
-0,07419267
0,001683643
0,07878608
-0,07228126
-0,08787286
-0,2028931
-0,09435762
-0,05593528
0,01771933
0,1612112
0,264171
0,1114042
0,1021966
0,09156743
0,1173873
0,188826
0,1078233
0,02566785
0,02669562
0,05018233
0,1395225
0,01941081
0,02519858
0,0950674
0,2151389
0,007761976
-0,06004547
-0,09651312
-0,1084281
-0,05409381
-0,03278448
-0,03294737
0,0722473
0,04232275
-0,088571
-0,0738346
0,01658964
0,0650156
0,1847224
0,08485217
0,1368458
0,06802388
-0,0407837
0,08209909
0,06533877
0,01740416
-0,002808027
0,1099565
0,1004537
0,05450311
0,1093254
0,1031048
0,043782
0,04094761
0,2194657
0,02874718
-0,1397415
-0,1198969
-0,06006466
-0,04446189
-0,04542932
-0,004150864
0,04369975
-0,04138375
-0,08762502
-0,01291856
-0,03588077
-0,05272236
-0,05057353
0,0974749
0,0876792
0,06583536
0,03688173
0,0718649
0,02897134
-0,005436999
0,007332038
0,0004441489
0,07095893
0,03953424
0,03920007
-0,0737102
-0,125837
-0,01466342
0,1041809
-0,04214253
-0,02021541
-0,06442102
-0,01853349
-0,09121972
-0,06243102
-0,05279005
-0,1268444
-0,03119302
0,03760191
0,09634305
0,05270649
-0,04444566
-0,06734461
0,02908682
-0,006965714
-0,02676857
-0,02132151
0,07840554
0,02082545
0,02358281
-0,004404237
-0,01772141
0,04111787
0,1297825
0,1233165
0,1195164
-0,03601315
0,001761879
0,09228405
-0,03173602
0,04434618
-0,02038713
-0,01481492
-0,07346411
0,03076214
0,05535652
0,01377902
0,1082874
0,1388295
-0,004413182
0,05330506
0,008810584
-0,08349343
-0,05077101
0,04154758
0,1647454
0,09603304
0,007393013
-0,08151881
0,01617074
0,01855477
0,01684194
0,04253351
0,108382
0,116049
0,163966
0,1535472
0,07863402
0,0604239
0,0472475
0,09567493
0,01271511
-0,01298389
-0,1431747
0,1125865
0,0793777
0,001074354
0,04540004
0,07746758
0,04997608
0,06446181
-0,0123278
-0,0278324
-0,07524825
0,09775192
0,1286064
0,1651817
0,2037391
0,125912
-0,04733811
-0,04135985
0,04186222
0,0563086
0,1396286
0,1312369
0,1454044
0,1722941
0,161884
0,1459181
0,04072398
0,994612
