0,01579615
-0,02379488
-0,007249675
-0,01042381
0,003322025
0,01084479
-0,008215067
0,002889081
-0,0007508703
0,0150418
-0,004881184
0,01199147
0,01553308
0,008701331
0,0118897
0,02172867
0,01469089
-0,00448559
-0,01114926
-0,005249598
-0,01653011
-0,02361213
-0,027636
-0,009209269
-0,005393054
0,01884283
-0,002014815
-0,006968965
-0,009107585
0,00513096
0,01837063
0,00443595
-0,001724196
0,006927354
0,02378329
0,03045569
0,001963383
-0,007498617
-0,01359411
-0,008107541
-0,00113586
0,01795291
0,01358287
0,008698909
0,009444658
0,01214748
0,00787922
-0,008364934
0,003238301
0,01434254
0,04038064
0,001004586
-0,007396487
0,02063248
0,02367034
0,02933096
0,02164739
0,002393185
0,0002858935
-0,004568793
0,004107253
0,02113829
0,01408126
-0,01262971
-0,002634166
-0,01061082
-0,01307873
-0,006686213
-0,02191582
-0,01952459
-0,002848024
0,009944604
0,02432842
0,007317408
0,004014492
0,002783882
-0,01389546
0,0003133297
0,007865596
0,01121585
0,01722308
0,02909967
-0,009153739
-0,003862026
0,002473834
0,004868327
0,007760435
0,02292622
0,001457039
-0,005352831
-0,008763717
0,01122005
0,02863371
-0,006495506
0,009339323
-0,002942445
0,00459219
0,02134671
0,001176802
-0,007390764
0,007616844
0,02467038
0,02664641
0,01184365
0,02053787
0,01338445
0,006720131
-0,006963821
-0,02473263
0,02286182
0,02146788
0,03194478
0,02758954
-0,006968243
-0,02121195
-0,001892751
0,002716421
0,02676911
0,01186812
0,01372451
0,004804136
7,459029E-05
0,01343815
0,01157061
0,002117357
0,003516335
-0,002755059
0,009163946
-0,01302728
0,00387357
0,00517842
0,01975073
0,008605615
0,006851094
0,02133429
0,01600255
0,01195608
0,005640521
0,0004504041
-0,001587998
0,01063987
0,04490481
0,03639104
0,01749837
0,005469174
0,01249872
0,00747057
0,01268746
-0,009040057
0,01540374
0,0223537
0,005980702
0,01025745
0,003106959
-0,007185387
-0,001859479
0,01195108
0,0007231496
0,004464693
0,01790472
0,007303882
0,01686065
0,02673102
0,008813952
0,004573185
0,01387313
0,01020929
-0,004502039
-0,002776478
-0,02690047
0,007795672
0,03844115
0,03208918
0,0363283
-0,008587963
0,01275521
0,02261988
0,009651874
0,003254498
0,03310085
0,01928774
0,0004396065
0,01257456
0,01076144
0,006509775
0,01498809
0,02299825
0,01137386
0,01733858
-0,002541944
0,01098281
0,0007075755
0,01214479
0,03484027
0,01336092
0,02477348
6,159645E-05
0,007916456
-0,01355864
-0,009772697
0,01685168
0,04065506
0,01579091
0,006950205
-0,01577153
0,001420195
0,01992654
0,006886491
0,00458333
0,04105323
0,03135346
-0,009555291
0,02849422
0,02151843
0,008702582
0,02650856
0,01221499
0,001269291
0,006261787
0,01245908
0,003259239
0,03018991
0,02866282
0,01135964
0,02752145
0,03045245
0,004842504
0,0106004
0,01402668
0,00219486
-0,007991659
0,006407901
0,02375102
0,02041769
0,01592809
-0,003485568
0,02398927
0,002642635
0,000324383
0,03906443
0,01488539
-0,01278854
0,01070387
0,003357945
-0,002003792
-0,03067839
0,00141825
-0,01370136
-0,01007742
-0,01688785
0,0261201
0,02535386
0,02612611
0,02863394
0,02009944
0,02463009
0,01566756
0,04761745
-0,0120405
-0,005137417
0,01624275
0,009951164
0,01240938
0,001247459
0,01061817
0,00566976
0,02172539
0,02269835
0,03727468
0,0551563
0,009488224
-0,00253768
0,03125485
-0,006887335
-0,005639194
-0,01722498
0,03059173
-0,002865225
-0,006933287
0,01906321
0,01274205
0,01141487
0,04025701
0,03061797
0,00524682
0,01214106
0,03701666
-0,00855998
-0,009251189
-0,006599814
0,003146114
0,01762139
-0,003546161
0,004972604
0,00763103
0,008583594
0,04190995
0,04569762
0,04316096
0,04576574
0,02322635
0,01787634
0,03049121
-0,0003879814
0,0101337
0,0006306373
0,001420162
-0,008417259
0,005988369
0,01872329
0,004375375
0,01079873
0,02015076
0,02912101
0,009886701
0,002426288
0,01801052
-0,002754131
0,01528942
0,0190905
0,009974374
0,0252212
0,01016327
-0,007327978
0,001032561
0,01316315
0,03786347
0,04058015
0,04879555
0,0419355
0,01192488
0,023566
0,03454312
0,02272932
0,0125052
0,005451858
0,008718568
0,01107722
-7,458832E-05
-0,006200204
0,000856368
0,03345172
0,0429058
0,02374803
0,01254131
0,02115453
0,01335572
0,02749421
0,01907652
0,006035299
0,02353261
0,01347428
0,008934265
0,01400618
0,01658176
0,01103961
0,02254338
0,01976981
0,03175033
0,04875366
0,01997728
0,02001699
0,03567642
0,03304419
0,003181323
0,001059341
0,01416138
-0,003014062
0,01625053
0,009690148
0,02027767
0,02384033
0,02690174
0,01687235
0,01181309
0,03241528
0,0280555
0,01956635
0,02222664
0,005828437
0,007256882
0,0177766
0,009230099
-0,005872803
0,01046344
0,008052526
0,005579664
0,008875906
0,01407137
0,02613762
0,02560943
0,0221551
0,01810283
0,0366528
0,01212071
0,01706674
0,03212072
0,02248327
-0,00422194
0,02311046
0,02515648
0,002806357
0,004214517
0,00534531
0,01371088
0,02357826
0,02388987
0,01225704
0,02406824
0,01936755
0,02112154
0,01062942
0,01188423
0,008478633
0,03465063
0,01600029
0,01305976
0,01505522
0,02315614
0,01954845
0,01753312
0,02503278
0,0083873
0,009881406
0,0193315
0,01770324
0,01122845
0,01243812
0,02503139
0,02707687
0,02987408
0,002529534
0,01263779
0,003149585
0,02361601
0,01748327
0,02843551
0,03042046
0,01922879
0,003284964
0,0308513
0,0221811
-0,006156655
0,004267326
0,03309746
0,009850275
-0,01001587
-0,009349216
-0,001261181
0,01432714
0,02398375
0,02266164
0,006943127
0,01473943
0,01910305
0,02743798
0,005367531
-0,000986351
0,0166337
0,01603311
0,01247546
0,02342833
-0,001412599
0,01506958
0,02672867
0,03105677
0,02773249
0,02119977
0,02715652
-0,01413346
-0,01328551
0,009707698
0,003527115
0,004097925
0,001006926
-0,0002408226
0,008501571
0,009001674
-0,0142623
-0,0005008836
0,02527101
0,01297778
0,0123594
0,006226528
-2,351735E-06
0,003912819
-0,001920638
0,01098979
0,005732467
-0,009022554
0,01321606
0,01871744
0,007034261
-0,003218208
0,004955254
-0,005324202
-0,004636044
0,006035632
0,02792862
0,007597576
0,002145583
0,009492421
-0,01507764
0,003922612
0,009620089
0,002306227
0,006586871
-0,009807074
0,01282631
-0,002255184
-0,009399733
0,01096963
0,02465226
0,002806776
-0,0002227874
-0,0004900298
-0,003609624
-0,01003426
-0,0069937
-0,009199688
-0,001980994
0,002102173
0,02149524
0,002603584
0,00753917
-0,01092867
-0,01152247
0,002753921
-0,01017026
0,004575508
0,009137077
0,02030222
0,01534832
0,006304779
0,01277122
0,0009792312
-0,01700448
-0,01592007
0,008363238
0,006311213
-0,007898528
0,01564563
0,007587302
-0,0004696712
-0,004533466
-0,0313538
-0,006275428
-0,0205688
-0,01781735
-0,004552083
-0,005298342
-0,002896582
-0,01739764
0,002970444
0,0231354
0,001026115
-0,01020509
0,004807165
-0,0007030753
0,01331301
0,02448856
0,00820332
0,01188163
-0,002095032
0,01189119
6,473061E-05
0,0172687
0,01343424
0,01298106
0,01028106
-0,001305786
-0,008827084
0,01325496
-0,005169366
0,00784271
-0,01759302
-0,00433285
0,02536735
0,00296265
-0,01073996
0,006196797
0,01055433
0,01888306
0,01772069
0,006228707
0,00155936
-0,007827831
-0,02056636
0,01354946
0,0220653
0,003963784
0,02654302
0,02667923
0,002116408
0,01930493
0,02459617
0,004730223
-0,008215362
0,001611527
-0,004600991
1,042639
