0,1294797
0,113276
0,1405558
0,1949454
0,1951166
0,2590988
0,08989795
0,4134179
0,1051327
-0,1197982
0,0372288
0,2844106
0,1414007
0,05690526
-0,1577347
-0,1584497
0,03972537
0,07439227
0,07894318
-0,01930298
0,06304885
-0,1120251
-0,06353455
-0,00380838
-0,05100517
-0,06974652
0,2571512
0,1009474
0,06695561
0,03704948
-0,006373124
0,1600962
0,00159308
0,06219429
0,05391362
0,3216117
0,05539923
0,00316964
-0,05263631
-0,1893613
-0,01011082
0,1656795
-0,008328573
-0,0003713767
0,04566265
0,01000212
0,2066233
0,3468137
0,1967904
0,1141411
0,1145539
0,178597
0,3000469
-0,03585986
-0,07556618
-0,03473612
0,03752135
0,004540557
-0,03166919
0,01915454
0,0598459
0,1835357
0,1367715
0,06086866
0,109968
0,1169207
0,1221789
0,2576991
0,004363552
-0,2987787
-0,270783
-0,2760331
-0,0785365
-0,04202262
0,2454608
0,2001039
0,2433732
0,1095266
0,1131637
0,133249
0,05012366
-0,01313853
-0,03727232
0,2345104
0,2659053
0,2277556
0,02842987
0,08941311
0,1578537
0,05279449
-0,1140996
-0,08298556
-0,09923469
-0,01823306
-0,0930526
0,1336622
-0,2213862
-0,08233161
-0,07834551
-0,1010472
-0,1757055
-0,09351587
0,006630366
-0,001292348
0,09940786
-0,05103525
-0,1070476
-0,1642634
-0,0896333
0,1334989
0,07990236
-0,01619491
0,1178637
0,3389815
0,1502545
-0,08492998
-0,1664982
-0,04646675
0,03217307
0,007290868
-0,1039442
-0,1941838
-0,2606747
0,205123
0,1452326
0,01783855
-0,1780477
-0,1048102
0,1456223
0,1519268
0,152439
0,001028862
-0,3689468
-0,4214564
-0,2182978
-0,1705323
-0,02206196
0,0963296
0,0231188
0,07382806
0,1177566
-0,1784801
-0,3023357
-0,1744827
-0,1656039
-0,04148442
-0,03732945
0,02679912
-0,02912624
0,006693147
0,001080852
0,1058169
0,2298113
0,7433659
0,2236254
0,03795883
0,1432376
-0,01038712
-0,06750694
-0,1548785
0,1392384
0,25139
0,02175439
-0,2874812
-0,1228735
-0,0524187
-0,01767462
-0,05723287
-0,2310649
0,1208133
0,1485679
-0,01450105
-0,1441806
-0,1887096
-0,003612516
0,0561129
0,01741355
-0,09053263
0,0711401
0,08366518
0,008148523
-0,01442387
0,1225232
0,3750881
0,3063836
0,4342087
0,2702741
0,02373825
0,2073423
-0,1010742
0,1252477
0,1250038
0,04761409
-0,371732
-0,2888876
0,01484375
-0,1322503
-0,09794285
-0,1324813
-0,237514
-0,05657657
0,1235595
-0,1818001
-0,4185205
-0,2409578
0,2287331
0,1394007
-0,08758827
0,0740641
-0,0302692
-0,001849981
0,3815808
0,09131769
0,1636463
0,2528442
0,3345574
0,304283
0,1458444
0,07612143
0,1809921
0,3105994
0,3287842
0,06823836
-0,2472485
-0,187225
0,2506182
0,3709939
0,3986181
0,2375047
0,2285617
0,1311011
0,1336534
-0,06280092
-0,08635831
-0,01001467
0,3852346
0,1946742
-0,05647638
-0,004949122
-0,09129111
-0,1229214
0,1343461
0,1389008
0,2754468
0,2218175
0,05349839
-0,05910781
-0,2024098
-0,003201744
0,02150084
0,1636241
0,1435211
-0,05928497
-0,2430288
-0,1996355
0,3618062
0,4380237
0,394289
0,01552583
0,1688581
0,3787466
0,09856874
-0,1048415
-0,1816981
0,03522111
0,4012579
0,2231425
0,1814711
0,1019124
-0,02338715
-0,1328516
-0,1361678
-0,1738856
0,04148584
-0,1769473
-0,06478165
0,05972833
-0,1799044
-0,197221
-0,07113319
0,2916182
0,3126304
-0,2501376
-0,3937966
-0,4195838
0,1010315
0,1799279
0,05603361
-0,2433072
0,0008739663
-0,07936662
-0,2951641
-0,08056662
0,0759
0,2293683
0,3512078
0,2034368
0,3413953
0,1203721
0,06480478
-0,0889017
0,01395265
-0,04490374
-0,1506809
-0,1586839
-0,0033961
0,1482352
-0,1583989
-0,129704
-0,01007648
0,3847164
0,5322325
0,05532945
-0,3503911
-0,2205007
0,3484158
0,2242434
0,08530399
-0,05554833
0,04952737
0,110051
-0,2196904
0,1446763
0,2565536
0,174503
0,04635422
-0,08313849
0,1981867
0,0336683
-0,1144758
-0,08198768
0,120683
0,06829436
-0,06970431
-0,08813488
-0,2311824
-0,1166422
-0,245628
-0,5467097
-0,2393092
0,1065296
0,7025236
0,1673786
-0,186085
-0,3487759
-0,03644806
-0,001282066
-0,117913
-0,113099
-0,09572408
-0,1675231
-0,2164706
-0,1491088
-0,04158733
-0,00396069
-0,2958807
-0,1939927
0,1979179
0,1529097
-0,1404115
-0,06936434
0,008241197
0,04929598
-0,2916941
-0,1942587
0,1503219
0,2695813
0,08881842
-0,2128373
-0,389793
-0,2157327
0,618067
0,03637803
-0,2275902
-0,4301053
0,04900706
0,1510954
0,1467852
-0,1473332
-0,2134604
-0,1907265
-0,2722106
-0,02052519
-0,172713
-0,04979936
-0,1700435
-0,2110825
0,1700976
0,2514172
0,01478955
-0,07497997
0,02629596
0,1476255
0,04844391
-0,01035649
0,07806399
0,492668
0,2169805
0,0004959833
-0,06808922
-0,08757295
0,9524354
0,2257228
-0,5327915
-0,4096746
0,01798321
0,2985434
0,3399368
-0,1007144
-0,1798131
0,05352399
-0,2017699
0,0006821377
-0,07144169
0,05476546
0,1133602
0,102537
0,3427638
0,06433065
-0,01280686
-0,1231552
0,1704306
0,1230592
-0,08425123
-0,1091623
0,03552469
0,2883774
0,06792792
-0,2332682
-0,4312668
-0,2631586
0,3455757
0,2647365
-0,469116
-0,4479482
-0,1558304
0,12171
0,1091347
-0,2273636
-0,4552089
-0,2866231
-0,2734792
0,2544739
-0,1851156
-0,108214
-0,09034057
-0,1833131
0,1871388
0,08942768
-7,79241E-05
0,06854123
0,1177728
0,0452852
-0,1709424
-0,2363975
0,04790936
0,4534895
0,1640165
-0,2292094
-0,3752864
-0,2577677
0,3600936
0,5793483
-0,1398376
-0,4685156
-0,2096896
-0,02757782
-0,2235741
-0,1133551
-0,2045201
-0,1139256
0,1890521
0,2293532
-0,1179257
0,08339037
-0,0396124
-0,008236845
0,3924317
0,2367149
-0,0229434
0,1251265
0,1318154
0,1142915
0,02594651
-0,1399451
-0,02235239
0,1752973
0,1403677
-0,2572461
-0,5111
-0,2781128
0,4545269
0,5759819
0,01760074
-0,4517748
-0,2818563
0,09411905
0,03265624
0,07349444
0,1184634
0,161169
0,3915401
0,3738312
0,1163416
0,07807964
-0,004834034
0,2083901
0,1932559
0,1809524
-0,03824463
-0,1144159
-0,02317636
0,002083939
-0,1335647
0,06172859
0,0437438
0,1313844
0,1241497
-0,1494018
-0,113698
-0,03745289
0,2454637
0,1262962
-0,2235933
-0,4440588
-0,231957
0,2341344
0,06577737
-0,05982722
-0,06726453
0,1913823
0,05427216
0,1166325
0,3194509
-0,005073036
-0,110023
0,2670341
0,1011189
-0,002734381
-0,02240586
0,09478273
0,01727848
0,007568209
-0,1162363
-0,1139117
-0,07127517
0,07042038
-0,240899
-0,3734924
-0,5092174
-0,2432585
0,3339041
0,2230261
-0,1897617
-0,3634229
-0,2757563
-0,1354076
-0,3743581
-0,2455302
-0,05497458
0,113381
0,03642092
0,01351132
0,02202312
-0,02238493
-0,004722808
0,2402745
-0,06120891
0,1709677
0,1005024
-0,06962107
-0,1260634
-0,152801
-0,01781147
-0,06645203
0,01943959
0,1959715
0,1647767
0,1134492
0,04855231
0,01466371
0,07861241
-0,0202494
0,1225644
0,2337468
0,1202385
-0,004377741
-0,1361873
0,09686524
0,153051
0,1854834
0,1615113
-0,07196953
-0,1734983
-0,06953809
-0,0318184
0,08246699
-0,1504214
0,1723288
0,17091
0,8541974
