0,04047617
0,07623558
0,2924937
-0,07477108
-0,02336349
0,02147676
-0,02076775
0,1024819
-0,0707987
0,09091002
0,4264268
0,1263048
-0,01998005
0,09731085
-0,06762765
0,0795987
0,1060333
0,0580897
0,01512634
-0,02610157
-0,1040959
-0,1077489
0,05810735
0,1393007
-0,004545857
0,2834363
0,07780764
0,05844114
0,0579945
-0,0001932146
-0,0829548
0,01542593
0,1552736
-0,05012175
0,1174932
0,01742834
0,01821071
-0,1397202
-0,09379276
0,01628472
0,1682381
0,1717799
0,128342
0,03349034
-0,06207707
0,1046339
0,02691114
-0,1300438
-0,1466505
-0,1709386
-0,01730777
-0,07160138
-0,2093802
-0,1323358
-0,01116672
0,008921701
-0,06595531
0,07949515
0,1766636
0,124361
0,03826011
0,1610134
0,02829803
-0,09857853
0,009937648
0,1177696
0,05456011
-0,153195
-0,1183589
-0,1556497
-0,1024202
0,08401914
-0,04560231
0,04094988
0,03627026
-0,02300473
-0,203417
-0,05477244
-0,03424749
-0,08281175
0,04661334
-0,05650494
0,04338294
0,1338246
0,01617151
0,1362151
0,1310318
0,1083729
0,18358
0,1234521
0,06401109
-0,08901281
-0,02767962
0,04999989
0,06741537
0,1855835
0,2126857
0,09960027
0,09405322
-0,1536311
-0,06289877
0,07734971
-0,03250781
0,07358495
0,2033753
0,06084264
-0,06389432
-0,2636558
-0,1418666
-0,2642078
-0,0985336
0,03492501
0,1995249
-0,0209461
-0,05797806
0,04253288
-0,01894044
-0,148731
0,04272014
0,1171751
-0,0103175
0,01393898
-0,06708543
0,06620897
-0,1322626
-0,1923629
0,04717006
0,05947731
0,1088215
0,1729393
0,1921954
-0,01151238
-0,1327075
-0,1979515
0,05490161
-0,03085188
-0,1001652
-0,1382387
0,005039571
0,2227909
0,2424839
-0,02366582
0,06475829
0,04507013
0,1111068
0,1121607
0,02417809
-0,05301723
0,0750259
0,159517
0,03828436
0,07223785
-0,06668867
0,05106521
-0,04382195
-0,183302
0,1650307
0,07655679
0,1537522
0,2585665
0,1538192
0,2823784
0,1625235
-0,1792009
-0,1190698
-0,07878951
-0,1453961
0,1578521
0,1963042
0,1932271
0,3526498
0,1304169
0,3972828
0,3256636
0,03013996
0,03576788
-0,01434513
-0,0606504
0,02190976
-0,03050631
-0,04672237
0,02280691
0,02300622
0,05656076
-0,05376401
0,074899
0,2347095
0,05133243
0,2314721
0,1685877
0,1727023
0,2761835
0,006672545
0,09282813
-0,05555556
0,1446689
0,2712944
0,3106283
0,4012984
0,2343055
0,1335797
0,1750906
-0,01514871
0,01036952
0,06278856
0,05314545
-0,0742138
-0,1219246
-0,05992002
-0,1133196
-0,08767874
-0,167811
0,03905489
0,09558463
0,05800016
-0,02266429
0,2807519
0,121443
0,02463433
0,07055573
0,1807184
0,05829937
-0,0969623
-0,1221738
-0,0309926
0,1812137
0,3038559
0,241754
0,03810556
0,009315313
-0,01712924
-0,1484689
-0,1093902
-0,1441263
-0,2518564
-0,1471873
-0,0006079545
-0,114379
-0,09162217
-0,04941442
-0,02733757
0,07830072
0,02545561
-0,0106275
0,1719009
0,002330741
0,2198193
0,1346739
0,1248917
0,3278958
0,3394001
0,1758897
-0,166829
-0,1914628
0,03707531
0,02543329
-0,1965091
0,1354468
0,3374406
0,3486715
0,1358744
0,09972875
0,03689697
-0,1063946
0,005937925
-0,03313513
-0,01193548
-0,1323423
-0,1362527
-0,04712389
-0,00289541
0,01753971
-0,1909107
-0,249962
-0,0669653
-0,3111357
0,02162296
0,007318153
0,007695358
0,09313394
-0,07641762
-0,1359761
-0,1036835
-0,1231519
-0,1753628
-0,2870363
-0,2669347
-0,03585653
-0,07566646
-0,007275049
-0,01258524
-0,06824763
-0,1146649
-0,1295274
-0,1159943
-0,1470934
0,01161496
-0,1134124
-0,03735488
0,02222039
0,1148534
0,1823315
-0,1103881
0,0391837
0,1111068
0,09077787
0,2059656
0,02412122
0,1492421
0,04993513
-0,1903222
-0,3970459
-0,1121411
-0,1681616
-0,1495837
-0,07637256
0,03527483
0,02678069
0,1161301
0,05002042
-0,00204983
0,1569808
0,4008382
0,2940063
0,2093781
0,119284
0,06481145
0,04771427
0,1545276
-0,02975848
0,02720772
0,08914
-0,09474861
0,02783301
0,1133798
-0,007851577
-0,001702865
0,06902508
-0,1685384
-0,1832563
-0,1973467
-0,1941745
-0,06868379
-0,2090137
-0,2217523
-0,2450706
-0,1188985
-0,07654215
-0,06633868
-0,005475723
4,723423E-06
-0,1517461
-0,02629038
-0,1121774
-0,02716903
-0,01157307
-0,0781536
-0,09655374
0,05339374
0,06985007
-0,2367104
0,0833223
-0,04757994
0,1129399
-0,04814037
-0,05412439
0,1672965
0,1041614
-0,2449586
-0,1118884
-0,02589973
-0,08276673
-0,09170475
-0,04657435
0,003653903
0,1604712
0,09790544
-0,05449234
-0,02775481
-0,07889356
-0,170287
-0,106081
-0,01987694
-0,158043
-0,07334339
-0,02784643
-0,06229028
-0,03033062
0,03056797
0,04902252
8,363777E-05
0,263795
0,02594711
-0,001702984
-0,1509151
-0,04105693
0,04067714
0,1542512
-0,06016249
-0,04285874
0,06359886
-0,01639364
0,06072531
-0,1413051
-0,05789618
-0,006814788
0,09504723
0,001820949
0,1543327
0,1047273
-0,05938339
0,04766243
-0,02629149
-0,1880963
-0,1021353
-0,0952997
-0,02122535
-0,147983
-0,1256606
0,05860872
0,07570754
0,1212451
-0,05443054
-0,007072612
-0,03956282
0,007564469
0,1604171
-0,0381465
0,07903568
0,06429183
0,09567854
0,05402235
-0,06833012
-0,1281738
-0,05458556
0,03546112
0,1591146
0,2507809
0,1191906
0,2111825
0,1469865
0,1356995
-0,1034438
0,002610448
0,170576
0,02306883
-0,07318549
-0,2021472
-0,0588561
0,06529184
-0,1208985
0,01551956
0,1369352
0,01035047
-0,1137591
-0,03915051
0,08732323
0,1454184
0,4185007
0,394867
0,1433634
0,1513181
0,196406
0,03719231
-0,124373
-0,001796763
0,07239226
0,1605814
0,1490652
0,06045116
0,2041147
0,2716355
0,2235225
0,1799017
-0,03718854
-0,07696754
0,02804383
-0,07049026
-0,01421672
0,04362971
-0,0523713
0,04671217
0,1202485
0,05405177
-0,09827037
-0,02716585
0,1209402
0,2934245
0,1269301
0,08177978
0,08320641
-0,01467031
0,06325259
0,08779428
-0,1520139
-0,1303554
-0,1279105
0,06952119
0,07219369
0,04643851
0,03709009
-0,04219055
-0,07163899
0,1070325
0,01382712
0,03345488
-0,0383587
-0,05410051
-0,1006931
-0,01477355
-0,03584551
0,02333452
0,05716399
0,07992426
0,01595385
0,07805482
0,3464437
0,1550557
0,05649738
0,1769748
-0,03063711
-0,00910132
0,1024045
0,1542137
-0,1784991
-0,135092
-0,1440526
0,067697
-0,07291252
-0,1358133
-0,07959886
0,1157383
-0,02079277
-0,04323668
-0,08535059
-0,04055111
-0,003285262
-0,1387099
-0,2176688
-0,1260021
-0,2068215
-0,162233
-0,01988417
-0,02399093
0,01075356
-0,1020934
0,1366967
0,1205661
0,01718321
0,08616855
-0,08175206
0,04948803
0,09466829
0,257516
0,02592588
-0,1744956
-0,1872347
0,02058838
0,04250694
-0,0852034
-0,06937873
-0,008665952
-0,05545476
0,09397591
-0,08821831
-0,04201883
0,08148181
-0,05803151
-0,16549
-0,1337579
-0,2423562
-0,02237501
0,1375939
0,01252866
0,1145498
0,1109981
0,1307925
-0,07251271
0,1012852
-0,1376116
-0,2575026
-0,1333091
0,0342875
-0,02824182
0,01676968
0,007415941
-0,1947785
0,06624082
0,1548178
-0,01478674
-0,08095241
0,07540946
0,1770623
0,01974784
0,01328759
-0,07260238
-0,06577273
0,1180275
-0,05878129
-0,2202901
0,934234
