-0,1396036
0,0985138
0,2485848
0,01262444
-0,08122126
0,323817
0,02422371
0,1033128
-0,03412513
-0,1909807
0,2634028
0,4114752
-0,01696324
-0,1813706
0,253054
0,5109745
0,4841079
0,4293974
-0,192955
-0,3737107
-0,1289402
0,06659987
0,3084853
-0,121495
-0,2171648
-0,3308388
-0,2210493
-0,1875542
-0,2043849
-0,05750969
-0,0427185
-0,05179301
-0,1591262
-0,08143929
0,07889663
0,333504
-0,1929045
-0,1736242
-0,08470549
-0,08492976
0,06979475
0,06770389
-0,07697418
-0,06913589
0,2570039
0,4228623
0,02459664
0,1294848
0,08758967
0,005267033
-0,09323219
0,1368363
-0,02485078
0,05587934
0,2700828
-0,4457639
-0,3967223
-0,1751974
-0,02110351
-0,05255615
0,2152924
0,1356084
0,1824877
-0,05280619
0,0932579
0,07360851
-0,05370174
0,2585858
0,1360658
0,1680312
0,07563581
0,2777246
0,1443416
0,2176697
-0,04354236
0,3810589
0,2001624
0,07003371
0,06660587
0,1309744
-0,04298993
0,04922401
0,1658841
0,1941195
-0,1395231
0,0772212
0,03286933
0,006275271
0,07285702
-0,2988213
0,003644986
0,1697629
0,2582833
-0,0975595
-0,1825695
0,04371858
-0,06086827
0,1430183
0,04958631
-0,002680981
-0,2750398
-0,2450282
0,1107237
0,1633554
0,1921742
0,4826278
0,1999202
0,1669177
0,2841777
0,1417418
0,0733453
-0,02282177
-0,02127993
0,06286779
0,08684113
0,174904
-0,1778931
-0,1031682
-0,03948195
-0,2422214
-0,003733999
-0,18036
-0,1401855
0,006970656
-0,2708346
0,2412403
0,227996
-0,05089339
0,171734
0,1686679
0,08765265
0,04302529
-0,1023741
-0,1844295
-0,1008303
-0,0006547059
-0,05619773
0,0055112
0,05788452
0,2293253
0,2243879
0,2195706
0,03438106
0,0115317
0,04682355
0,1094416
-0,2269445
-0,1607669
-0,1505941
-0,3108616
-0,07531176
-0,2345588
-0,1492898
-0,02581193
-0,01142839
0,2756028
-0,1110989
-0,3210882
-0,2391202
-0,2655129
-0,1407486
-0,2053359
-0,29686
-0,1351053
-0,2158571
-0,111411
-0,1048865
-0,2540106
0,04086596
-0,1091998
0,02738525
-0,1741803
-0,3778243
-0,3051968
0,1522754
-0,184319
-0,08748051
-0,07454824
-0,04000909
-0,1093889
0,1082222
-0,2684639
0,1715838
0,1074223
-0,2228156
-0,328072
-0,5073803
-0,2952077
-0,160766
-0,02921666
-0,1379315
-0,02521195
0,1806067
-0,04077937
-0,234484
0,02570618
-0,1148635
-0,07652476
-0,1568867
0,2049962
0,1369545
0,1386857
-0,4177021
-0,0928698
0,116812
-0,1754857
0,04602521
0,1255553
0,359144
0,04617731
-0,1097791
-0,4957931
-0,02597282
0,05590284
-0,4652365
-0,5574146
-0,5090906
-0,4874262
-0,4896058
-0,1221148
0,07480942
-0,1134138
0,2179698
0,09855312
-0,1260242
0,04941323
-0,2531312
-0,09762157
-0,1826208
0,1644729
0,1344391
0,3185848
-0,1878352
0,003524357
0,2223345
0,4739693
0,3579891
0,2239742
0,430178
0,182425
-0,2092636
-0,09912842
0,152939
0,3741488
0,2163572
-0,27472
-0,3374603
-0,1483847
-0,4814297
-0,1786208
-0,1337397
-0,105872
0,3350383
0,09717676
0,1761148
0,2279871
0,1035845
0,4878006
0,32767
0,396314
0,1352905
0,1492026
-0,03498969
-0,009072406
0,3057644
0,4925974
0,2613836
0,304139
0,3733416
0,1550057
0,01281954
0,1421118
0,02928526
-0,04447326
0,08086802
-0,289609
-0,135504
-0,3194696
-0,4447115
-0,5085262
-0,04291502
-0,02455326
0,1438638
0,06154349
0,04467817
0,06320792
0,01186896
0,2816287
0,2367558
0,264262
0,08283611
-0,1388991
0,006238394
-0,02714264
-0,2077694
-0,01591189
0,2926786
0,190029
0,1657985
0,2212571
-0,2155232
-0,02489789
0,03380306
0,2800124
0,3622561
0,1147728
0,3020498
-0,2549487
-0,5946086
-0,5220994
-0,3380059
-0,1219216
0,3577024
0,09449815
-0,2584039
-0,08579034
0,2722633
0,4155238
0,1960568
0,09282571
0,06262102
0,2594661
-0,02267911
-0,2732081
0,06771123
0,07144767
0,1280714
0,0504256
0,2321889
0,1364171
0,2888756
-0,06219444
0,2032072
0,1837024
0,231755
0,01350313
0,1828387
0,002086558
-0,222981
0,2388783
-0,06612741
-0,0407404
0,2435877
-0,04174246
-0,3060064
-0,06585065
0,3665053
0,231034
0,1565001
0,405611
0,1384374
-0,02569623
0,04407298
-0,282732
0,01058008
0,1296179
0,1897033
-0,1373446
0,04924854
0,1032686
0,1110715
-0,3114713
-0,1519519
0,07620367
-0,01205042
0,3163388
0,2119967
-0,1232879
-0,02691897
-0,1719794
-0,514783
-0,03875808
-0,003994843
-0,04960803
-0,08769446
-0,06872675
0,09571277
-0,01015587
-0,2430586
-0,3357014
-0,1644529
-0,1740997
0,004353632
-0,278241
-0,2952403
0,1969342
-0,1510621
-0,3393054
-0,2640625
0,1332947
-0,04792577
0,05041346
0,08195694
0,2223167
0,2250895
-0,01325894
-0,1078063
-0,1751534
-0,2593445
-0,3910623
-0,5597073
-0,2410868
-0,04922728
-0,03298098
-0,06571087
0,02758601
0,08268866
-0,03826248
-0,431283
-0,3022238
-0,3776722
0,1069035
-0,0352454
-0,03548005
-0,200768
0,1259408
-0,08257614
-0,323385
-0,2130409
0,1903969
0,1505884
0,2007678
-0,002504724
0,07330091
-0,07458106
-0,4661478
-0,5301987
-0,1884535
-0,3026245
-0,566734
-0,3750445
-0,1691449
-0,01749641
0,1272406
-0,1005458
-0,0190281
-0,08199193
-0,243839
-0,1576314
0,1519297
0,1925866
0,2512877
-0,1386945
0,06799909
-0,05832386
-0,05326108
-0,1187821
-0,3094632
-0,2446222
0,03744294
0,1157047
0,136241
-0,02933083
0,05729603
0,1726396
-0,1003093
-0,1388391
-0,03409642
0,0946885
-0,1302584
0,1347391
0,2061589
-0,007393143
-0,1474658
-0,07642936
0,1105047
0,1108362
0,111213
-0,09049373
0,03967749
0,2916059
-0,006049158
-0,08213273
-0,1892928
0,124115
-0,1202167
-0,007392224
-0,1173825
-0,01235022
0,07771476
0,188667
0,1808777
0,08220955
0,2196284
0,1573389
-0,3485604
0,03425258
0,1773914
0,07649186
0,2460011
0,2704465
0,2011621
0,05064368
0,1253678
0,3371266
0,2803881
0,2291576
0,1448683
0,07413701
-0,0868491
0,113608
0,1652453
0,1728985
0,1350749
0,2929766
-0,1660577
-0,2780813
-0,2301276
-0,04300451
-0,003899403
0,1224935
-0,01157957
0,2069955
0,4502684
0,2958989
-0,01917497
0,2051324
0,4970111
0,1964672
0,153913
-0,06825548
-0,200474
0,1493402
0,4420117
0,06753016
0,2233879
-0,09803528
-0,01925678
-0,07877879
-0,06714746
0,0943587
0,2406768
0,3627668
-0,1895767
-0,05729096
-0,3830661
-0,4463209
0,03644546
0,1637648
-0,01364685
-0,1042448
-0,07923348
0,3792451
0,6539933
0,513935
0,100472
0,1126254
0,09706407
0,002494592
0,05507993
-0,1532599
-0,01884197
0,2150024
0,1473958
0,0007557892
0,2843045
0,05593511
0,1431445
0,01298829
0,05899926
0,1605716
0,1432162
0,09832737
-0,2864443
-0,4274186
-0,2742821
-0,1439378
0,2503658
0,02333184
-0,04149621
-0,1893678
0,01398515
0,1269716
0,1763407
0,4493133
0,09122872
0,3243766
0,2464482
-0,139932
-0,366384
-0,3411051
-0,089675
-0,4139535
-0,1404885
0,09056608
0,2700604
0,2820787
0,1927004
0,08723081
-0,08088075
0,05521173
0,03413275
-0,08093389
0,0467013
-0,1633569
0,03483625
0,077248
0,152245
0,1589319
0,1584058
0,7074264
