-0,02083437
-0,03949057
0,01245196
-0,001906686
-0,007088085
0,01362372
-0,006066664
0,01282472
0,03970316
0,03735502
0,01852191
-0,0007440279
0,03656616
0,01837039
0,008798822
-0,01713239
-0,007677358
0,001314805
-0,003242196
0,03276701
-0,01384121
-0,0173207
-0,02224462
-0,01973667
-0,0236714
0,05447229
-0,0001938014
0,01164358
0,01517138
0,03546748
-0,01903283
-0,003733748
0,006343038
0,02867584
0,03467382
0,006145035
0,007921446
0,02383284
-0,002636082
-0,03183798
0,02318595
0,01725192
0,03069249
0,009634576
-0,00829796
-0,007726107
-0,02629376
-0,01025696
0,0140981
0,01022011
0,01820824
0,02535177
-0,003697444
0,0304099
0,01141541
0,07292923
-0,009141601
0,02341255
0,00578587
0,02707149
-0,01643472
0,03031973
0,01354584
-0,0004209939
-0,00872771
-0,01545115
0,01470471
0,01857408
0,03857841
0,01672118
0,006546704
0,006737402
0,0404644
0,03189968
0,002555766
-0,01175032
-0,02589753
-0,01949366
0,006573152
-0,02472937
-0,007302924
-0,01927394
-0,001959776
0,02238578
-0,01322833
0,0153308
0,003377523
0,01025562
-0,00947345
0,01026093
-0,005818403
0,002908675
0,0491203
-0,01060181
-0,0005177966
0,03758965
0,0371734
0,05893346
0,04579423
0,006189936
0,01418166
0,01324261
0,01945344
0,02442242
0,03602293
-0,0129013
-0,01710431
-0,01127108
-0,0003036752
0,0007647972
-0,001234836
-0,0008795977
0,01710579
-0,003136682
-0,03201395
-0,02251451
0,001787057
0,004202685
0,0002137143
0,05087516
-0,008952113
-0,002708203
0,06041536
0,03318013
0,01432539
0,04793803
0,03132228
0,04720118
0,03807908
0,02171613
0,009254222
0,02376326
0,05133168
0,0209941
-0,009050245
-0,01309358
0,006904842
-0,001529707
0,0101128
0,03325408
0,05022741
0,01169388
-0,01081717
0,007192568
0,00281402
0,01477374
0,001129513
0,0031877
0,01656968
0,06272897
0,0166216
-0,01414671
0,02216586
0,03317948
0,01988859
0,02355414
0,04995558
0,05928969
0,06898841
0,06918465
0,027168
0,01577731
0,06075816
0,002689647
-0,02677572
0,006437538
0,03851086
0,03633654
0,01468435
-0,001986618
0,03316764
0,03770485
0,01331824
0,0195454
9,940776E-05
0,02002
0,02220658
0,007492985
0,03661346
0,07316421
0,0334325
-0,01717835
0,005979577
0,03803239
0,05143705
0,01905235
0,008584185
0,01593908
-0,005222697
-0,0001872895
0,01824208
-0,006252389
0,004455544
-0,004135701
-0,02848544
0,02400406
0,02704193
0,01933463
0,02205224
0,003231286
0,02567652
0,05620169
0,02995755
0,01369258
0,02814386
0,03536431
0,01713915
1,5525E-05
0,009179577
0,05457629
0,02555316
-0,01405629
0,033503
0,02000701
0,04856415
0,01230165
0,02287761
0,05352808
0,03693832
0,009151163
-0,01202661
0,01967842
-0,01419666
0,02855467
-0,01774243
-0,02667238
0,02400983
0,01009451
0,0271735
-0,0001675332
0,005604097
0,02060666
0,03071947
0,04474701
0,009027869
0,009018795
0,02164586
-0,003531558
0,0007612559
0,01093615
0,001730846
-0,01135623
0,03313988
-0,004959649
0,03699654
0,0009610713
0,04367528
-0,009968842
-0,02224105
-0,0162837
0,01095049
0,0006425027
-0,03100146
-0,008305666
-0,02693098
-0,03150369
0,02128429
0,04726782
0,007493131
0,02377904
0,01218828
-0,001903388
0,0292341
-0,005494927
-0,0009281376
0,0004899528
0,03601409
0,03951623
0,04463164
0,03498433
0,00684844
-0,00690326
0,02978924
0,01856613
0,02747048
-0,02219029
0,02670695
-0,01645329
0,007622904
0,04350735
0,004020678
0,03312981
0,004214778
0,01711168
-0,005089249
-0,03280642
0,01159133
-0,0002921731
-0,006718039
0,007113758
-0,02081589
-0,02538744
0,02307145
0,01320807
-0,006627234
0,03650769
0,02532608
0,05698172
0,0351744
0,01647923
0,02061965
-0,01956101
0,0081734
-0,008225722
0,02442193
-0,02934648
-0,003477382
-0,01502442
0,04046975
0,05910556
0,01285578
0,02863418
-0,002938792
0,01004158
-0,03588682
-0,0351807
0,008011637
-0,01641326
-0,0007346712
0,04014311
-0,004794948
0,003379661
0,05119757
0,04304078
-0,007074027
0,03576251
0,04967235
0,07731738
0,04837726
0,01800277
-0,004893939
-0,02633462
0,006429648
0,04086657
0,0438759
0,002515382
-0,01776144
0,008562732
0,03926546
0,01810092
0,03090499
0,03394406
0,04174586
0,01340584
-0,02266512
0,01286164
0,01769058
0,08164006
0,02231895
-0,01896396
0,0004365964
0,02104796
0,02808637
0,04060622
-0,01159572
0,007901356
0,03523475
0,0904099
0,05566771
0,05156664
0,02195444
0,002734757
0,01707148
0,05179493
0,02521133
0,001354681
-0,009776928
0,03828182
0,03164347
0,003168131
0,03060902
-0,00391016
0,005389398
0,01607701
-0,01289291
0,009732134
0,01918045
0,04311637
0,0007176052
0,01081526
0,02565324
0,03874502
0,02982865
0,0254326
-0,001827025
0,0002985785
0,01951369
0,0548709
0,0120882
0,02905796
0,02490736
0,009719403
0,02416718
0,03249473
0,02265777
-0,007518733
0,01652556
0,05044737
-0,008917862
0,002390233
0,02611618
0,00408326
-0,01460977
-0,00434272
-0,02512314
0,01367266
0,01690502
0,008587582
0,02229422
0,03127462
0,04132928
0,05498921
0,01468919
0,00687104
0,01228484
0,008944156
0,01717977
0,03762598
-0,02537474
-0,005537074
0,005617179
0,02890651
0,05284508
0,01436851
0,02997802
0,03299331
0,02411079
0,02683509
0,009458809
-0,005001366
0,02900863
0,004836529
-0,007270054
0,01861564
-0,002891895
-0,01904627
0,01838021
0,03379889
-0,004309818
-0,005177696
0,03390904
0,03470151
-0,0008152299
-0,005415843
0,007409344
-0,000507239
-0,02319036
-0,01555644
-0,04028617
-0,001170526
0,01606724
0,01435065
0,0106698
0,06205341
0,07136749
0,06519855
0,04940976
0,04516926
0,01517517
0,0211165
0,006675859
0,0158403
0,007475193
0,02072921
-0,006074765
0,02711419
0,01146789
0,04102178
0,04431389
0,01786699
0,04468106
0,02227402
-0,01136769
-0,0006393119
-0,01401171
0,02021656
0,008098013
-0,002377459
-0,04044822
-0,02541971
0,04389668
-0,001247989
0,005809396
-0,008106763
0,0228784
0,06927652
0,08302388
0,07177849
0,03525226
0,03897941
0,04606485
0,02003876
0,03932541
-0,01222305
-0,03508939
0,02206131
-0,001254414
-0,004291927
0,009731365
0,02018389
0,0175514
0,003279695
-0,02788334
0,004819565
-0,01411996
0,02485132
-0,003758771
-0,04242903
-0,02145002
-0,01908687
0,005420934
0,03418582
0,01666163
-0,02101203
-0,02209901
0,0156833
0,05917982
0,03285663
0,04342683
0,03874166
0,01240852
0,002401857
-0,008320788
-0,01527033
0,0122351
-0,003937971
0,01852186
0,03508853
-0,0007449633
-0,01515235
0,0212476
0,006851352
-0,01458936
-0,02017578
-0,01890084
0,0009441485
-0,02495582
-0,03420739
-0,01711558
-0,01244938
-0,02703471
0,03926027
0,01253938
-0,0113401
-0,007498686
-0,04491705
0,01524045
-0,01292603
0,009503442
0,0312645
0,006042992
0,006603125
-0,00943212
0,01528622
-0,002380189
-0,008374365
-0,01580179
0,01774951
0,02344527
0,007285499
0,001140442
0,01597123
0,005707329
-0,01296165
-0,02472176
-0,03263948
-0,04139309
-0,01700564
-0,007432933
-0,01069816
-0,009451289
0,009131717
0,03626271
0,02532282
-0,02585886
-0,04152281
-0,03477041
0,03150206
0,06793576
0,04521533
0,02774254
0,05427584
0,04190697
-0,009480482
-0,01550328
0,015939
0,008836124
-0,00880185
0,002043619
0,01919906
-0,00420821
0,02092327
0,03086644
-0,02807312
-0,02645931
-0,002623056
-0,04343102
-0,03105951
-0,01622579
-0,00921271
1,048028
