-0,005432948
-0,03164123
-0,01039634
0,006798056
0,04610006
0,07599793
0,03938949
0,04935653
0,02322306
0,02013865
-0,01369558
-0,02048421
-0,01583418
-0,02256474
-0,04893105
-0,01937433
-0,02127893
-0,03028354
-0,02333219
0,003634251
0,01877483
-0,007724595
0,02146277
0,01776389
0,007283102
0,009853319
-0,01512105
-0,01940577
-0,0106296
0,03222911
-0,001814388
-0,021991
0,02665782
0,03830704
0,04391566
0,07269798
0,02251867
0,002827641
-0,01098735
-0,00291014
-0,008234479
0,02766762
0,03955204
0,02142634
0,01417903
0,03739214
0,01742369
0,0009029528
0,001775713
-0,01815986
0,03411785
0,005619017
-0,01205662
-0,002725858
0,04057828
0,03130704
-0,001623512
-0,0008583189
0,0007606274
0,01860825
-0,02365538
-0,01721626
0,0158009
0,01769316
0,005147133
-0,02668735
-0,008109675
0,01272663
-0,02748807
-0,01020641
0,01488518
-0,008813795
0,01078543
-0,01088007
0,009836282
0,01030379
-0,0362772
0,002619298
0,02400371
0,008423308
-0,009423486
0,01517401
0,01874881
0,03618843
0,02597302
0,0164741
-0,01307676
0,02027509
-0,01227947
-0,01648612
-0,02484774
-0,001349348
0,05774796
0,03260156
0,03294403
-0,01825417
0,03473898
0,06219374
0,01308579
0,02357032
0,03266786
0,002256057
-0,002298788
0,00152003
0,02966265
0,02704147
-0,005156016
-0,001620829
-0,005108135
0,03365624
0,007226123
0,01226861
0,01060159
-0,007386834
0,0008282234
0,05326913
0,02477102
0,0137126
-0,006085686
0,007515147
0,01676651
0,02651374
0,04403526
0,0315529
0,019686
-0,009597244
0,03828756
0,04896601
0,004621118
0,05036942
0,03190018
0,007405942
-0,01553863
-0,02176007
0,0002694375
0,02416064
0,02119869
0,02849331
0,02246481
-0,015685
-0,01713472
0,02630256
0,02016601
0,02938063
0,01402207
0,005190254
8,189682E-05
0,01062276
-0,01323206
-0,002375298
0,02229204
0,04610666
0,0347779
0,01967404
0,005989943
-0,006563807
0,03788302
0,03980765
0,03268109
0,0273494
0,006371529
-0,01042786
0,0006705771
-0,02262024
-0,007999649
-0,005211116
0,006062881
0,01077442
0,03042276
-0,01632852
-0,003644695
0,02648378
0,05315461
0,007933276
-0,01488662
0,01703589
-0,002647307
0,002927538
-0,006422414
0,004635843
-0,001928679
0,03784168
0,03542985
0,01593396
-0,02607623
0,00752414
0,02045291
0,03326218
0,03721959
-0,008977897
0,01305615
-0,03420556
-0,02439508
0,004814193
0,006466005
0,002975796
-0,01515134
-0,01643672
0,001226583
-0,005251314
-0,009000822
0,04696034
0,0397376
0,02451707
-0,01846473
0,0152495
0,05147155
0,03194648
0,01577789
0,01162054
0,02786734
9,308493E-05
0,004665159
0,01445101
0,006984968
0,04431839
0,03009892
-0,01631955
-0,02514123
-0,02697637
0,004264488
-0,005483468
-0,01481552
-0,002665597
0,02369334
0,009832156
-0,004478596
-0,00743644
-0,005010727
-0,01206069
-0,01097835
0,006608263
0,02446176
0,02516002
-0,002681388
0,006063648
0,04067469
0,02210785
0,01372834
0,00963189
0,01901
0,001144013
-0,003640159
-0,01061228
0,01192158
0,01527859
0,01679358
0,0009730987
-0,04564266
-0,04305433
0,05213542
0,01391451
0,02213511
-0,004719411
0,01309491
-0,007403777
-0,0287907
0,008574985
0,002368793
0,0001539987
0,002022865
0,01157128
-0,002264468
-0,001492988
0,005157176
0,009398697
0,01783483
0,02106223
0,0135451
0,02637115
-0,003610512
-0,004735105
0,00889249
-0,01626647
0,008562013
-0,002929733
-0,003480498
-0,03926301
-0,05831858
-0,0263213
-0,01361316
-0,01393731
0,01263338
0,04686048
0,01995686
0,01036756
0,0392791
0,0007833374
0,0139831
0,02140312
-0,0003375674
0,004941315
-0,02812393
-0,0115922
0,01364782
0,02430111
0,0200498
0,02566793
0,007834104
0,02608858
0,01267244
0,01570065
0,01105664
-0,01762176
0,03010768
0,02502947
0,0005481919
-0,02348891
-0,01094888
0,02205166
-0,007631464
-0,01947841
0,004170617
0,0421188
0,00568216
0,01276736
0,02951551
-0,01215583
0,01123851
0,05188507
0,01672225
0,000696432
0,03363534
0,000519034
0,02002372
0,02065262
0,03416405
0,05276832
0,03805581
0,02811195
0,009601069
0,05438469
0,04164413
-0,02291382
-0,007790203
-0,0161324
0,02103424
0,01031135
-0,0303665
-0,001543405
-0,01553172
0,009050736
0,02583255
0,02440456
0,03177686
0,02560467
0,02813608
0,02715645
0,04355047
0,04174824
0,03813231
0,02988983
0,003894774
-0,00638468
0,008176276
0,006201381
0,03672305
0,0199641
0,01484272
0,0256883
-0,008771444
0,04011457
0,021735
0,009197674
-0,03071725
-0,03585198
0,002717512
0,0008793685
-0,01302692
0,01586688
0,05482524
0,05078925
0,05055998
0,05612826
0,02874079
0,06064731
0,04840302
0,02047903
0,04480694
0,03765532
-0,02076932
0,01226785
0,01199752
0,01330409
0,01778507
0,01179637
0,02751419
0,01040868
0,02745459
0,01696632
0,04254947
0,07052676
0,02162039
0,01875182
0,004623112
-0,007768433
0,02079116
0,03915066
0,03893446
0,02615271
0,05315385
0,02587356
0,02364967
0,04914759
0,02740973
0,03664668
0,05249031
0,02697252
0,04407654
0,007729906
-0,0145525
-0,002545259
-0,004276105
-0,0110492
0,04648205
0,03377844
0,02040876
0,00853711
0,01438742
-0,006506864
0,04853051
0,04751187
0,01614565
-0,0003609958
0,02993898
0,007923544
0,02422234
0,002005248
0,01355058
0,01493835
0,07139152
-0,0008834723
0,01429124
0,01131334
0,009220446
0,005081403
0,04338304
0,03613552
0,00792302
0,01479161
-0,03159072
0,000539722
0,01648349
0,03437798
0,06367986
0,01995983
-0,03392524
-0,03270388
-0,005611247
0,02326263
0,01455494
0,04700831
0,01623713
0,01500894
0,01010224
-0,003474412
-0,004251285
-0,002465906
-0,005538411
-0,008635824
0,009923019
0,01903374
0,01684575
-0,002692824
0,0009180625
0,01812235
0,006708674
0,03306037
0,04602176
0,0001628051
-0,02422054
0,03166673
0,03475956
-0,006198379
0,01882054
-0,001770888
-0,01125145
0,01387058
0,007835355
0,006857859
-0,008847635
0,008065728
-0,000781108
0,008389236
0,007756854
0,01599179
0,01121101
0,02841634
-0,01368007
0,01210352
0,005603238
0,01616055
0,02542645
0,001826957
0,0001871175
-0,005258331
0,00562659
0,02126602
0,04071345
0,003590409
-0,002358068
0,02774191
-0,0003897496
-0,005347489
0,03580666
-0,0007129203
-0,04436234
-0,02266506
0,004649059
-0,01689925
-0,0210734
0,006317026
0,02215118
0,01172453
0,02175376
0,03340698
-0,008143723
-0,005193574
-0,02169769
-0,002074014
0,007735979
0,01006209
0,04387155
0,0399139
0,006945251
-0,0198396
-0,001459445
0,02883995
-0,01206652
-0,03114963
0,02403139
0,02751966
0,004327669
-0,008627915
0,01054884
-0,0002882163
-0,021977
-6,426086E-05
0,004321521
0,009870091
0,01001865
0,01911129
0,03019735
0,01771535
0,04710293
0,01977986
0,03860724
0,03629715
0,002794498
0,005139264
0,03375863
0,02589791
0,01918055
0,05315484
0,04501193
0,01542966
0,0411172
0,05321463
-0,005965856
-0,01154274
0,002654538
0,007191122
-0,002489815
-0,008964163
-0,01737405
-0,03955979
0,02171547
0,008030421
0,01009177
0,02580462
0,04331733
0,03946904
0,03386771
0,002365006
0,02309469
0,01223738
0,01620885
0,03002517
0,0293325
0,03376591
0,04682751
0,01398227
0,02360469
0,02732855
0,01028379
0,03661582
0,01690069
0,01861335
0,01922103
0,01441092
-0,003104195
0,006468222
-0,02413088
-0,01053347
0,01317432
0,01521427
0,006596517
0,01311569
-0,00318687
0,02965703
1,028774
