0,09215408
0,06847119
0,02022595
-0,0755541
-0,165404
-0,1557315
-0,1450668
-0,2410771
-0,08215728
-0,09609643
0,1259116
0,2613904
0,1927133
0,09446621
0,1777938
-0,04450744
-0,1332272
-0,1603317
-0,02234239
-0,03122317
-0,2073853
-0,4005671
-0,1614693
0,1615676
0,3089012
0,2863694
0,1061168
0,1630231
0,1676773
0,1351167
-0,05276895
0,2641104
0,03166064
-0,2478268
-0,1266604
-0,07080593
0,03186451
0,008300047
-0,004224895
0,3010049
0,4546583
0,1646412
0,04454735
-0,05505699
0,184811
-0,01733552
0,1342752
0,2494926
0,1010506
0,03085628
-0,05382791
-0,2004647
-0,1428416
0,05495119
-0,1624983
0,1741133
-0,1741939
0,06557931
-0,1086641
-0,07413357
0,09729645
0,2433349
0,1418388
-0,0573164
-0,05297938
0,05520931
0,08195567
0,09921551
-0,1053852
0,1009768
0,06280031
-0,1402865
-0,0098114
-0,08162618
-0,1983912
-0,05258781
0,2788666
0,03256638
-0,2059563
-0,1742016
-0,1429257
-0,2577552
-0,3531462
0,1144119
0,1575675
0,167692
0,009824304
0,211607
0,07512128
0,1084245
0,09582628
0,07022527
0,03277621
0,002407919
-0,3900827
-0,2056469
-0,4368474
-0,06491819
0,0332699
0,03678037
-0,02115643
-0,04742687
-0,1478366
-0,1809554
-0,4649563
-0,1801886
-0,2414992
-0,1721511
-0,2472551
-0,2256165
-0,07793561
-0,02729621
-0,263214
0,06832471
0,285517
0,1321158
-0,1485256
0,07660252
0,07614663
0,1767406
-0,1136414
0,008832923
-0,1870064
-0,0226788
-0,3144141
-0,002019224
-0,2678954
-0,2647209
-0,2977846
-0,08776249
-0,2220103
0,06669227
-0,05377182
-0,1898561
-0,1642424
-0,1291052
0,08911695
0,4912611
0,1256135
-0,04132959
-0,04158905
-0,01180927
-0,1355177
-0,1743116
-0,008975303
0,08079847
-0,005700263
-0,03706237
-0,110228
0,1157749
-0,1302363
-0,2103222
-0,2720917
0,1818715
-0,05324541
0,01328283
-0,06957004
-0,1660365
-0,5479457
-0,2341996
-0,1503889
-0,1412466
-0,2902409
-0,2754228
-0,1492399
-0,0002885046
0,02945703
0,3637134
0,07309953
0,0234739
0,1148255
0,02849505
-0,1355387
-0,09547692
0,0384814
0,03540161
-0,01734585
0,0513769
-0,06166233
0,04586831
-0,07974362
-0,1747432
-0,2318705
-0,1218533
-0,201111
-0,3319725
-0,2338713
-0,2952367
-0,4463958
-0,1133063
-0,1764158
0,004988428
-0,3028249
-0,2627852
-0,1680729
-0,07527389
-0,1239283
0,01917531
-0,1010692
0,1873832
0,06065951
-0,3327059
-0,3581133
-0,3303266
-0,1800311
-0,05594189
-0,202457
-0,1163256
0,006840577
-0,09831804
0,0881767
-0,05646029
0,06148814
-0,07370748
-0,1863587
-0,044601
0,1006029
0,242353
0,1154976
0,2301947
0,2979291
0,3119898
-0,06111147
0,1837781
-0,1104033
-0,4206531
-0,2044374
0,2714415
0,0833584
0,03845713
0,2708302
0,1792988
0,1040566
-0,1674683
0,08380012
0,03775033
-0,04835339
0,02702316
0,1424532
-0,05681648
0,1712863
-0,183854
-0,06105969
0,2767954
0,01190846
0,03518328
-0,06247076
0,2263003
0,1058072
0,08675384
0,04109221
0,6043558
0,1505741
-0,07061632
-0,1352167
-0,4302654
-0,04814603
-0,003249581
0,05717195
0,1025572
0,2070818
0,07488683
-0,1154096
0,02165674
9,066963E-05
0,05448952
-0,1710737
-0,08406033
0,3062228
-0,03942584
0,05300372
-0,1138958
-0,05940227
0,06977224
-0,2180685
0,0631917
-0,09125391
0,2623813
-0,1012686
-0,1898341
0,0458578
0,5196752
0,2640631
0,06613343
-0,1180221
-0,4954222
-0,07937175
0,1186948
-0,03852241
0,2710919
0,03049462
0,1461493
0,1865191
0,09200425
0,02442021
-0,1823761
-0,1139031
0,1532218
0,239305
-0,08338837
-0,1397725
-0,2742407
-0,1674187
-0,07895456
-0,3570088
-0,2411462
-0,1147852
0,1885809
-0,1747526
-0,299199
0,1371463
0,3555995
0,1678657
0,06536119
0,3168877
-0,002645029
0,2983744
0,2108076
0,2034965
0,09179692
0,04767024
-0,103334
0,207227
0,5689912
0,1625102
0,1118904
-0,0495669
0,1435225
0,1031234
-0,1498872
0,04183399
-0,4147388
-0,1839604
0,0168665
0,08852384
-0,1824321
-0,3404076
0,04881882
-0,1908814
-0,2037993
-0,2330568
0,09333322
0,3291438
0,1175043
0,3177177
0,1402788
0,1556447
0,4235847
0,2251243
0,2612897
0,1560736
-0,03692975
0,3181321
0,4249471
0,2921271
0,2568441
0,01795203
0,1765349
0,1202132
-0,1159039
0,1885047
-0,1509112
-0,3247284
-0,1417569
-0,1444981
-0,1294996
-0,3227301
0,0143879
-0,1229718
-0,005323455
-0,07621656
-0,01076374
0,1971313
-0,1560382
0,1611737
0,02842469
-0,07953575
0,1527659
0,3010237
0,1935178
0,04931621
-0,07128806
0,0917154
0,1079709
0,1382904
0,1895327
0,01558821
0,1446693
0,2007566
0,04180586
0,08782042
0,1603978
0,0767675
-0,02782806
0,1238798
0,2551841
0,1957009
0,1624754
-0,07549907
0,0005967405
0,07187178
0,01742782
0,180479
0,009052539
-0,1695719
-0,1091864
0,07880733
-0,05288614
0,5173634
0,2342165
-0,03660499
0,0280228
0,3308614
0,2518437
0,09908544
0,1293177
-0,09497212
0,1687865
0,1190051
0,04037679
-0,01186455
0,2756913
0,09233555
0,02483862
-0,05224963
0,07945042
-0,2452319
-0,2616917
-0,1419381
-0,1329863
-0,1114262
0,2381436
0,2880729
0,0906539
-0,4047396
-0,3513331
-0,1872718
-0,1560378
0,2100914
-0,1113563
-0,254624
0,01998421
0,5203721
0,2381395
0,3455938
0,09966907
-0,171905
0,1487119
0,1018937
0,03612942
-0,01366176
0,09012625
0,01549009
0,05954272
0,04033146
0,3691687
-0,07063651
-0,3242002
-0,1574896
-0,2464557
0,03610146
0,09609585
0,3546074
0,2841592
-0,09901989
-0,4074138
-0,4292986
-0,3690511
-0,08766945
-0,0907101
-0,3425971
-0,1333385
0,4280402
0,0967644
0,4784176
0,1444119
0,1512859
0,1657648
0,0595369
0,1148657
0,0789769
0,07318462
0,2353698
0,2722991
0,07850194
0,2400903
0,01358995
-0,126362
-0,1071965
-0,08397853
0,02574427
-0,1661059
0,1645634
0,448234
0,2354551
0,1829326
-0,03624709
-0,1010994
-0,1752995
-0,271615
-0,2334521
-0,2293367
-0,0681466
-0,06128842
0,2891234
0,04651823
0,2370837
-0,1638819
-0,06551278
0,1218536
0,1319758
0,2173377
0,312227
0,366818
0,2008086
0,0007849658
0,1681926
-0,1185596
0,100282
0,08623633
0,03548572
0,1697311
0,1512273
0,1167592
0,6246656
0,09585769
-0,0406858
0,05266032
0,02695809
-0,0132143
-0,1876676
-0,2395586
0,04656621
0,101519
0,00663342
-0,07943715
0,03094688
-0,1474264
0,09002977
0,2490053
0,02876971
0,1544444
0,1493742
0,3417988
0,2488827
0,1563866
0,1215763
0,009482276
-0,1791369
-0,06988838
0,1359736
-0,07784562
0,253674
0,1244187
0,4074619
0,4728982
-0,01043028
-0,08836096
0,0707825
-0,08371957
-0,1302394
-0,07415687
0,06681755
-0,06571084
0,09857966
0,03669993
-0,1491138
0,1077891
0,1940547
-0,07639212
-0,4080476
-0,1943351
0,03505606
-0,08353345
0,1979776
0,1747308
-0,1057611
-0,1629945
-0,3232978
0,03524789
-0,05031027
-0,03671169
-0,02623079
0,07161345
0,2304579
0,3661026
0,2612846
0,1512632
0,07396653
0,006620974
0,07928425
0,03376672
0,2245369
0,4052897
0,0631026
-0,1383715
-0,02627632
0,1033567
0,1171891
-0,075911
0,8378841
