0,03810058
0,02441807
-0,02500024
0,02969272
-3,688331E-05
0,03975156
0,02432034
0,0569483
-0,02189956
0,02282302
0,0515931
-0,01491398
-0,07275678
-0,04969668
-0,0350287
-0,03199845
-0,008214816
-0,003137177
-0,01430494
-0,0534023
0,02929284
-0,009957619
0,01723922
-0,01357691
0,01095384
0,06641992
0,09013472
0,02128314
-0,01601367
-0,03410235
-0,01493196
-0,0506357
-0,02697437
0,05707633
0,05859145
0,01997975
0,001283454
0,08039413
0,05210758
0,1042247
0,08771645
0,06810011
0,03344964
0,07681933
-0,01161389
-0,02522222
0,06795342
-0,01431581
0,004087641
0,001697349
0,02746462
0,05247055
0,06307261
0,01672695
-0,005619171
0,02549512
0,1064032
0,01110531
-0,009832529
-0,01572011
0,01395922
0,02709231
-0,006018929
-0,02162269
-0,005762038
0,03353838
0,08462392
0,1071305
0,02851658
-0,0275365
0,04080091
0,1014384
0,09316511
0,06900205
0,05054094
0,003808986
0,03863178
-0,0337911
-0,0278005
-0,002144153
0,01477664
0,001437827
-0,0120979
-0,03726215
0,06535351
0,04951365
-0,04809956
-0,001345278
-0,01933315
-0,0318348
0,05265227
0,03815802
0,004423978
-0,05163904
-0,04232442
-0,02260177
0,01476226
0,09264515
0,01075544
-0,08525001
-0,06807721
-0,003590274
0,04214013
0,02537323
0,007976674
-0,04970526
-0,05263314
-0,002846345
-0,06097431
-0,005770292
-0,1141867
-0,1259892
-0,02439438
0,03857598
0,05103077
0,06864493
-0,0227867
0,01050735
-0,01796505
-0,0068903
0,02051055
0,01228064
-0,09752072
-0,03792192
-0,03039099
-0,04447053
-0,03061214
0,03498499
0,01941775
-0,04970787
-0,04918798
-0,04886278
0,04845895
0,06551614
-0,02483814
-0,05977048
0,005064444
-0,04114385
-0,02637988
-0,04961373
-0,094993
-0,0504818
-0,02788259
0,00136224
0,0798647
0,01253222
0,05429354
0,07625109
0,06335512
0,02034423
0,009814583
0,01740953
-0,01070496
0,07387137
0,02539813
0,03630758
0,01771527
-0,0490215
-0,0382975
-0,03795813
-0,01338569
-0,04009675
0,08490803
0,04726505
-0,05692164
-0,01183461
0,04339306
-0,06008971
-0,002986653
0,03225788
-0,008770912
0,03190796
-0,04952327
-0,06968349
-0,02231373
-0,08413971
0,08614107
0,08177595
0,1103506
0,06723077
0,1007665
0,07388863
-0,02459216
0,01113934
-0,008880825
0,05394207
-0,02338241
-0,05959374
0,03307837
0,06906406
0,06678484
-0,04662896
0,09631402
0,1152413
0,05304899
0,05976305
0,1349256
0,07155566
0,08573268
0,05215538
0,07561233
0,08277067
0,1447691
-0,02652837
-0,0335321
-0,0756773
0,03229586
0,1231326
0,1195214
0,1140176
0,0477692
0,07811542
-0,04616205
-0,0383399
-0,05159431
0,05955515
-0,04288353
-0,1135266
0,03177275
0,1660128
0,1092106
0,04572179
0,0006164373
0,02359038
0,05496481
-0,01088836
-0,06179062
-0,06392617
0,005118315
0,0798426
0,1649255
0,07759137
0,09891802
-0,02936506
-0,04691985
-0,05949809
-0,02266092
0,1067075
0,117534
0,1022308
0,05754967
0,0379681
-0,0673499
-0,04998839
-0,03405274
-0,02585117
-0,06943059
-0,1372296
-0,005078231
0,05010018
0,05213901
-0,01904016
-0,03708813
-0,04393405
0,1016669
0,07681859
0,05132391
-0,007414252
0,006176895
-0,000567888
0,01446893
-0,01115923
0,07618563
-0,03328707
-0,06956475
-0,07666519
-0,02440133
0,08258163
0,1402584
0,1271142
-0,01188778
-0,03530316
-0,05906897
-0,0008789588
-0,08547689
-0,008794067
-0,02077991
-0,09924324
0,02246663
0,03752199
0,08972781
0,0176165
-0,1088574
-0,05638146
0,1358871
0,003882951
0,001220341
-0,03944549
-0,003952149
0,01289638
-0,06243014
0,04143798
0,08439174
-0,05528745
-0,0156339
-0,0938627
-0,02112607
0,1311182
0,1205316
0,04219232
-0,04818179
0,02909116
-0,06238037
0,04648473
-0,04895023
0,07726138
-0,02093215
-0,0627891
0,01236549
0,1093654
0,1268288
0,008318104
-0,08271089
0,008210592
0,1223976
0,05442442
-0,02499995
-0,1520392
-0,05940273
-0,03084547
-0,03663637
0,04533413
0,150385
-0,01015882
0,006640006
-0,07073689
-0,05685667
0,07815411
0,07383302
0,0135778
0,099112
0,1077202
0,002879024
-0,006564594
-0,04618289
0,07726908
0,01639322
-0,0852056
-0,0327424
0,0981466
0,2112192
-0,01224187
-0,02292879
0,04799179
0,0944277
0,04923778
0,02683476
-0,04306847
-0,03598699
-0,1094444
-0,08190674
0,05200081
0,1824216
0,02387706
-0,02020856
-0,09411678
-0,03409536
0,05253585
0,09140427
-0,006898387
0,003605554
0,0275194
-0,02162521
-0,02228256
-0,03752127
0,08889398
0,02070749
-0,139323
-0,08280297
0,01156348
0,09585294
-0,00866494
-0,0397919
-0,009665423
0,04135207
0,1071192
0,04039837
-0,0342384
-0,1239022
-0,08174408
-0,03670213
0,05144425
0,1114706
0,02959006
-0,04252018
-0,09712278
-0,003100676
0,09397625
0,1178333
0,01223006
0,06952621
0,004546453
0,01438089
-0,000663228
0,006667039
0,1430548
-0,0118822
-0,1004124
-0,07352493
0,001940465
0,02604525
-0,08539224
-0,08158665
-0,03837739
0,1261711
0,2213606
0,09340591
-0,03266384
-0,0861894
-0,1096334
-0,03306657
0,03103916
0,04193524
-0,05640963
-0,06255051
-0,05777462
0,08007177
0,1168894
0,06020401
-0,01995863
0,0722497
-0,01017174
-0,01435929
-0,03373177
0,005553588
0,08583929
0,06386342
-0,02953238
-0,0626964
0,08291503
0,095673
-0,05503423
-0,05718166
-0,05906916
0,0188477
0,09154086
0,01599912
-0,06274333
-0,06333531
-0,04768338
0,03031055
0,08388873
0,1315527
-0,02896112
0,002796201
-0,01744019
0,08887723
0,09946927
-0,03668024
-0,01686405
0,0942006
0,00275427
-0,02525214
0,007756541
-0,03711298
0,06313558
0,1340011
0,03921922
-0,02792578
0,03923583
0,08282476
-0,06593191
-0,06795269
0,0153063
-0,0009261052
-0,009426717
0,04634375
-0,04669572
-0,01389636
0,05080371
0,07104655
0,1283545
-0,04033602
-0,09049156
-0,07948846
0,001759274
0,1213854
0,0693714
-0,04693869
-0,03617219
0,07352917
0,04688329
-0,05186543
-0,04727065
-0,04485639
0,04365891
0,07550026
0,009051883
0,03413464
0,07932509
0,1686619
-0,03073166
-0,08964206
0,03445373
0,02591494
-0,0129499
0,03936211
-0,08466224
-0,04208194
0,1096282
0,07577475
0,01958283
-0,07485933
-0,04890408
-0,04424832
0,1008462
0,1631762
-0,04769487
-0,08886314
-0,09949424
0,06423766
0,02390092
-0,003963176
-0,06835129
-0,009448041
0,08045557
0,09977583
-0,03607083
-0,03393965
0,1037179
0,1445729
0,03918031
0,02537416
-0,02318484
-0,01442202
-0,02337777
-0,06395943
-0,07439405
0,003428179
0,05486752
0,08040304
0,02221315
-0,04459676
-0,04239576
0,1047309
0,1702427
0,1309534
-0,09732571
-0,1156484
-0,08744995
0,09617955
0,03230168
0,05136227
0,05533109
0,02988459
0,08446904
0,05306797
-0,03324817
-0,02934605
0,04071604
0,0618908
0,06227352
0,04307769
-0,09618548
0,001118201
0,02899514
-0,04065474
-0,04605661
0,01360631
0,01203766
-0,01656829
-0,07630266
0,01890267
0,0356196
0,1540386
0,05149014
0,06258006
-0,08247039
-0,1072184
-0,06879705
0,07728888
0,05873905
0,06122384
0,05431554
0,0800949
0,09241006
0,04437508
0,04795048
-0,03727692
-0,05556183
0,05751261
0,01046962
-0,0118124
-0,01229104
-0,02340049
0,01623079
-0,04896599
-0,0812076
0,03601207
0,07254732
0,02958402
-0,008675272
0,001131967
0,01973003
0,002251182
-0,01798751
-0,04623552
-0,1978848
-0,1474753
-0,05613232
1,033465
