0,1031694
-0,09509846
0,125656
0,3936113
0,1730073
0,1198534
0,1314279
0,2301225
0,1208927
0,06086702
0,1337328
-0,01522497
0,06086845
0,05393335
-0,07982387
-0,008758725
0,09188151
-0,0181489
0,06861778
-0,03113132
-0,03062237
-0,07385918
0,01701008
0,03373546
0,1763428
0,01279247
-0,07288285
0,07643952
0,07773393
0,0130981
-0,01926856
-0,1290544
0,001471043
0,1544714
0,07032937
0,1555198
-0,1106466
-0,05301844
-0,07714822
-0,04635704
0,02807299
-0,1216279
0,04542722
0,1089099
0,08640122
-0,005195513
0,04002062
0,01770926
-0,1185037
-0,06842882
0,06265043
0,007813922
0,03785643
0,002654385
0,06065963
-0,09538583
-0,08060105
0,008358535
0,03759031
-0,01666591
0,04376576
-0,07340403
0,01928514
0,1169012
-0,05406376
-0,06189604
-0,1196243
0,1086388
-0,01929689
-0,05180584
0,04080293
-0,06162805
0,06711981
0,02811231
-0,04047204
-0,01085437
0,08151997
0,1222447
0,05879502
0,09215593
-0,02080692
-0,03332408
-0,01642884
0,06651029
0,1688119
0,1199425
0,09920095
0,03546587
-0,03741984
-0,05851722
0,1417761
-0,01242521
0,0594619
0,2094351
0,08186533
-0,2181589
-0,09588746
-0,04847119
-0,1228863
-0,03634878
-0,09880329
-0,1125611
-0,1037762
-0,006898785
0,02872119
-0,01824527
0,02188955
0,02296541
0,01779743
0,04307528
-0,1026373
-0,04174191
-0,009204187
-0,1635972
0,05684626
0,1194908
-0,09851714
-0,04950999
-0,02988739
-0,03442711
0,1087988
0,07554225
0,1356236
0,3652898
0,07559783
-0,08795867
0,07214253
0,1349462
0,04775746
0,09472228
0,05200313
0,1070906
-0,03759642
0,1290275
0,1436196
-0,01803445
-0,05674473
-0,003452247
0,03694702
0,05661615
0,05170438
-0,02981937
-0,06306762
-0,1238668
0,06787936
0,1203818
-0,1270424
-0,05905158
-0,1032243
-0,1316314
0,03579013
0,03291964
0,084029
0,2762605
0,1662729
0,1938156
0,1757294
0,07413094
0,05674644
0,09781931
-0,01891816
-0,005050044
-0,09982051
-0,1391355
-0,04332958
-0,1352604
-0,09094965
-0,1339975
0,02361237
-0,05312653
0,05860544
0,1142498
0,1323153
-0,1244846
-0,06090306
0,05349996
-0,1594314
-0,1073063
-0,1498478
-0,1143086
-0,1109102
0,1090592
0,2058313
0,1373464
-0,04162134
0,1940854
0,2683779
0,1139238
0,06985494
-0,1531382
-0,1077942
0,1206696
0,1443998
0,1112868
0,07119346
0,1827904
0,02149233
-0,03050614
0,0340426
0,02297216
0,01605648
0,081205
-0,0001645709
0,01861887
-0,03885756
0,06472498
0,03670957
-0,007395146
-0,1071671
-0,0765244
0,08644236
-0,05984193
-0,06665831
-0,06349199
-0,08352227
-0,001675325
0,1513328
-0,03735139
-0,2539337
-0,2116867
-0,03985035
-0,1739234
0,03934198
0,2694553
0,3148129
0,1717588
0,1979815
0,2226167
0,2229114
0,1210799
-0,007332212
0,06662105
-0,06385388
0,009408996
0,06095721
0,1145405
0,1677093
0,04083343
-0,02810233
-0,04989109
0,003136706
-0,0681301
-0,1366706
0,1133538
0,1827201
0,001058083
0,0535769
-0,01556548
-0,2780843
-0,3085039
-0,2044688
-0,110429
0,03810382
0,1536909
0,3556513
0,09964824
-0,08878249
0,03913172
0,1501941
0,1115058
-0,1080113
0,101303
-0,05753149
-0,02201668
0,07955225
0,06976178
0,1349619
0,1033773
0,03470296
-0,07556186
-0,1028332
-0,07269423
-0,1354469
-0,0918752
-0,05161233
-0,06077809
0,02191004
-0,06739035
-0,2646509
-0,2624409
-0,149073
-0,150706
0,05324658
0,3283123
0,3249847
0,2584217
-0,02405791
-0,06329227
0,1126641
0,1519787
-0,09413492
-0,09406639
-0,2244161
-0,06474274
-0,05575185
-0,1037651
0,09904512
-0,1028607
-0,09807113
-0,1349009
-0,05392161
0,006588821
-0,110694
-0,2539845
-0,1295482
0,007203842
0,03382995
0,03615935
-0,1614056
-0,0670057
-0,06246911
-0,03393796
0,2335544
0,3231929
0,2016468
0,2372127
-0,02502345
-0,1594681
0,003196827
0,1208297
-0,1921061
-0,09093232
0,06432384
0,01227078
-0,1120312
0,01024192
0,1319943
0,02118681
0,02031035
-0,06100404
0,03207507
0,2048199
0,2319128
-0,02989965
-0,08509913
-0,01699112
0,1937035
0,1594484
0,06345436
-0,04346097
-0,08382884
-0,1418965
-0,06999534
0,09797823
0,2253851
0,2002332
0,3037231
0,09604697
-0,002003271
0,1415409
-0,05043885
0,1439297
0,2313418
-0,0008852354
-0,1964532
-0,004258144
0,02490249
-0,02878429
-0,04730925
-0,07655559
-0,1454038
0,1593984
0,09661891
-0,04439956
-0,01245909
-0,007340473
0,1123197
0,1629068
0,02181689
0,03272902
0,07090124
0,06947006
-0,0005417975
0,03793278
0,1497842
0,2293721
0,1085046
0,108709
-0,0127929
-0,04303623
0,009702776
0,0925978
0,003414314
0,08348603
-0,1423349
-0,1379139
-0,1154359
-0,0008864389
0,01046844
-0,08890752
-0,00598109
0,2275048
0,2333373
0,09172501
0,003984657
-0,027404
-0,00535233
0,1211959
0,08964095
0,1483935
0,08821109
0,03874568
0,02249738
-0,003857295
-0,0407385
-0,04910916
0,01920466
0,1306537
0,01984309
0,01874942
-0,1015569
0,07154715
0,07637557
0,03866741
-0,08555979
-0,09211719
-0,1138889
0,01139363
-0,03797344
-0,1565024
-0,004123604
0,06799097
0,2600946
0,1253492
0,06743637
-0,07776963
-0,2633893
0,02334197
0,02262739
0,08950606
0,1902045
0,1354419
-0,005972742
-0,07324931
-0,01149852
-0,1550871
-0,08187643
-0,0238779
-0,005471925
-0,0537096
0,01626977
0,1765346
0,176537
0,1424169
-0,1597638
-0,001530023
0,0180019
-0,05854625
-0,02237018
-0,05911228
-0,1540353
0,1783168
0,3536497
0,07535906
-0,01695803
-0,05253112
-0,1582102
-0,04558405
-0,1787129
-0,06660165
0,02609994
0,1140559
-0,1185029
-0,0706744
-0,05880338
-0,09391703
0,009489467
0,04559798
-0,05310223
0,03129177
0,05360741
0,1164094
0,2284942
-0,02486571
-0,2306193
-0,04498156
-0,01521399
-0,1612049
-0,02939818
-0,05429087
-0,2091491
-0,03510424
0,09483917
0,1580487
0,07625076
0,1946169
-0,05878688
-0,2085589
-0,2759289
-0,1022613
0,01485532
0,06660666
-0,1086924
-0,1358225
-0,1255078
-0,1599718
-0,1058121
0,03676388
0,09073314
0,1339349
0,08470837
0,158402
0,05046078
-0,1459129
-0,08577688
-0,08557625
-0,1284836
-0,2432038
-0,04838305
-0,02521519
-0,08343369
-0,182704
0,003839981
0,1884351
0,114561
0,1753853
-0,07866398
-0,1475579
-0,3727944
-0,2644945
-0,1222859
-0,07683061
-0,07858624
0,09460048
-0,0158991
-0,114272
-0,08872255
0,03643385
0,07512733
0,05120807
0,1028108
0,1087477
-0,01196417
-0,06984203
-0,06360578
-0,0931989
-0,2076789
-0,1746832
0,1287968
0,0005551981
-0,002090973
-0,1502437
0,04224267
-0,008922555
0,1252123
0,1788923
0,1484221
0,02623616
-0,02244761
-0,08050836
-0,06180771
0,09794006
0,05340929
0,1114726
0,05985163
0,1188901
0,113075
-0,04423774
-0,2108869
-0,188104
0,0373363
0,1268642
-0,03998055
0,06033574
0,03368267
-0,07790489
-0,1206501
-0,00377609
0,05972964
-0,07107815
0,04857876
0,008877366
0,03920604
-0,1714237
0,09006288
0,1346708
0,1993576
0,09305513
0,01788893
0,05906819
0,1185604
0,2169225
0,1092261
0,08433072
-0,01879521
0,1300985
-0,01828246
0,1266494
0,09676245
0,006685232
0,1091479
0,1342541
0,007277462
0,004410868
-0,01647908
0,06795669
0,1023477
0,1206288
0,03318716
-0,1224759
1,017164
