-0,02680106
0,2191828
0,007740697
0,1934357
0,212573
0,3744183
0,2880733
0,2382068
0,1208537
0,1325063
0,1457469
-0,01112427
0,2162816
0,1868916
-0,04478485
-0,02066771
0,04101964
0,2060852
-0,024682
-0,04166182
-0,1986997
0,2370345
-0,05554538
-0,176779
-0,1021647
0,06469939
0,04692962
-0,007054582
0,01805335
0,07839168
0,1188037
0,02533519
-0,0177823
0,02330687
0,2229188
0,3108002
0,2345896
-0,06483597
0,03382972
0,01100367
-0,0132245
-0,05931674
-0,006750047
0,06668285
-0,2520831
-0,1020524
-0,1076362
0,104314
-0,06442286
0,2090432
0,1588987
0,3453932
0,07636846
-0,07170118
-0,05910613
-0,09300008
0,1338416
-0,02696828
-0,1099475
0,2374317
0,01925016
0,02232173
0,06734906
0,311358
0,3344351
0,04331359
0,188366
-0,08240664
0,02015524
0,01641522
0,3090085
0,3088821
0,1790062
0,258874
0,1844282
0,05269426
-0,1240298
-0,1259047
-0,1109566
0,1256006
0,09115598
-0,007304069
-0,02348403
-0,0826288
-0,01118963
-0,02614924
0,05689407
0,2313103
-0,01107477
0,1199439
-0,04961189
-0,01602693
-0,06036471
-0,08683792
0,4128615
0,1831976
-0,1419957
-0,3038124
-0,03657616
-0,05634321
0,06250598
0,02473106
0,3436845
0,4260283
0,09380704
0,0655742
-0,0315165
0,2536672
0,09757622
0,05659645
-0,01976896
-0,008708129
0,1117261
0,100953
0,2479511
0,10756
0,1016626
0,0210485
-0,1740431
-0,07588987
-0,2044591
-0,1975743
-0,06470595
-0,1139608
0,01918498
-0,1441953
-0,02506532
-0,01976839
-0,01906357
-0,06889593
-0,1047475
-0,1251086
-0,07698163
0,1640424
-0,1470923
0,01402419
0,1589665
0,130774
0,04079223
0,2128634
0,3214096
0,1011239
0,04011189
0,2269653
0,4852332
0,1483806
0,1769034
0,05223681
-0,02881744
0,1085128
-0,1540083
-0,09585446
0,163417
-0,01717102
0,02506099
0,1259919
0,0632746
-0,1250083
-0,1356089
-0,2813039
-0,3982409
-0,2424212
-0,07865002
0,06473484
-0,07315011
-0,08981147
-0,03124774
0,04882712
-0,05218269
0,09095363
-0,01152095
0,1591029
0,3302774
0,4242173
0,3355019
0,2355126
0,1925072
0,005142859
0,03752515
0,1013554
0,1099485
0,02839649
0,1075918
0,1244365
0,1530589
0,04296698
0,009130409
-0,07058167
-0,05936992
0,05272475
-0,1272488
-0,2128549
0,1630387
0,2276876
0,07122459
0,004530968
0,04329287
-0,08387984
-0,006296841
-0,06736843
-0,05275474
0,1546608
0,0987469
0,06954495
0,03655182
0,2249653
0,03016788
0,1375286
-0,05075763
-0,09402142
0,06949312
0,2097643
-0,02076672
0,08026674
0,1247135
0,09702457
-0,01083755
-0,1282352
0,2016692
0,0732021
-0,122957
-0,2508143
-0,2289765
0,04637342
0,1023128
-0,01663537
-0,1913053
0,03137
-0,114975
-0,02236854
0,09093102
-0,07181559
-0,09933643
-0,06803448
-0,0608758
0,01304312
-0,08000157
0,06277308
-0,03155833
-0,07124079
0,2877814
0,2417412
0,2591896
0,02764797
0,08213145
-0,07919155
-0,05401754
-0,18349
0,05222215
0,009040325
0,3654511
-0,04453107
0,1947998
0,2538313
0,219056
0,1716269
-0,05010419
-0,2085001
-0,0341326
0,04308435
-0,031796
-0,1564847
-0,04446903
-0,2154152
-0,2601651
-0,1342965
-0,1869066
-0,08407491
0,1053443
0,00194205
0,1675052
-0,01375916
-0,03946359
0,08701887
0,04634456
-0,2900643
-0,1238485
-0,05627752
-0,1574567
0,1338725
0,4176981
0,177321
-0,04811165
0,0536077
0,1104385
-0,1711593
-0,1591873
-0,2352027
-0,2851109
-0,05401707
-0,2403197
-0,5885321
-0,298259
-0,2629324
0,02594942
0,0346346
-0,1333722
0,0432423
0,1603859
0,08239451
-0,1039395
0,0560395
-0,03969993
0,1366643
0,06398938
-0,1487449
-0,1887038
-0,09990869
0,2857955
0,2632129
0,2722723
0,2135819
-0,0877847
0,1584349
-0,03519985
-0,1971812
-0,2830232
-0,3254412
-0,2968131
-0,1717708
-0,06030024
-0,1704681
-0,09971081
-0,02384348
0,1569464
0,1787971
0,05072948
-0,02790709
0,03670461
0,1036681
-0,2112859
0,03011849
0,1402344
-0,03728031
-0,1288492
-0,1746431
-0,05845359
0,08740001
0,1225569
0,008884364
0,01229423
-0,0413008
-0,14481
-0,005023533
-0,1721548
-0,07468556
-0,3161674
-0,3475626
-0,2739842
-0,1636332
-0,2424742
-0,08094896
-0,1786263
-0,1701698
0,02696746
0,02011526
-0,04161297
-0,09972072
-0,02803817
0,08997387
-0,1704385
0,003802375
0,1272219
-0,002768254
-0,05130785
-0,1581285
-0,07281115
0,1247163
0,2082662
0,1691663
0,1871638
0,01060696
-0,2248483
-0,07750451
-0,3535128
-0,01193918
-0,1634117
-0,1591503
0,01007149
0,1517284
-0,1326133
0,04455791
0,1088607
0,06654609
0,06743568
0,1304345
-0,001506447
-0,07631829
0,02902123
0,1473195
0,1135378
0,02547671
0,2184227
0,1796887
0,01462327
-0,2792975
-0,03032338
0,4232569
0,3708159
0,06493758
0,1795101
-0,03366014
-0,2328846
-0,1884318
-0,2913203
-0,1854713
-0,276628
-0,2896012
0,0695289
0,2447574
0,2007378
0,1707866
0,4189498
0,1670083
-0,01699879
0,08370079
0,1660016
-0,1579645
-0,05107227
0,1320218
-0,1246836
-0,05980057
0,0627738
-0,03076994
0,01897443
-0,2601808
0,1158712
0,325409
0,1991102
-0,02492958
-0,1339907
-0,2909234
-0,3070593
-0,3256339
-0,1743577
-0,004015879
-0,184997
-0,0632664
0,07060285
0,1004579
0,2443999
0,2044923
0,3325356
0,03697409
-0,007581918
0,1247653
0,04625675
0,1474106
0,05701837
0,1376282
0,03223238
-0,02412415
0,1032243
0,1317236
0,1824784
-0,2239543
0,1104329
0,1781296
0,1746618
-0,07139643
-0,06034984
-0,2015016
-0,3017566
-0,2457139
-0,02123531
0,009998983
-0,1609772
-0,2401747
-0,1069237
0,09974817
-0,003791166
0,2059896
0,03075527
-0,2657328
-0,1521181
0,07602199
0,05296472
0,4546706
0,1847093
0,2505088
0,1333314
0,2228383
0,1575691
0,1123795
0,01572937
-0,3319622
-0,2191339
-0,2102902
-0,05605948
-0,05756385
-0,1207143
-0,1332191
-0,2473579
-0,07729137
0,01169616
-0,03968355
-0,1984533
-0,4948057
-0,3087427
-0,1865002
0,06451955
0,2491138
-0,210043
-0,369309
-0,1824404
0,1562736
0,214034
0,2886113
0,1840672
0,2625478
0,1399611
0,1984642
0,08702189
-0,1809582
-0,1120779
-0,3330052
-0,133624
-0,01477485
-0,06999741
-0,0705726
-0,1242453
-0,2074347
-0,01018414
-0,01880442
0,02674966
-0,05088181
-0,1145122
-0,4526463
-0,3562501
-0,3145682
-0,06647168
0,05784828
-0,1738618
-0,2468639
-0,1794622
0,2098683
0,2363085
0,03463556
-0,03156955
0,08863521
0,06070975
0,2775346
0,003060525
-0,09446798
0,03493379
-0,06235268
0,0436726
0,01627832
0,02647416
0,1015406
0,1089251
0,01139287
-0,02069696
-0,05613616
-0,03684573
0,04871187
-0,0249445
-0,1008184
-0,09037402
0,072234
0,2942159
0,2181721
0,05527854
0,1034024
0,3097833
0,314192
0,1413883
0,06802999
0,1494499
0,1432233
0,206818
0,3135322
0,0414985
0,2047321
0,2160391
0,3762973
0,2126629
0,3428459
0,3642761
0,3119699
0,1896737
0,1118529
-0,00553055
-0,08206272
-0,2011116
-0,05076939
-0,147208
-0,2375586
-0,02782691
0,08752213
0,3868979
0,5053011
0,3678932
0,2684553
0,08440571
0,0866434
-0,2313908
-0,2129673
-0,2269405
0,03003925
0,7762504
