0,1174471
-0,1134341
0,01526886
0,1225183
0,3099336
0,1911124
0,2122004
0,03161618
-0,03799424
0,2141444
0,1383659
0,09410752
0,06577767
-0,06096698
-0,1487428
-0,1565037
-0,04607282
0,004955834
-0,04754154
-0,0287139
0,0633456
0,1258582
0,2520376
0,0009849005
-0,2276955
0,1054014
0,25494
-0,09456937
0,007923636
0,02285479
-0,1661302
-0,1049476
0,1400032
0,1486746
0,318788
0,5151446
0,5544512
0,2488465
0,1274998
-5,560224E-05
-0,1246186
0,01291624
0,03860439
-0,2218723
-0,07658404
0,06693731
0,04033623
-0,009942669
-0,006142762
-0,1199891
-0,09001322
0,002581547
-0,0498162
0,1077528
0,136908
0,1439977
0,04791978
-0,001147959
0,05204052
-0,0003153299
-0,05990728
0,04750708
0,117368
0,120784
0,03925983
0,1056359
0,3002377
0,02653306
0,4784766
0,5025802
0,07608014
0,04358592
-0,1618703
-0,2468896
-0,06453211
-0,08195254
-0,152582
0,00654106
0,1617355
0,0148716
0,06547827
-0,0577712
0,0610384
0,2286169
0,02529563
-0,01920976
0,03960358
0,001050982
-0,01977651
-0,08913189
-0,02037294
-0,06031134
-0,2273302
-0,0493237
0,2658225
0,1861811
0,1986388
0,007278323
0,2925838
0,3494791
0,05707213
-0,08018121
-0,2571512
-0,2765532
-0,1251487
-0,03031207
0,1204621
0,004420735
0,06249045
-0,1680162
-0,05594721
0,01844026
0,107883
0,04692802
-0,1572867
-0,06883481
-0,01493649
-0,09503412
0,05906218
0,08289784
0,1133382
0,06704265
-0,1367457
0,08921304
-0,01608329
0,07192418
0,1245489
-0,01588165
0,2841462
0,3243091
0,3600029
0,07667089
0,02018791
0,038333
0,1256051
-0,1054622
0,004600311
0,03996797
-0,02330405
-0,08043116
-0,01397458
-0,1747983
-0,05881426
-0,09832679
-0,1321565
-0,04530433
0,03896108
-0,1123823
0,04414934
0,02090516
0,08583733
0,01626186
-0,1726369
-0,01160416
-0,09515821
-0,1377815
-0,1445129
-0,2351741
-0,1493723
0,04240249
0,07790235
0,1790152
0,2019578
-0,008529302
-0,01290349
0,02666825
-0,1072113
-0,08750789
-0,02025723
-0,0502623
0,04282098
-0,2728672
-0,1518106
-0,1379784
-0,3202874
0,07087697
0,0975628
0,05222851
-0,03254884
-0,02124192
0,1622406
-0,08559277
-0,2084515
-0,1461301
0,03599254
0,04151648
-0,2682207
-0,3963413
-0,115729
-0,1452191
-0,06152874
-0,06132635
-0,1162463
-0,1185954
-0,1238274
-0,04554437
0,01919216
-0,1215981
-0,04986034
0,122097
-0,04559853
-0,0818693
0,165353
0,1211401
0,04439611
0,09205953
0,05280709
0,08084645
0,01760933
-0,0670467
0,1712264
-0,1232027
-0,1877958
-0,2059659
-0,04267957
0,07417278
-0,2864328
-0,371886
0,03356635
-0,1251606
0,06815524
0,03776515
0,01337102
0,141161
0,02943988
-0,1070222
0,2804458
0,04219549
0,01715013
0,3570072
0,2976447
0,2559954
0,3051797
0,1356985
-0,06358249
0,2012487
0,1532144
-0,09553408
0,03942721
-0,03668005
0,02335459
-0,1703434
-0,1085045
-0,2278929
0,09919476
0,1135193
-0,2030948
-0,3203185
-0,03611302
0,100982
0,06363892
-0,06645493
-0,04812924
0,04091519
-0,1305224
-0,3730273
-0,1390377
0,05899802
-0,0117684
-0,02859977
0,03326843
-0,03005051
0,02786293
0,01452578
-0,09218429
0,1892974
0,1375927
-0,09551233
0,06406837
0,08367591
-0,02619508
-0,1830984
-0,1015099
-0,3392466
-0,007364129
-0,05651546
-0,0388999
0,1173276
0,1455458
-0,05582522
-0,115235
-0,2602618
-0,07742095
0,09990672
0,04949616
-0,09257549
0,09822687
0,2729423
0,04558009
0,0246355
0,0886631
0,08819481
0,09987476
0,06290645
0,01389858
0,1374408
0,1106352
0,1227086
0,09764197
0,03235343
0,274986
-0,01114232
-0,1262714
-0,2875025
0,03166132
0,1339964
0,1094549
0,1283947
0,1764503
0,08321705
0,03771238
-0,0361457
-0,1350323
0,09506022
0,2362881
0,1788442
0,09001653
0,1654575
0,09509464
-0,07129526
0,147338
0,02556025
0,08515063
0,04034586
-0,02761346
0,1288678
0,08468483
0,09582875
0,107217
0,03129654
0,1513307
-0,1323528
0,004239692
-0,2539065
0,01050468
0,1177022
-0,01165419
0,08674672
0,05798504
-0,0366986
0,09180684
0,2108083
0,3781842
0,2716215
0,2430257
0,1365587
-0,2460683
-0,1178753
-0,1699849
-0,2107434
0,01313965
-0,1585952
0,01730954
-0,1120774
-0,0565315
-0,02386575
-0,1076505
0,1220722
0,2343912
0,1738989
0,1346098
-0,018853
-0,03420057
0,001374096
0,1219454
0,08501431
0,04125615
0,002878752
-0,1662758
0,001718998
0,3397304
0,3605277
0,5562912
0,1866721
0,2691891
0,1136172
-0,1978621
-0,1183331
-0,0456066
0,07673586
0,008779896
-0,1592172
0,1409334
0,01224649
0,06479847
0,2033
0,02619839
0,0432265
0,08485187
0,08147623
0,1523951
-0,08788818
0,0989344
0,008861318
0,1322909
0,07476451
0,08081432
-0,01235823
-0,06073116
0,1898768
0,3238555
0,3099205
0,3342716
0,232036
0,2182185
0,1394836
0,2966137
-0,008634763
0,04790698
0,2016146
0,2694533
0,1229858
0,1939053
0,1016939
-0,07590631
-0,05994644
-0,03306083
-0,2680824
-0,08231514
-0,01579005
0,04630773
-0,2321581
0,1153166
-0,1103371
-0,00106753
0,09392496
0,1653978
0,01704751
0,1598842
0,4017012
0,5139582
0,2080868
-0,1896425
-0,09952464
-0,1358078
-0,2859852
-0,005153589
-0,1336794
-0,03088602
0,1669008
0,1210953
0,1273051
0,06274769
0,002391825
-0,1999843
-0,1657381
-0,1061245
-0,05440802
0,06580327
-0,01905898
0,05591413
-0,05725732
-0,01725266
-0,2263722
0,2039754
0,4431958
0,362184
0,4176134
0,4540911
0,32702
-0,2780854
-0,2804103
-0,4141105
-0,229925
-0,01532648
-0,04560256
-0,0201754
0,1849334
-0,02472343
-0,06211102
0,02359778
0,1052192
-0,03814809
-0,05223552
-0,1729202
-0,07502314
-0,04927696
-0,2676793
-0,05220426
-0,009887951
0,1496907
0,05661425
0,09970048
-0,05821416
0,4769796
0,6344779
0,7186767
0,4393226
-0,06473736
-0,4031526
-0,5466541
-0,45972
-0,2185678
-0,03786426
-0,02444808
0,1958923
0,4033784
0,5735521
-0,006404661
-0,1465901
-0,2695888
-0,1122835
-0,253309
-0,05807699
-0,1538431
-0,08471827
-0,01105737
-0,2073563
0,03326489
-0,1029905
0,08656995
0,03225089
0,02097288
-0,02175646
0,1016179
0,1613358
-0,001988055
-0,2454272
-0,09355829
-0,2037371
-0,5052121
-0,2603837
-0,0288311
0,211909
0,1264436
0,1440759
0,3427214
0,2810967
-0,116029
-0,3156541
-0,08493373
0,06763437
-0,2007308
-0,09653054
0,0807706
0,06581184
-0,01425181
-0,2371507
0,08220946
-0,008896036
-0,2005113
-0,1663418
0,00588864
-0,04156898
0,02279245
-0,1679447
-0,1397216
-0,4234457
-0,3026792
-0,1334129
-0,1993532
0,1075254
0,1963611
0,3033011
0,09755316
-0,1379839
-0,1292449
-0,08616708
0,09531555
0,1622061
0,05043911
-0,1311541
-0,1224745
-0,07352507
0,007827776
0,005413737
-0,07823315
-0,2000827
0,01723436
0,01640426
-0,1060426
-0,09416875
0,1046176
0,06584734
-0,2016503
-0,2620528
-0,2575978
-0,2829894
-0,1363492
-0,2567969
0,1253406
0,3626027
0,2447611
-0,1050402
-0,1571
-0,2280273
-0,1690671
-0,2810524
-0,1843583
0,02035685
0,01290591
0,08215944
0,07719988
-0,09430744
-0,09040727
0,05583759
0,04327592
-0,06432249
0,0907903
-0,03616164
0,9846412
