-0,007728303
0,06691638
-0,007870086
0,06799669
-0,07330777
0,01851123
0,1269777
-0,06979056
0,03307368
0,002320712
0,0885672
0,07304476
0,1128301
0,04229167
-0,05560638
0,3042357
0,2110282
0,2231524
0,09332563
-0,1023131
0,233345
0,4884846
0,237331
0,1197569
0,01040986
0,04535053
-0,05182304
-0,1930756
0,02875678
-0,1393962
-0,1013935
0,009420184
-0,2435228
-0,1133048
0,04014582
0,2243667
-0,005543096
-0,3014596
-0,08792343
-0,07708345
-0,05304509
0,001311365
-0,05745382
-0,04036618
-0,09282647
-0,08543665
-0,1314637
-0,03676229
0,09182229
0,2819923
0,3125131
0,3934159
0,2107405
0,1918856
0,1120238
0,01347115
-0,002897665
0,01138844
0,06794258
-0,05835093
-0,02346056
-0,0548887
-0,02272345
0,03224306
0,00302675
-0,1962134
-0,09154139
0,02732102
-0,2120388
-0,2001563
-0,0862867
-0,02458657
-0,0645216
-0,1584406
-0,2198498
-0,284878
-0,2580543
-0,1921954
-0,3335988
-0,3801595
-0,2058584
-0,2040203
0,03876109
0,3427486
0,04648075
-0,1211403
-0,22588
-0,1074134
-0,03547209
0,01764862
-0,01962444
0,1008528
-0,08676174
0,1804519
0,3239616
0,01095917
0,211177
0,130864
-0,2360599
-0,0488701
0,01780317
0,03205505
-0,01306874
0,06383724
-0,01074917
-0,1446256
0,06744059
-0,01584318
-0,280436
-0,2641742
-0,2529397
-0,1192443
-0,1996694
0,05839441
0,3671639
-0,05598844
-0,09198117
0,01944568
-0,07740381
0,003150644
-0,02498759
-0,04521537
-0,04915793
0,1145762
0,01299815
-0,02401818
0,08674855
-0,09958354
-0,3499397
-0,1552571
-0,03102347
0,2028667
0,1571939
0,183927
0,2450951
0,1919541
0,2605239
0,2683838
0,1298584
-0,02914762
-0,1899394
-0,2479678
-0,2875645
-0,1550955
0,2455211
0,3106664
-0,09386691
-0,00431827
-0,03075654
-0,05219384
0,04263669
-0,06717616
-0,06919961
-0,08825624
-0,009836598
-0,1587117
-0,3271466
-0,2228661
-0,1170001
0,2092108
0,1575947
0,1815132
0,2650511
0,3347031
0,3364924
0,1613287
0,1857158
0,1460273
0,08146309
-0,04724698
0,02139078
0,07318964
-0,1542667
-0,1123806
0,142522
0,2545804
0,07732018
0,2145802
0,222693
0,01362267
-0,1168955
-0,04037021
-0,1540797
-0,1823027
-0,06319787
-0,2547876
-0,3067629
-0,1478254
0,2622921
0,1882323
0,199258
0,4479503
0,5496038
0,2264408
0,08476164
0,4200213
0,169124
0,06754731
0,2097804
0,08487301
0,2263635
0,338356
0,01132303
-0,1915447
0,04108338
0,2227635
0,07309927
0,1040576
0,0001371823
-0,1461003
0,02740408
0,06794263
-0,02010146
-0,1088895
0,01119006
-0,3215599
-0,08621714
0,05434911
0,08454204
0,280212
0,3866743
0,3209756
0,07659439
-0,1055244
-0,09291266
-0,1052161
-0,1902502
0,00457233
0,09649004
0,09058511
0,3194208
0,2348385
-0,003553925
-0,2061662
-0,007248163
0,1030558
0,01288596
-0,1680747
-0,1652337
-0,1274168
0,09934065
0,07115882
-0,03418557
0,02003497
-0,06016256
-0,1232125
0,306223
0,1978704
0,3087601
0,1235922
-0,09405837
0,1412496
-0,04692298
-0,1488527
-0,1206742
0,08200353
0,1395673
-0,03045871
-0,1941284
-0,02100123
0,128319
0,1605378
0,2923419
-0,01087827
0,15404
0,0866304
-0,07439022
0,009610524
0,1036809
0,06347501
-0,08670788
-0,03084406
-0,241571
-0,06284193
0,02384681
0,2427415
0,3391691
0,2980161
0,02034268
-0,1004295
-0,1822753
0,007570362
0,02785396
0,01011768
0,1483865
0,1193944
-0,1944749
-0,2778859
-0,3368803
-0,2573659
-0,09684865
-0,01776467
0,2382536
0,2436107
0,02988366
-0,1098076
-0,178785
0,03306393
0,03744393
0,09091449
-0,2570293
-0,1222164
-0,1951426
-0,2045153
0,1742047
0,1119039
0,2776523
0,2873264
-0,06499019
0,05308624
-0,05180156
-0,04722426
0,1969619
0,2586623
0,1235779
-0,02460755
-0,1483712
-0,1245543
-0,2085587
-0,18508
-0,283557
-0,1405364
0,03066718
-0,004599657
-0,05712241
-0,1102477
-0,08036832
-0,05123528
-0,03385062
0,07785552
-0,1938486
-0,1388898
-0,1244342
0,01834847
0,2474247
0,08771074
-0,01258214
-0,08192778
-0,004111164
0,1032023
0,08426312
0,1500329
0,3075471
0,04649049
-0,1581948
-0,04466144
-0,09967604
-0,07246266
0,1420633
0,05858364
-0,1296151
-0,1298292
-0,1522946
0,03488408
0,08209466
-0,06044884
-0,09671405
0,01072411
0,04544234
0,1183046
0,01505723
-0,2055082
0,2005507
0,2713593
0,1650597
0,09257501
0,06028084
-0,060165
-0,0175123
0,1016004
0,07345525
0,3386765
0,4199799
0,1433768
-0,1289907
0,1136375
-0,04275802
-0,1403395
0,1603621
0,1575226
-0,01906603
-0,05865846
-0,1184307
0,04765121
0,04296958
-0,03136259
-0,04873721
-0,09385175
-0,02169065
0,06292035
-0,005422819
-0,04428192
0,2842103
0,1331744
-0,1534273
-0,1598172
-0,3064242
-0,07213784
-0,1601488
0,1460986
0,3583894
0,2307443
0,0108368
0,009479865
-0,02117605
-0,01667013
0,1828537
0,0866643
0,02286408
0,02472782
-0,03470399
-0,06296329
-0,190385
-0,06413725
-0,06323876
0,1010604
-0,06333761
0,1822562
0,07704137
0,0623757
-0,08427832
-0,02913602
0,2727348
0,2233163
-0,05299062
-0,006207602
0,0009992982
-0,04143414
-0,08367001
0,167187
-0,02427796
0,03064606
0,1604905
0,2448916
0,1099871
0,1144649
0,2073382
0,1469403
0,1654598
0,0009092807
-0,1712254
-0,112764
0,080681
0,06842536
0,1388915
0,209544
0,04526078
0,2347435
0,110716
-0,0104375
0,02494143
0,05799325
0,1048685
0,09460275
-0,05829316
-0,2092515
-0,231942
-0,323916
-0,3258715
-0,004280289
-0,1408391
0,1683427
0,2687021
0,2423569
0,2168043
0,2931293
0,2780007
0,05946984
0,07760959
0,03656802
-0,1341641
0,1301841
0,1020215
0,04418755
0,1260161
0,07410641
-0,03519625
0,1258103
0,2453042
0,02432192
0,03826119
0,04846807
-0,02568117
0,01697406
-0,01879808
-0,05311554
-0,103634
-0,2010559
-0,2361082
0,03033507
-0,1014658
-0,06450265
0,004389074
0,03636513
0,07728553
-0,06174509
-0,07689575
-0,2133875
-0,08067666
-0,05782652
0,1246323
0,09240954
0,05019799
0,07688861
0,07976905
0,009232169
0,0628245
0,07739174
0,3204051
0,1553827
0,1576921
-0,07891556
-0,02683062
-0,09106088
0,05578924
0,06489566
-0,1400875
-0,1002715
-0,2262458
-0,06831098
-0,1186645
-0,1884551
-0,2465399
-0,2028605
-0,3238336
-0,3702017
-0,1898947
-0,08843433
-0,01185129
-0,08316819
0,04414352
0,06165526
0,08128937
0,1992623
0,1740329
-0,09796184
-0,141616
-0,009457298
0,2748154
0,162441
0,02841703
-0,01023563
-0,01956294
-0,2643628
0,05249145
0,1755917
-0,06886749
0,03935688
-0,1731551
-0,04040641
-0,1149624
-0,225038
-0,3001917
-0,1879049
-0,1563118
-0,1619899
-0,02987511
0,01754821
-0,03360487
0,05982706
0,2094756
0,1002047
-0,0005637397
0,1601785
0,1221266
-0,134987
-0,1017199
0,02582393
0,1843364
0,09642229
-0,2183497
-0,01144756
-0,06277064
-0,209304
-0,1038854
0,1507321
0,01589817
0,22792
-0,05541468
0,1017185
0,09526589
-0,1087201
-0,07703351
-0,05562339
-0,1359381
-0,1038531
0,1294765
0,1522138
0,190055
0,2973369
0,03962467
0,09701537
0,1445977
0,01613227
-0,1121617
0,01006563
0,202725
0,2037352
0,172545
0,006923471
0,9993541
