-0,000142409
-0,01545717
0,03529399
-0,003047263
0,01922231
0,02205434
-0,003812062
-0,01860441
0,008593095
0,01879385
-0,002100517
0,00141127
-0,006119279
-0,01009972
0,03203347
0,01819225
0,0170693
-0,01682751
-0,009036876
0,005978706
-0,01958784
-0,01741348
0,001172342
0,01852912
0,04330624
0,06484261
0,01598366
0,04136133
0,0266485
0,0150278
0,0237404
0,03224072
-0,01100894
-0,008352131
0,01217462
0,01137862
-0,0179383
-0,0429269
-0,03969787
-0,009186751
-0,001850472
-0,003428588
0,01973236
0,003323364
0,02026433
-0,0205405
-0,02105595
-0,02590969
-0,02852645
-0,01675971
-0,01530806
-0,03523544
-0,03041744
0,002213927
0,03069476
0,03119801
-0,02307798
-0,0007796527
0,02405656
-0,002760017
0,03622806
-4,036403E-06
-0,01819494
-0,01111485
-0,005501595
-0,004918155
-0,001667381
-0,003484742
-0,003162297
-0,03675561
-0,006470116
-0,03638153
-0,01612434
-0,001993341
0,02990185
0,03664247
-0,002062431
-0,0255695
-0,00491047
-0,02792716
-0,03169188
-0,02702578
-0,01772331
0,01197738
0,003850645
-0,009031507
-0,005101664
-0,000360258
0,03755023
0,002767955
0,02374658
-0,008889461
0,02344052
0,007893934
-0,002869864
-0,004435244
-0,008959314
-0,01095416
-0,01014062
0,003865185
0,008533456
0,0192455
0,01448973
0,007760887
0,0120138
-0,009033804
-0,01108571
-0,00589824
-0,0006658665
0,001041724
-0,02671036
-0,01390024
-0,009433644
-0,004123438
0,00882671
0,03490012
0,02764581
0,007081665
0,0006432001
0,01151382
0,0179507
-0,02760989
0,0001577211
0,01874469
-0,0005648962
-0,002715959
-0,02608757
-0,01318158
-0,03025361
0,006076441
0,004519696
0,02197913
0,04044069
-0,001722771
0,004103285
-0,007879323
0,008242568
0,02538977
0,0468984
0,03529359
0,02935039
0,02357585
-0,003465861
0,02467135
0,03274016
0,02102367
0,02635491
0,004952034
0,007933472
0,02555077
0,0362074
0,006623597
-7,370081E-05
-0,001898033
-0,01035889
-0,01032793
-0,002721881
0,01757553
-0,0005274365
0,03769482
0,03419914
0,03273476
0,05723286
-0,01838897
-0,04249212
-0,0002701487
0,01182223
0,01367861
0,01318303
0,02441124
0,04585455
0,04765019
0,01431855
0,02120773
-0,01805664
0,02565462
0,02597009
0,02703971
0,01188814
0,01801036
0,03429305
0,02137062
0,01201264
0,004355831
0,004393167
0,005599014
0,02713996
0,04558899
0,01301344
0,04310215
0,01636767
0,0221644
-0,005687008
-0,007437438
-0,008211946
0,02798549
0,01655001
0,002053546
0,00925022
0,01695143
0,002871103
0,02268715
-0,0122225
0,0007839993
0,002643264
0,0283998
0,02362648
0,00987739
0,01235547
0,001616067
0,03015378
-0,00118752
0,0214238
-0,003261423
0,01836928
0,01202636
0,03128856
0,03860238
0,007921864
0,01913852
0,02221203
0,03890514
-0,001570005
0,03593639
0,00138103
0,02474707
0,03029165
-0,009712352
0,02320599
0,009846132
0,001560903
-0,03801474
0,009109534
0,02873039
0,03100877
0,01508104
0,03374007
0,00737595
-0,001262431
-0,00987042
0,03605314
0,01937519
0,007186613
-0,01053609
0,03146026
0,03294057
0,05079288
0,01957428
0,01752248
-0,00574574
0,02550789
0,02904431
0,009941733
0,03116181
0,03411406
0,03254253
0,01411431
0,04422748
0,0161175
0,01954973
0,03037335
0,002978208
0,020348
0,0452556
0,04744015
0,0523282
0,03905555
-0,001620125
0,003137853
-0,01998659
0,0161214
-0,0001571826
0,01628556
0,001684711
0,006949704
0,03824386
0,06058624
-0,01214599
-0,01732065
0,02441769
0,05010089
0,02642347
0,03790554
0,03921345
0,03830981
0,004153343
0,0244248
-0,005128799
0,02100213
0,03919988
0,002834535
0,002566426
0,003203176
0,01777428
0,03567852
0,03358696
0,04043429
0,01448268
0,009879921
-0,03344189
0,01597978
0,005779121
-0,005152649
-0,01691899
0,02476745
0,02958526
0,02629144
-0,02610798
0,01912877
0,04213398
0,01921375
0,002736043
0,01975652
0,01485621
0,02884013
0,009607748
0,03671161
0,01784538
0,0580869
0,0655483
0,01165153
0,003116841
0,01016932
0,04060525
0,01767185
0,04493439
0,0475227
0,02745642
0,007545689
-0,04003695
0,02705421
0,01775407
0,008608542
0,004262527
0,03989723
0,05057578
0,02989905
0,007405045
0,04333942
0,04028306
0,02808332
-0,02579535
-0,0003582281
0,01877732
0,02859442
0,0115075
-0,001778288
0,03010728
0,009560894
0,01714703
0,02559066
0,002651536
0,02980185
0,03252127
0,002679695
0,003140221
0,003491907
0,02008404
0,01196312
-0,02702593
0,01834214
0,01412479
0,01752942
0,01227281
0,003180985
0,02045574
0,007591092
-0,007285729
0,01799681
0,01346669
0,001550264
-0,009936108
0,002822638
0,02364241
0,0322257
0,002335641
-0,01312898
-0,002455096
0,005086594
0,01318153
0,02321716
0,01220062
0,0161851
0,005750724
0,01806661
0,04414658
0,01554224
0,002562301
-0,0009314717
-0,02060891
0,0266174
0,02678549
0,004550488
0,01309411
0,002132896
0,003503667
0,03490293
0,02574154
-0,01567942
0,02847424
0,00964235
-0,009876722
-0,001580316
0,0007627224
0,01848846
0,003630415
0,004470268
0,01057116
0,02938106
0,03029363
0,02167922
0,03278812
0,03652359
0,04594968
0,008574834
0,02452959
0,02476316
0,01816675
0,02045888
-0,02405311
-0,002871975
0,02181206
0,01140378
-0,0005341849
0,02533449
0,006078978
-0,0026796
0,01212468
0,01603942
0,03826284
0,0117288
0,01997078
0,0169091
0,03331473
0,00533003
-0,009432397
-0,01269935
0,00437705
0,00902955
0,008262222
0,01951389
0,03502251
-0,00780734
0,02222164
0,0166541
0,008071448
0,02468535
0,001882391
0,02784855
0,006103474
0,01850973
0,02081355
-0,005258676
0,03412426
0,01765368
0,02815357
0,007517914
0,008738134
0,01608965
0,03482957
0,02428682
0,02028417
0,02372248
0,01242942
-0,0002348325
0,01939256
-0,004331931
0,003806247
0,00844577
-0,006961587
-0,01196446
0,0184923
0,0154266
0,0186131
0,01184593
0,01767991
0,01429258
0,006017409
0,02524352
-0,00524343
0,02236648
0,009909663
0,04733944
-0,001601419
-0,01811858
0,007299217
0,0001747943
0,004556628
-0,002380977
0,002684379
0,01147518
0,04920697
0,05026314
0,01079095
0,0003148311
0,01558176
0,001529064
0,0234748
0,03914022
0,009373828
-0,01302198
-0,00836159
-0,007351329
0,01621431
0,03289047
-0,0004120213
-0,003837049
0,004052023
0,01429596
-0,03587841
0,003066873
0,01415684
0,02822803
0,0121912
-0,0077324
0,008784857
0,01754053
-0,003291631
0,01665678
0,01226324
0,0006079144
0,02561365
0,03774742
0,0133268
0,03768993
0,01017004
-0,0002295306
0,01071274
-0,008101608
-0,01488147
-0,02799379
0,003174812
0,005765939
-0,002457678
0,01999413
-0,02689344
-0,03340521
-0,01791972
0,009329345
-0,005631403
0,004028496
0,01929644
-0,002869963
-0,001107426
0,009956085
0,002352747
0,004267759
0,02511635
0,01243203
0,001276303
0,01340074
0,01226864
0,007545344
0,02052743
0,02886721
0,03934626
0,01097745
0,02553556
0,0093735
0,01149455
-0,01029408
0,0002384853
0,004802958
-0,0009686454
0,01674021
0,007509558
-0,0004620828
0,01368089
0,005646556
-0,02428071
-0,01082892
-0,03583443
0,01962714
0,008339122
0,01507992
0,01406182
0,00396366
0,02678664
0,01107237
-0,01966022
-0,0149153
-0,02286696
-0,003883868
-0,001429447
-0,007846507
-0,006765934
0,007829065
-0,002881835
-0,00650077
-0,004263524
-0,01041262
0,00194336
0,02366107
0,002559294
0,01474953
0,00922021
-0,03148178
0,003310413
-0,01272114
-0,05096388
1,076608
