0,08504218
-0,001938331
-0,08698665
0,04703574
0,03703212
-0,03771432
-0,1836028
-0,1450212
-0,122976
-0,08766948
-0,1889997
-0,1151512
-0,04813955
-0,1009307
-0,0570539
-0,07344049
0,08864324
-0,06613769
0,04894223
0,04555937
0,1036978
0,1054442
-0,0004498853
0,02905029
0,2189044
0,03208477
-0,0427198
-0,07913589
-0,02603628
0,2195945
0,05515723
0,1014463
-0,0283728
-0,0613424
0,002110014
-0,1873773
-0,1210263
-0,09333846
-0,169621
0,04489584
0,125718
0,1147567
0,1876417
0,1970535
0,1889488
0,1956934
0,1563335
0,255649
0,2005476
0,2586593
0,1341628
0,02523838
0,02990118
-0,06543807
-0,138944
-0,0534209
0,007278546
0,2188283
0,3408191
0,1137663
0,07425298
-0,01691315
-0,182823
-0,159635
-0,06252371
-0,2108801
-0,2350222
-0,1710275
-0,3241913
-0,1178824
-0,03929166
-0,235843
-0,1946777
-0,1529859
0,01337399
0,1344845
0,2259483
0,1206468
-0,1751397
-0,146147
-0,143223
-0,3166855
-0,2577355
-0,2418594
-0,2455161
-0,1434115
-0,08092131
0,06434538
0,2989646
0,2242288
-0,03719229
-0,01740567
-0,1128215
-0,2513266
-0,3145459
-0,3380815
-0,1807229
-0,06540936
-0,1934318
-0,1035124
-0,04154363
-0,02169
0,00419295
0,101588
-0,003721221
0,06472199
0,09303749
0,1064621
-0,009072001
-0,03901828
-0,06806117
-0,1937668
-0,1165355
0,05126475
0,1143027
0,03981277
0,1688103
0,09830364
0,02299359
0,1368809
-0,1442457
-0,1639126
-0,2276896
-0,2463373
-0,1218429
-0,2515842
-0,1588945
-0,006713988
0,00243793
-0,095638
-0,07061362
-0,004023736
-0,06213398
0,02388149
-0,003187088
-0,03184057
-0,001464653
0,05401387
-0,06494723
0,04754226
-0,01378485
-0,1168997
-0,08499145
-0,05056844
0,06460696
0,0188245
0,09446979
0,04004931
-0,03030385
0,0786546
-0,03347603
-0,1064454
-0,05455749
0,08919192
0,1118954
0,1044559
0,09415847
0,1559595
0,04277897
0,03313509
0,2958356
0,297988
-0,00828578
0,01403563
-0,1144435
-0,02286328
0,05893267
0,08134754
-0,02824433
0,1562067
0,0149368
0,05108767
-0,108668
-0,1025784
0,07796597
0,006153005
-0,02398017
-0,1060918
-0,05367351
0,003451516
0,09047721
0,05749265
0,1010873
0,3864559
0,2460727
0,3090533
0,2900888
0,1497917
0,1498984
0,3638926
0,06582396
0,08274604
0,008886026
0,007312143
-0,1206447
-0,03203101
0,0441042
0,04363151
0,06593124
0,1530623
0,0930429
-0,1036647
-0,05012155
-0,1829965
-0,2525677
-0,107488
-0,1095256
-0,2015266
-0,03878234
-0,04960537
0,07178956
0,1557834
0,3392013
0,2558683
0,3175365
0,1465323
0,2349891
-0,02836898
0,1486883
0,03065863
-0,06502027
0,07721009
0,03782817
0,03934618
-0,1267859
-0,1204823
-0,07574048
0,1122715
0,3428962
0,2596171
0,1753906
0,04929987
-0,1163112
-0,1784084
-0,0443637
-0,01782172
-0,03761922
0,03622634
-0,03179674
-0,009462826
0,1455217
0,08807491
0,2478726
0,1927052
0,2030256
-0,05549316
-0,09932183
0,06972414
0,08680949
-0,06450761
-0,1968105
-0,0620546
0,05636965
-0,008373326
-0,1471317
-0,05980655
-0,1082462
-0,08367348
0,009572246
0,2182234
0,089834
-0,003174349
0,0220839
0,05917747
0,01152486
-0,06151523
-0,08654559
-0,000119854
0,09550276
-0,04506901
0,06600426
-0,1536719
-0,07391188
0,05372465
0,04557495
-0,1350197
-0,1286732
0,03502546
0,1912183
0,1119704
-0,05308327
0,1101136
-0,006892732
-0,09000085
0,01380502
0,03361271
0,1074115
0,106918
-0,03488202
0,07798547
0,01829079
-0,03857287
-0,06930748
0,1815386
0,03104491
0,006007067
0,1170324
0,1050299
0,05228453
-0,08666913
-0,007938055
-0,2836663
-0,05687333
0,06615414
-0,02133188
-0,2509844
-0,2880086
0,01724828
0,1741995
0,2290299
0,1202771
0,1254745
0,2658816
0,0632402
0,1859509
0,3626401
0,1770631
0,008907985
-0,03955651
0,1058138
0,09358189
-0,07923905
0,009354324
0,1626844
-0,05181178
-0,05999309
0,01507802
-0,005701451
-0,06442257
-0,0773389
-0,06113109
-0,2315335
-0,06565361
-0,136473
-0,008541001
-0,1620186
-0,01242168
0,1202845
0,1911348
0,2078325
-0,05120757
0,007374598
0,2604095
0,05031619
-0,03276611
-0,03269846
0,02359445
0,04997473
0,04543247
0,116471
0,009587632
-0,1081742
0,003967566
0,1405593
-0,06072675
-0,01936456
-0,2092516
-0,03522931
-0,1175327
-0,1662764
-0,03988465
-0,0416801
0,01766195
0,11796
0,03495939
-0,1492057
-0,04820893
-0,1497122
-0,08492423
0,100315
-0,08307934
0,0196006
0,1309693
-0,009891335
0,029822
-0,08436678
0,06853455
0,06823694
0,087177
-0,05392695
-0,01758172
0,09400375
0,1048243
0,09569147
-0,06977159
-0,1113354
-0,1618658
-0,07591506
-0,03546697
-0,07228456
-0,1016724
-0,03905999
0,1927302
0,295019
0,08012494
0,08153379
-0,08918296
-0,01555535
-0,06354152
-0,05330028
-0,1166852
-0,07563123
-0,01116942
0,1207452
0,1480254
0,04240793
0,08257041
0,06516915
0,07249512
-0,04002761
-0,01432427
-0,02013567
0,08843298
0,09271898
0,02687424
0,03847022
-0,04717639
-0,03427742
0,01352995
0,008691778
-0,03509644
-0,04148805
0,1038603
0,1504331
0,0108086
0,06213963
-0,09908643
-0,03088292
0,05380065
-0,05467534
-0,2315266
0,02631234
0,1246159
-0,01762931
-0,00542709
0,09327289
0,09944923
0,1005671
0,05482336
0,01326048
0,04941324
-0,05466364
0,167794
0,00650814
0,1774082
0,2812654
0,1750455
0,2280643
0,2486479
0,06447247
0,1371061
-0,02909505
0,08211933
0,1020518
0,1327161
0,05553141
0,006454196
-0,1267988
-0,09420818
-0,1988977
-0,1295979
0,03524236
0,1228199
0,1186242
0,1291176
-0,03008058
-0,1370187
-0,234259
-0,05920938
-0,00732701
-0,09103058
-0,06012703
0,07693282
0,08739501
0,2676911
0,2766886
0,06972912
0,07650489
0,13614
0,01239491
0,0982815
-0,06388412
0,09748504
0,1102754
0,1879696
0,03947757
-0,05299411
0,1228666
0,06620047
-0,08519685
-0,1154878
0,00861853
-0,01695925
0,0626168
-0,0120342
-0,1055149
-0,08561464
-0,27889
-0,1909636
-0,1012077
-0,1657487
-0,2353319
-0,05849689
-0,1173725
0,0506743
0,01439221
-0,05282834
0,1086192
0,05058846
0,01656001
0,03316675
-0,01419302
-0,03945596
0,01578667
0,1964654
-0,06655467
-0,03264268
0,1834593
0,2999023
0,1811423
0,1605311
0,1295186
0,1117006
0,226267
0,204964
0,02499103
0,07342391
-0,001673222
0,05953948
0,06955946
-0,09128498
-0,1236961
-0,1485174
-0,09843699
-0,06256186
-0,1534667
-0,2211533
-0,1682585
0,02917191
0,1747904
0,09541158
-0,04994842
0,02322389
-0,1192113
-0,04296671
0,009081547
-0,1865837
-0,05297429
0,1534198
0,09238704
-0,00210305
-0,04575143
0,08113623
0,225065
0,155027
0,01873361
0,1387935
0,1208073
0,01773614
0,0326613
-0,03919603
0,04308638
0,0005793265
-0,07631899
-0,06248704
-0,1442285
-0,09335727
0,04629366
0,07951386
0,1887081
-0,01659084
-0,12721
-0,08323702
-0,2159834
-0,2386105
-0,2156743
-0,2382093
-0,1757937
-0,06045213
-0,09479917
-0,1254884
-0,04352846
-0,1460632
0,001282696
0,05868732
-0,04874504
-0,05111597
0,1454016
0,1503595
0,1090721
0,2150393
0,0988852
0,1362333
0,3495075
0,1947714
0,09873605
0,1861989
0,1797755
0,3183679
0,2005899
0,9411045
