0,2449682
0,3311126
0,2840646
0,1689984
-0,1183335
-0,0258153
-0,06349456
0,06388243
-0,06334939
0,01526511
-0,1594647
0,0927453
0,1639761
-0,1036615
-0,1818807
-0,2696073
-0,2349872
-0,3078079
-0,08625595
-0,009329727
-0,1729523
-0,3222351
-0,4795471
0,05624159
-0,1959088
0,2170014
0,2146501
0,1937613
-0,04157297
-0,1512724
-0,09507587
-0,08819115
0,07061546
-0,3339495
-0,2251399
0,1318577
0,0007105493
-0,2736489
-0,1509247
0,001518716
0,0514523
0,06371664
0,1022788
-0,1151891
-0,106381
0,09395918
0,01679674
0,01394752
-0,2480804
-0,2924513
-0,2898557
-0,4859192
-0,2560424
0,0351994
0,004065102
0,1916376
0,1951547
0,2789485
-0,05475739
0,02295882
-0,1125571
-0,1833425
0,02929629
0,1641172
-0,02876455
-0,07229905
-0,03090074
-0,0518617
-0,07468456
-0,3652714
-0,2975148
0,1394408
0,2562056
0,2950381
0,1808305
-0,002297062
-0,03297798
0,0237661
0,03802178
0,06643897
0,1916973
-0,2030532
0,02685639
0,3288383
0,1310985
0,3065833
0,2664015
0,3621533
0,2622355
0,3749446
-0,2215476
-0,06486522
-0,09537827
0,1786834
0,003219535
-0,05941438
0,1882574
0,1052948
0,3376438
-0,08862034
-0,1280564
0,1062045
0,2045594
0,199579
0,2181158
0,1662488
0,4143174
0,3077752
0,4610309
0,311738
0,3325296
-0,01876568
0,2037665
0,1989989
0,05585908
-0,11287
-0,05820217
-0,004639048
-0,09412691
0,3031626
-0,04917403
0,02001449
0,009207406
-0,04968891
0,03445542
-0,1855099
0,003894862
0,1207075
0,3945677
0,1390052
0,313301
0,1488811
0,06123945
0,3354969
0,5969947
0,3561394
0,3359072
0,3745322
0,4312756
0,3171857
0,2105943
-0,1487817
0,07116584
0,03728556
-0,1426201
-0,1717414
-0,03063103
-0,01207382
-0,02012489
0,1516614
0,3300964
0,2151205
-0,2629728
-0,2461585
-0,007375898
0,1216607
0,3260164
0,1764518
0,3035188
0,05606622
-0,03771454
0,02776523
0,03553983
0,2170199
0,5093219
-0,08138239
0,1558904
0,4061436
0,05074888
0,3990831
0,1953206
0,002842369
-0,045989
-0,1378229
-0,5474814
-0,2516944
-0,1429452
-0,2558671
-0,01137793
0,05032485
0,472529
0,1029711
-0,1617644
-0,08870143
0,02817672
0,3531015
0,5839238
0,3709167
-0,1250566
-0,0855552
-0,2119194
-0,32616
-0,2179922
-0,1844472
0,1715102
-0,00464064
-0,02720722
0,09031304
-0,1527941
-0,1737386
-0,05500998
-0,3965085
-0,09080092
-0,1617359
-0,6050938
-0,0207834
-0,1172677
-0,4293297
-0,466085
-0,09897845
0,04298047
0,1631575
0,1125389
0,2232572
0,1693812
0,1179319
0,0816118
-0,139371
-0,2147655
0,03282264
-0,6008239
-0,1732864
-0,2147351
0,03822591
-0,01472483
-0,2239423
-0,4905377
-0,2911725
-0,1515307
-0,2141368
-0,3633053
-0,2936051
-0,1306045
-0,3068654
-0,6482249
-0,002269676
0,1858491
-0,1699774
-0,4192733
-0,1153053
0,3756286
-0,02144811
-0,1358344
0,1719441
-0,01217434
0,1193911
0,328839
-0,2694739
-0,03460528
-0,3372747
-0,05073536
-0,2928321
-0,3776348
-0,2386003
-0,1496862
-0,1007784
-0,2893465
-0,1420002
0,1820085
0,08248729
0,2054463
-0,01534637
0,006731667
0,006384498
0,1515794
0,3845145
0,2091256
0,1639307
-0,1619142
-0,03775222
0,1121828
-0,005255799
-0,1216587
0,2645215
0,2127378
-0,06762119
-0,009132155
-0,2035745
-0,02597748
0,01157866
-0,09769402
-0,2293418
-0,3665933
-0,1787817
-0,0932743
-0,02088135
-0,01422866
0,3054201
0,1209264
0,1526025
0,1269188
0,2303626
-0,02895293
-0,03734794
-0,05955911
0,3410835
0,1224532
0,2694799
0,0612931
0,08751412
-0,04519598
-0,171866
0,01590068
0,03653075
0,155338
0,1206839
0,2863086
-0,1705265
-0,06160327
0,5379858
0,2215016
0,218321
0,1955855
0,4056007
0,3909695
0,3107364
-0,02655781
-0,1007456
0,2083174
0,2019736
0,01950759
-0,1097763
-0,4352999
-0,147928
-0,06613709
-0,04159535
0,1785768
0,2782965
0,1013664
0,1064718
-0,07710339
-0,07750072
-0,07345986
-0,2522251
-0,2441371
0,05070934
0,1644192
0,2338551
0,3167574
0,06888285
-0,1004062
0,09967834
0,1386638
0,4313453
0,4832521
0,3112825
0,07501637
0,2262856
0,2147403
0,06883208
0,03169225
-0,3501051
-0,6188619
-0,2549013
-0,08874227
-0,3255998
-0,03990163
-0,02476652
-0,06511335
-0,01253663
-0,1156256
-0,09367549
-0,120857
-0,3662608
0,07542267
0,04118408
0,1971715
0,1794596
0,2428949
0,2546897
0,06531168
0,08736664
0,1569236
0,4374675
0,277503
0,1772783
-0,01205904
-0,04652643
-0,02360889
0,06777317
-0,1137421
-0,02235652
-0,2210387
-0,2816928
-0,07286325
-0,04724142
-0,09195446
-0,07990512
-0,1121275
0,03358724
-0,04598646
0,004362035
0,1302865
-0,2645909
-0,02492496
0,5056077
0,4185433
0,4194578
0,1584868
0,05746009
0,004535425
-0,07233848
-0,02876073
0,224658
-0,08123358
-0,2419244
-0,393359
-0,4475612
-0,03822963
-0,1599819
-0,3231654
-0,1635125
-0,3677129
-0,4204127
-0,03619738
-0,2194368
0,007264792
0,1151203
-0,1387634
0,1586446
0,3139043
0,00168624
0,1243395
0,117491
0,02943961
0,1851011
0,3913236
0,2034521
0,002235792
0,185363
-0,2728591
-0,6330709
-0,03531935
0,449654
0,1058721
-0,2332066
-0,5547304
-0,1598093
0,03744
-0,04443935
-0,04178533
-0,1334729
-0,1477953
-0,00591575
-0,0311583
0,1062221
-0,05352741
0,05834665
-0,2338681
0,07037846
0,1526973
0,00840007
0,3164643
0,1709796
0,2490183
0,5077729
0,3237551
0,05617774
0,04172899
-0,007966817
-0,1636326
-0,2645369
0,0006654784
0,2835471
0,001854015
-0,285354
-0,2128848
0,03553383
-0,02752844
-0,08524031
0,2185183
-0,08663671
-0,2616492
0,009412776
-0,2748614
-0,07500592
-0,2358816
-0,1775906
-0,2899899
0,01698349
0,1474736
0,2615059
0,1932471
0,2879963
0,333853
-0,1028828
-0,2926023
-0,04551446
-0,05417426
-0,2798356
-0,1880307
-0,1060327
0,07343349
0,03595197
0,1134704
-0,193688
-0,05359843
0,1126779
0,2515005
0,173577
0,1290776
0,08688106
-0,03136873
-0,1087037
-0,1442016
-0,1578137
-0,2457183
-0,2506774
-0,2550497
-0,0385721
0,3317067
0,2795965
0,2993649
0,2396747
0,1250934
-0,1129416
-0,4119808
-0,1113321
0,002627089
-0,3415104
-0,1933148
0,2041204
-0,2762198
0,05317685
0,3668523
0,0760246
0,2847814
0,2638238
-0,2570383
-0,08924946
-0,2159556
-0,02854252
-0,09980942
-0,08599522
-0,03293001
-0,2855805
-0,3092482
-0,2602299
-0,07592957
0,09761518
0,3983283
0,5084032
0,1606478
0,1908652
-0,2657631
-0,321025
-0,4611284
0,1668664
0,1702655
-0,0872734
-0,2263447
-0,01403137
-0,246206
0,1121984
0,0448154
-0,09960611
0,05339855
-0,2247022
-0,2299424
-0,301577
-0,4266189
-0,4031152
-0,2494646
-0,0004699648
0,1860071
-0,1429152
-0,009842613
-0,2324702
-0,1011589
0,1814469
0,2917939
0,430725
0,4656228
0,2299247
-0,493641
0,069303
0,1588626
0,1394914
-0,03106456
-0,01569257
0,05695221
-0,003886817
-0,09122747
-0,003333759
0,08910733
-0,08978832
0,2115582
0,1206688
0,133594
-0,0165961
-0,2552664
0,004059481
0,1335474
0,2490437
0,334249
-0,3772676
0,1023405
-0,04959274
-0,2580513
-0,05794128
0,8174655
