0,03175528
-0,006475326
0,0207126
0,0009548973
-0,01107849
0,00238005
-0,02503583
-0,03146788
-0,004726715
0,02530142
0,001313681
-0,0005812527
0,004875158
-0,008825536
-0,001902105
-0,007839844
0,02295714
-0,0157448
0,005029278
0,01310747
-0,001824339
-0,02118668
-0,01349686
-0,004933089
0,01334274
0,02555983
0,01163673
0,03492699
0,03921305
0,03979066
0,03072366
0,0134833
0,0001868394
0,008450345
-0,0008309458
0,01817239
0,002662705
-0,003433345
0,007130208
0,04146354
0,0274819
0,02607542
0,01833641
0,01061708
0,03007036
0,006568359
0,01653385
-0,01848989
-0,01842675
0,001945831
0,02109865
-0,01122859
-0,00866652
0,009932198
0,02438666
0,02112354
0,02455873
0,01640175
0,03407369
0,03596051
0,004910332
0,01377776
0,01152971
0,004015754
-0,01323896
-0,01335068
0,01323464
0,01189269
-0,001259631
-0,01017847
0,01117352
0,01196022
0,02495677
0,01324577
0,01921461
0,01988681
0,00629926
-0,00460106
-0,009424186
-0,0252433
-0,02204984
-0,01102671
0,006270616
0,0269665
0,00607049
-0,004011702
0,006013391
0,01047601
0,01886674
0,01071635
-0,008867647
-0,004041342
0,01984487
-0,007323319
-0,0008487395
-0,003419757
0,008042327
0,01700061
-0,00109243
0,01483112
0,02775177
0,01706056
0,008675627
-0,007971834
0,01165505
-0,0003863726
0,01032516
0,02038725
-0,004421574
0,006475584
-0,001961811
-0,008042782
-0,008293576
-0,02049042
-0,01683843
0,03621722
0,02937261
0,01548828
0,02137112
0,02188225
-0,009122776
-0,02016489
0,0104011
0,0004907174
0,01038637
0,01010671
-0,008370574
-0,005509378
-0,01640156
0,004971223
-0,005597824
0,00589966
0,02622251
0,01236864
0,05282899
0,01455043
0,008751484
0,01884293
0,03745211
0,006180915
0,002230769
0,02266327
0,01373966
0,01223315
0,01351831
0,03617663
0,0284665
0,003317599
0,002642408
0,03340759
0,007017006
-0,01075328
0,004247657
0,004773342
0,002145675
0,001372421
0,005204795
0,01798514
-0,002701203
0,02995797
0,00610259
0,01008421
0,06566571
0,009271561
0,01678224
0,0135603
0,02591753
0,005477943
0,01597601
-0,002191352
0,02947623
0,04047872
0,01852363
0,02004397
-0,007648891
0,0231733
0,0248014
0,003134634
0,009617577
0,04202972
-0,003061485
-0,005646562
0,01087674
0,006525092
-0,002986036
0,007061102
0,02220176
0,02523605
-0,007197716
-0,001371761
0,02067723
0,0225206
0,01669266
0,008916589
0,01900434
0,02064529
-0,006954427
0,008042723
0,003729864
-0,006702859
0,0135477
0,03112631
0,01819559
0,009449592
0,005096111
0,01852379
0,0520824
0,0105063
0,009055311
0,02445208
-0,0007461851
-0,01158061
0,01699304
0,02470489
0,002895846
-0,004016892
0,001441937
0,001987747
0,006084027
-0,003787981
0,004739323
0,02814758
0,0328406
0,03287224
0,02734653
0,03080244
0,009857443
0,0008949994
0,004076404
0,002368469
0,006870833
0,01168501
0,02844056
0,001838576
0,007573035
-0,005602106
0,04116021
0,006478763
0,008045709
0,0161108
0,002592733
-0,01272874
0,009725896
-0,005453315
-0,01617353
-0,01455688
0,004915009
-0,01508048
-0,0115856
-0,01967271
0,0237685
0,03307108
0,01738404
0,01800915
0,029368
0,03493718
0,01940833
0,02330685
-0,0003419378
-0,004808722
0,01189817
0,009101734
0,02347165
0,007983416
0,02745085
0,01334024
0,01775631
0,02267042
0,02912217
0,03843244
-0,005662886
-0,0110399
0,0245226
0,0009741301
-0,01293139
-0,01052931
0,01417699
-0,0116389
-0,006891437
-0,001861811
-0,005134305
0,008817788
0,02358085
0,02192319
0,01205525
0,02446253
0,03288735
0,0005560788
0,006597856
0,01350188
-0,007276549
0,01931331
0,009471651
-0,002754737
0,007716488
-0,0004221171
0,02342519
0,03944433
0,03631793
0,03222083
0,01109564
0,0138836
0,01633579
-0,003513312
0,003060319
0,0166937
-0,002766756
-0,009311472
-0,02398179
-0,004344052
0,004352076
0,008713309
0,02751564
0,03366355
0,01275128
0,01622823
0,023916
-0,01775161
0,01083245
0,03291631
0,01864088
0,02760474
0,006069351
0,01779783
0,01604662
0,02561357
0,04531157
0,0280464
0,02304097
0,0189588
0,004939734
0,0115733
0,03242755
0,001523706
0,003353078
0,02536443
0,01224182
0,001511528
0,003368486
0,003228147
0,01314321
0,001191099
0,02095632
0,02545249
0,03078935
0,03498473
0,0133358
0,02408125
-0,0002797195
0,002346549
0,02606868
0,002572348
0,02305521
0,03479133
0,02956076
0,02051287
0,01838009
0,01742611
0,03163074
0,01445073
-0,01373405
-0,002778502
0,03446754
0,03659848
0,01898449
0,03042912
0,01620975
-0,01417905
-0,000429572
-0,006021198
0,009623965
0,01554832
0,003880821
0,01802234
0,03734965
0,02452318
0,0115939
0,005049948
0,01661151
0,03412658
0,02145298
0,02432384
0,04004223
0,008115288
0,03363603
0,02886233
0,007948405
0,01283715
0,001428551
0,001440172
0,007662914
0,01781499
0,01629287
0,03154121
0,01493199
0,02068067
0,04350164
0,00112249
-0,01173339
0,01504686
0,009138801
-0,002876251
0,001627214
0,001027993
0,02099432
0,02164896
0,008030555
0,007956985
0,032222
0,03382242
0,02504912
0,01733664
0,04022008
0,04006818
0,04089353
0,0133472
-0,01465127
0,0234711
0,03056772
0,01633721
0,0131816
0,008449468
0,006333195
0,0001397123
0,02167413
0,02337736
0,01601062
0,0007077783
0,01498848
0,02126028
0,01336015
-0,01805313
0,01269462
0,02094326
0,0163119
0,0006612013
0,002628339
0,02743311
0,02176349
0,02292912
0,03780679
0,02278773
0,009607255
0,01851635
0,01758912
-0,004580329
-0,01415415
-0,01318631
0,01527002
0,02251529
0,02009111
0,01274427
-0,009103725
0,02000198
0,01606292
0,05293255
0,0421064
0,03010286
0,029722
0,01719694
0,009792539
0,02147301
0,009255874
0,008189439
0,006859583
0,02037962
0,005883523
0,03104506
0,0181709
0,002889762
-0,001843036
0,009112981
-0,00284074
0,02631954
-0,002821426
0,004920759
-9,360339E-05
0,007003016
0,02374665
0,008905971
0,007016759
0,02454367
0,03171052
0,01169487
-0,008286455
0,01131204
0,01282664
0,03688533
0,03602992
0,001233235
0,01934885
0,02116324
0,01926486
0,009707132
-0,01107331
-0,0006791388
-0,003489244
0,006645507
0,02903715
0,02648081
-0,003009175
0,002628366
-0,02298095
0,01571483
0,01073203
-0,008773712
-0,006763709
-0,01789417
0,025106
-0,009115487
0,01016789
0,023701
0,02046333
0,008923494
-0,003719471
-0,001536047
-0,008711384
0,003953058
0,02540011
0,009984584
0,03364896
0,02015135
0,01057669
-0,01140184
-0,001039383
-0,005872469
-0,0177786
0,0193796
0,001885449
-0,001146926
-0,003759884
0,008464901
0,01281126
0,00944196
0,008482826
-0,02116132
-0,02073828
-0,01623474
0,01017158
0,00664365
0,01632482
0,02741059
0,007163575
-0,009668924
-0,004746244
-0,01684659
-0,02622947
-0,01482556
-0,003746674
-0,01646824
0,006466425
0,01448128
-0,01352665
-0,004743214
0,008464837
-0,002625651
-0,0250714
-0,005986459
-0,006452631
0,01247269
0,02019206
0,01112062
0,01593812
0,01069772
0,02288388
-0,008058851
0,0007063765
0,005258683
-0,004623955
-0,006672815
0,01312536
0,001706816
0,02347278
-0,004300326
-0,001498371
-0,002194971
-0,02605669
-0,0001745341
-0,008606111
0,006624041
0,009523201
-0,008358425
0,01039811
0,01615481
-0,01126574
-0,006100615
0,004370472
-0,01261875
-0,009962248
-0,008062929
-0,01237396
0,009522412
0,01747324
0,006975323
0,007616397
-0,004088347
-0,009139491
-0,004505554
-0,01420572
-0,02855777
1,057509
