0,03353441
0,005514369
0,008792737
0,007330935
0,03318798
0,008678013
-0,02086501
0,001206944
-0,002378128
0,007697199
0,004168632
0,0001912345
-0,05194629
-0,04577873
-0,03828561
-0,0238915
-0,02027812
-0,06958054
-0,04812791
-0,01786561
0,03547563
-0,05615651
-0,01004733
-0,01219328
-0,02200976
-0,002959239
0,03179017
-0,00261211
0,02711863
-0,005690615
0,005765025
-0,02246386
0,0110207
0,01381804
0,02068411
0,008036416
-0,0247847
0,03780508
0,01257225
0,02411035
0,03017396
0,03902485
0,005851713
0,02908151
0,00342115
-0,0198489
-0,03042828
-0,09136415
-0,07408135
-0,02442953
0,02784455
0,02712806
0,04076991
0,03755089
0,006327045
0,02620765
0,02780022
-0,02707557
0,006988634
-0,04538138
-0,01547266
0,009060241
0,01236413
-0,02127885
-0,003846493
-0,01811873
0,01900648
0,0672432
0,0008112957
-0,05109362
0,03484733
0,03824592
-0,0124678
-0,02455737
-0,01195594
-0,02649031
-0,05095965
-0,0334499
-0,0446897
0,0009854665
0,01674107
0,04421863
0,02445606
0,04435473
0,06479231
0,02380386
-0,02650783
-0,003475333
0,01566576
-0,03258108
0,00367094
-0,03232173
0,02101124
-0,02968649
-0,02727891
-0,05369356
-0,02283766
0,02714498
-0,02845431
-0,06049873
0,002333727
0,03120578
0,001055665
-0,04401528
-0,02824261
-0,02537407
-0,03197136
-0,02420154
-0,08447491
-0,009761329
-0,04575291
-0,05597788
-0,04218762
-0,01293589
0,017222
0,06764092
0,03540868
0,04191829
0,01135092
-0,01337364
0,02609176
-0,01835451
-0,04420386
-0,02840322
-0,0323069
-0,008962483
-0,01167723
0,03250868
-0,005345479
-0,04156229
-0,02380465
0,02474441
0,01024468
-0,04313811
-0,02586186
0,002825987
0,01914013
-0,005230014
-0,02428392
-0,02640969
-0,04261834
0,02958221
-0,01840071
-0,009282581
0,05592816
0,06147503
0,0520533
0,02046375
0,003359006
-0,01469042
0,04351029
0,01606198
0,009567884
0,000750307
0,01393694
0,0031226
0,0132221
-0,01857928
-0,05147341
-0,03087808
0,03297656
0,0475163
0,07893613
0,02864212
-0,002555207
0,06036456
0,04474028
-0,03931226
-0,02393033
-0,03617885
-0,00477534
0,01741269
-0,01688811
-0,04360262
-0,02228197
-0,009574363
0,1139711
0,05943047
0,01529892
0,01016511
0,04502439
0,007190083
0,01747517
0,0399166
0,03468382
0,05426377
0,03659967
0,01175015
0,01967846
0,02376719
0,05768887
0,02227139
0,02050685
0,01585239
-0,00521486
0,1015598
0,07431291
-5,557512E-05
-0,01408436
-0,01554882
0,04686463
0,03316268
0,04510658
-0,0397156
-0,06031654
-0,05935285
0,06566511
0,08731117
0,03930278
0,0160912
0,06964236
0,04692036
0,0372339
0,04566305
0,02018486
0,06213339
-0,006542286
-0,04035823
-0,03774139
0,03191986
0,02773127
0,0383044
0,02095979
-0,008195804
-0,02491676
0,06805901
0,03469197
-0,02173994
0,005564227
0,01437867
0,05357422
0,02153116
0,08023197
-0,03569255
-0,03681135
-0,03669211
0,03722033
0,1161421
0,06100941
0,03343903
0,02766439
0,009830941
0,01597363
-0,01375233
-0,01285351
0,008569578
-0,01399964
-0,02242687
-0,007541343
0,01136325
0,01401622
0,01889557
0,03667204
0,01060885
-0,0009257684
0,07913563
0,05158297
0,05871493
-0,002026468
0,005768495
0,03162326
0,01836615
0,07138236
0,01540863
-0,06225558
-0,04504722
0,005397104
0,09950789
0,07492086
0,0595254
0,001360098
-0,01057229
0,0139341
-0,02204976
-0,09605202
0,003501107
0,004818545
-0,03269548
0,005328983
0,004962775
0,02508994
0,03822943
0,04969685
0,0243109
-0,002605288
0,02660503
0,07198428
0,005375478
-0,02007235
0,0135616
-0,02334818
0,04265843
0,04065391
0,04295395
0,003791467
-0,07995503
-0,000547502
0,1243335
0,08963535
0,06371211
0,01497279
0,01920306
-0,01800127
-0,01378406
-0,04800165
0,05354199
-0,02078339
-0,02675372
-0,005291585
0,02362869
0,05564972
0,04066602
0,007979764
0,04345851
-0,001383518
0,04821345
0,08198912
-0,01232376
0,01494132
-0,005676568
0,005176368
-0,01056261
0,03628686
0,04479204
0,01219773
-0,03714402
-0,00378041
0,07409454
0,06765828
0,03863435
0,0374479
0,03468756
0,02720307
-0,03402962
-0,0464166
0,02317736
0,04508264
0,06475203
-0,03087579
0,05004338
0,1037639
0,06248528
0,05712865
0,06013555
-0,002752656
0,04879191
0,06294576
-0,005325219
0,03291967
-0,04627261
-0,01237009
-0,03047228
0,08978307
0,07953903
-0,002616351
-0,05635611
-0,03640106
0,04867684
0,0689382
0,02032971
-0,01370677
-0,001195521
0,0445198
0,006072755
-0,06449145
-0,00726966
0,01670909
-0,04205626
-0,05862148
-0,0007907436
0,021679
0,07817836
0,04509946
0,06253088
0,02062431
0,07263943
0,06946699
-0,02133058
0,003510926
-0,02504426
0,01192679
0,02217099
0,09587955
0,05260494
-0,008821897
-0,06859338
-0,02930395
0,03916392
0,07350387
0,008602328
0,00295467
0,01590192
0,02601201
0,002080898
0,004523878
0,02617834
0,01867026
0,01908779
-0,02324631
0,006004568
-0,01060698
0,01108303
0,01798285
0,001480173
0,008165367
0,065206
0,07016897
0,01901181
0,04458445
0,007061369
0,006171011
-0,01860213
0,03089223
0,01341668
0,03012714
-0,03433504
0,007055681
0,04496012
0,06884288
-0,007953856
0,03868715
0,01475102
0,04398711
-0,009573112
0,02721045
0,01500892
0,01055971
-0,007166328
-0,002401865
0,007912364
-0,02886871
-0,03625822
-0,001657358
-0,0178378
-0,03969558
0,02150196
0,0439057
0,02480247
0,005946447
0,01153584
0,05076207
0,02411791
0,08899732
0,008430764
0,06098018
-0,03631946
-0,009337426
0,003311803
0,04650785
0,0207503
0,05880928
-0,002166262
0,02850808
0,01959007
-0,02598782
0,05286458
0,02919811
0,03266878
-0,01913946
-0,05052311
-0,04132162
-0,01310595
0,02020572
-0,005458444
-0,04112682
-0,009039504
0,07667024
0,05198156
0,02834035
0,004150243
0,00572878
0,07943687
0,07768506
0,01535122
0,007924931
-0,05697976
0,008463135
0,04174431
0,03109097
-0,008354436
0,0117748
-0,01134251
0,01608657
-0,01366373
-0,007562767
0,05484661
0,03555619
0,05902319
0,01994994
-0,04689381
-0,002518951
-0,01717322
-0,04931763
-0,03527056
-0,04563164
-0,04493673
0,03054065
0,03907923
0,03108576
0,04171783
0,04020015
0,02815492
-0,01410247
-0,01196274
-0,03237351
-0,05311259
0,02413048
0,008236907
0,02493109
-0,06240374
-0,02803677
-0,03526307
0,02515906
0,003379685
0,004232565
0,03656757
0,009590542
0,002443666
-0,02253865
-0,02482986
-0,01457162
0,005126712
-0,003094645
-0,06964635
-0,05692624
-0,03986624
-0,01332667
0,01021591
-0,003957611
0,04603386
0,07284899
0,04671753
0,006336354
0,02165056
0,02128347
0,03392928
0,02508471
0,01592323
-0,0008546041
-0,03274925
-0,00336152
-0,04698168
-0,01327375
-0,0004151266
0,008081269
0,01854099
0,002227222
0,0205532
-0,002141601
-0,002756351
0,04788991
0,06033218
-0,0009337724
-0,07027827
-0,0412718
0,0203383
0,04883886
0,01298655
-0,01124991
0,02499434
0,0125698
-0,01971099
-0,005941046
-0,0165279
0,04531897
0,01746722
0,08101114
0,03215437
-0,03234132
-0,01880522
0,002905284
-0,04996855
-0,002950739
0,004002576
0,03154354
-0,002490088
-0,03165841
0,03975284
-0,001068475
0,01538646
0,1027697
0,04242841
0,01674961
0,009633262
0,02883978
0,044172
0,05321145
-0,03435088
-0,003680565
0,04455712
0,00373762
0,05704809
0,06520808
0,01532586
0,0237047
0,05173802
0,01926064
-0,06692459
-0,057109
-0,02506124
1,019107
