0,0225441
-0,006165389
0,01813969
0,002039312
0,02678941
0,02802918
0,03763266
0,04581549
0,01853385
0,02443429
0,0007557122
0,009642063
0,02080928
0,01200125
-0,001982923
0,0206094
0,009397467
-0,01430558
0,019784
0,03259569
0,0224247
0,007967557
-0,008972164
-0,001925289
0,01803455
0,02260806
0,01937759
0,02436869
-0,001312307
-0,01070304
0,0241333
0,01279994
0,003702167
0,004692242
0,04425797
0,05245663
0,006696189
0,0007561473
-0,02738433
0,0140228
0,01014262
0,008154594
0,01261512
0,00209606
-0,009743975
0,01079549
0,01448082
-0,01674701
0,0092996
0,04881118
0,05512276
0,05384536
0,01505538
0,02229873
0,02598916
0,02568677
0,02385238
0,01964455
0,01925724
-0,003388055
0,02902709
0,02050373
-0,0034202
-0,01978004
0,01551504
0,02019585
-0,001166683
-0,0130431
-0,01909442
-0,02104578
0,01296588
-0,005080514
-0,005119826
-0,01185622
-0,03194508
-0,02536249
-0,03417366
-0,0219193
0,01228908
0,02087409
0,01140797
0,03613186
-0,01956835
-0,01508541
0,01285164
-0,01751535
-0,006799269
0,02541234
0,0218154
-0,001543545
0,0290298
0,01500281
0,01355586
-0,0006895512
0,01265361
0,002361273
0,002195321
-0,003548989
0,0002814296
-0,01172458
0,006680147
-0,002383212
-0,01390112
-0,005353632
-0,001124215
-0,01902466
-0,005919264
-0,03718071
-0,06115058
0,02206446
0,007622504
0,01513419
0,004006953
0,001863066
0,002250313
-0,0121527
0,006305012
0,02731427
0,01833251
0,005378759
0,02708231
-0,01790997
-0,01037586
-0,01592568
0,002877218
0,003708451
-0,01737985
-0,01172511
-0,01210047
0,004567139
-0,0004538558
-0,01848262
-0,02224233
-0,02225525
0,00804695
0,003211003
0,01159559
-0,01645909
-0,02328791
0,0002174036
0,007366472
0,02008855
0,004693308
0,04381946
0,04889544
0,01476305
0,01213761
0,008465193
0,01725337
0,02156932
0,0297416
0,007831086
0,01834933
0,01642204
0,02266268
0,004389464
-0,01361203
-0,02383682
0,02678511
0,05791208
0,01349486
0,007149514
0,03692225
0,02821928
-0,005841703
0,003519425
0,002807852
-0,01761319
-0,01859429
-0,01922587
-0,007313703
0,007462292
0,01341106
0,03506383
0,009688451
0,01017729
0,02999337
0,01544687
0,02075955
0,02592727
0,02735438
-0,006450055
0,00829256
-0,002808342
0,03784017
0,02554305
0,004775041
0,03712182
0,03511384
0,0001179112
0,01332093
-0,005285189
0,03872485
0,02707855
0,008284884
0,04586992
0,01991001
-0,0200545
-0,007617248
-0,01336493
0,00346205
0,006587282
-0,003125335
-0,01416718
-0,01819403
0,00182259
-0,009416512
0,007716728
0,009334915
0,03771631
0,03001067
0,006111113
0,0205077
0,02494517
0,04562314
0,04080034
0,01943844
0,01583214
0,0002671354
0,01012408
0,01591987
0,02701481
0,03631466
0,03644907
0,01751317
0,02981395
-0,0003848327
-0,00608641
0,0250258
-0,01856331
-0,002744413
-0,01692956
0,007568314
-0,0005581519
0,02535905
0,01091282
-0,004157682
0,01692157
0,007844676
0,04112484
0,02959964
0,004872083
0,03618348
0,04162066
0,00903191
-0,02596668
0,0419694
0,02460782
0,01370161
0,004525844
0,008303377
0,01534184
0,04545026
0,04632679
0,03261254
0,03769283
0,02246509
0,0507881
0,005789334
-0,01622141
0,01843162
-0,006957985
-0,003505794
-0,01613849
-0,0055048
0,03268572
0,01719027
0,01505896
0,01292436
0,0452937
0,006110437
-0,001541543
0,04739062
0,02482606
0,00747414
-0,006245667
0,06891205
0,01227091
-0,001910887
0,00867478
-0,001568833
0,003027273
0,05388072
0,05853945
0,02686328
0,01640109
0,01007623
-0,01868339
-0,01150515
-0,02426309
-0,0084877
0,005272996
-0,03755495
-0,01486833
0,006863794
0,01170073
0,003207253
-0,001152311
-0,001420658
0,03158637
0,01666956
0,01763625
0,01299542
0,01000074
0,02037219
0,02625325
0,02045214
-0,004127463
0,01179452
0,0176047
-0,005339173
0,01175351
0,03017339
0,06807823
0,02508238
0,004826542
0,02157571
-0,01187122
0,001476146
-0,005154506
-0,009292832
0,008102085
0,002866432
0,0009857492
0,009796164
0,01095995
0,003937931
0,001999345
0,006509847
0,03072576
0,007722724
0,02617904
0,00756098
0,01036942
0,02177615
0,03498822
0,0372656
0,01140477
0,02483831
0,01934004
0,004076581
0,01154728
0,02659156
0,05582926
0,01766352
0,01749707
-0,006591569
0,01232092
0,005233648
-0,01383217
0,0157296
0,001057587
0,0002451077
0,007108273
0,002447883
-0,004502168
-0,004407148
-0,007796059
-0,00819934
0,01225779
0,01065674
0,0106345
0,02187954
0,04154295
0,03040449
0,001217618
0,01470383
-0,005378251
-0,0009137806
0,02372205
0,01871722
0,001663531
0,02494876
0,04177424
0,0008010897
0,03040602
0,0003401088
-0,007427257
0,03348488
0,004314108
0,0102785
0,008863844
0,004091823
0,005990643
0,0130144
0,001680647
-0,007406221
-0,01000139
-0,004613847
-0,007187185
0,03049835
-0,00487539
-0,0113497
0,023807
0,01675746
0,01153853
0,02398499
0,03748391
-0,007816941
-0,006190172
-0,003172935
-0,01068286
0,007490025
0,03126667
0,008753062
0,01754464
0,02605406
0,02464686
0,04836397
0,02204209
0,01715552
0,005633325
-0,01038191
0,01218226
0,03274319
0,0099067
-0,009107401
0,01783897
0,02799268
-0,003164388
0,00871664
0,0212603
0,01012661
-0,003226264
-0,00374619
0,0004440615
-0,001793603
0,004930785
0,01788363
0,02859561
0,01039848
0,01788406
0,02506729
0,03062658
-0,005710813
-0,008095944
0,00251118
0,01745628
0,03773834
0,006308715
0,03210943
0,002589797
-0,006752265
0,01522916
0,03137888
0,02049844
-0,01864803
-0,01099459
0,01395837
0,02425266
0,03058628
0,02283918
0,01588579
0,01722116
0,008227427
0,02780155
0,01367207
-0,01772721
-0,02002944
-0,01133279
-0,001680572
0,01743439
0,01575552
0,0394901
0,007011654
0,01113111
0,03134643
0,04249227
0,03139119
0,01465895
-0,002894138
0,02962495
0,02622428
0,02938684
0,0105794
-0,005211294
-0,01613869
0,01287954
0,02682066
0,01044101
0,02922121
0,01425963
0,01067992
-0,01204396
-0,01496043
0,03634204
0,01306331
0,0009783459
0,0001579352
-0,002651668
-0,01245695
0,01813752
0,01910423
-0,0228168
-0,02198512
-0,02343205
-0,001454365
0,0240199
0,03446666
0,02175871
0,03146497
0,017614
0,0215179
0,03364449
0,01163881
-0,01312545
-0,009896563
-0,003160579
0,02959952
-0,009969351
-0,002790417
0,02377509
0,03156685
0,004496944
-0,001307703
0,01064846
-0,002258569
-0,008455127
-0,01722924
0,01172344
-0,02916054
-0,01489624
0,005224593
-0,03706377
-0,01951385
-0,00839225
0,005332117
0,01205195
-0,01016749
0,008987947
0,0215155
0,01313516
0,01847791
0,03311457
0,007435145
-0,00367749
-0,02521188
-0,01697426
0,02777004
-0,007894697
0,006738045
0,02559487
0,008273552
0,01130206
0,002453316
-0,01654636
0,01183338
0,01214525
-0,002566696
0,01302405
0,003622093
-0,01512373
-0,02250567
-0,02709379
0,0002574357
-0,003098596
-0,01000578
0,0004517795
0,006295949
0,02657007
0,01091006
-0,006498811
-0,006845156
-0,003453991
0,02000827
-0,01484604
0,006836598
0,005137693
0,03615706
0,00568875
0,003563304
-0,01897437
0,004347377
0,01420389
0,02719547
0,02080564
0,03721346
0,07273703
0,03217691
0,009768754
0,04103132
0,0004669218
-0,000450119
-0,01051196
-0,00330802
-0,018126
-0,005359913
-0,01808492
0,0185728
0,04270433
0,007956527
0,03440433
0,03000463
0,008060879
0,02801459
0,02213727
-0,0007715172
-0,0118606
0,01687073
-0,04001256
1,078436
