-0,1701113
0,3188891
-0,04876121
0,1436778
0,1434248
0,1325535
-0,06929225
-0,1764061
0,2719326
0,2767144
0,1483446
-0,09823675
-0,4789478
-0,1325897
-0,1279792
-0,2304576
0,03713326
-0,2557899
-0,2869796
-0,227742
-0,125993
-0,2010166
0,161686
-0,02457243
0,1122421
-0,4627476
-0,4734968
-0,1592646
0,1584768
0,03698158
-0,08454982
0,05653526
-0,1528605
-0,003923723
0,02219606
0,1760859
-0,1757313
-0,5486372
-0,04253703
0,07095107
-0,0286713
-0,03524387
-0,09271771
0,3119115
0,2222811
-0,04857766
-0,0414684
0,2394662
0,02040748
-0,3044941
-0,2707771
-0,07412361
-0,1123548
-0,08124787
-0,1597478
-0,2379233
-0,3990637
-0,5142398
-0,2919991
-0,3308319
-0,01303056
0,04462592
-0,01941066
0,06340666
0,2404039
0,003032725
0,01098477
-0,274232
-0,1749878
-0,100727
-0,1689729
0,2213578
0,06086228
0,2126449
0,5131786
0,4270821
0,03898685
0,06625108
0,02274406
-0,07631525
-0,4155834
-0,3270964
-0,3168687
0,05855436
-0,08578838
-0,08257014
-0,1327139
-0,3800331
-0,2882435
-0,3388776
-0,03668135
-0,01381094
-0,1624655
-0,1297065
0,3626908
0,1026394
0,1174105
-0,0007978057
-0,3637857
-0,006104052
0,0611427
0,2643426
0,1421554
0,3948836
-0,1591707
0,2043789
0,2313659
0,3605111
-0,3063493
-0,023099
-0,1834295
0,1745529
-0,1889372
0,2766029
0,1774704
0,1704873
0,04109501
-0,2816372
-0,3604511
-0,4806975
-0,04670031
0,01509159
-0,1229847
-0,2635228
0,4151053
0,7436059
0,607352
0,1613742
-0,1688786
-0,1109277
-0,1514856
-0,3150477
-0,3991507
-0,1783314
0,02864159
0,3062312
0,1317203
0,3544619
0,04342347
0,153107
0,2825182
0,02100536
-0,3868765
-0,2749188
-0,07396444
0,1559433
0,2200605
-0,1966705
-0,2431372
-0,4061184
-0,1379121
-0,286343
-0,3101315
-0,5589917
0,04427321
0,870784
1,000048
0,5831098
0,3192119
0,1831585
-0,2721817
-0,1453024
-0,1835837
-0,1049035
-0,1882231
-0,0865515
-0,02505431
0,1795463
0,2268054
0,150854
0,103678
-0,1180295
-0,4412678
-0,1686511
-0,1988515
-0,3049597
0,09744199
-0,194641
-0,262145
-0,1853944
-0,1831653
0,08873756
-0,1188766
-0,2484006
0,4503722
0,6308928
0,6399971
0,14358
0,4867324
0,4159344
-0,09228675
0,1124556
0,04516806
-0,01298805
-0,1364074
-0,1103927
-0,1820841
-0,3041308
-0,04089079
0,1041798
0,1083606
-0,28894
-0,2261953
-0,2506975
-0,4858696
-0,3442448
0,394046
-0,008272309
-0,2852651
-0,1822574
-0,002117246
-0,003967249
-0,1191734
-0,1078615
0,22834
0,1837528
0,2056489
0,08849114
0,3847411
0,2936016
0,06422485
-0,09607714
0,1124288
0,1059914
-0,02569438
-0,2338467
-0,1438957
0,1326965
0,1885596
0,1659056
-0,06797916
-0,4279781
-0,1903234
-0,2930076
-0,4471095
-0,442105
0,2175034
0,2408756
0,1555404
-0,1482391
0,2730515
0,1730521
-0,05467799
0,11933
0,3673606
0,121805
-0,0586888
0,07037687
0,2167404
0,3098112
-0,06528828
0,1124289
0,3507574
0,3932016
0,3803361
0,2420779
0,3300214
0,4995154
0,3478099
0,3635727
0,3633788
0,06432654
0,134106
0,06704235
-0,4298477
-0,3983952
-0,14981
0,05719929
0,2438529
-0,1690232
0,09285223
0,2196669
0,2484295
0,566226
0,8162693
0,3421265
-0,1755785
0,01059799
0,1125295
-0,08980174
0,1160595
0,3512844
0,190804
0,1548627
0,08105632
0,08210367
-0,002954096
0,3685859
0,2041063
0,4281311
0,1401881
-0,04367768
0,1465323
0,1311311
0,003682409
-0,3314814
0,1259475
0,05293285
0,1686088
-0,09820243
0,07368783
0,3985176
-0,01780098
0,2232759
0,1325133
-0,08410983
0,1139674
0,1294616
-0,04290093
-0,456069
-0,3016562
-0,08419316
-0,1663424
-0,2700581
-0,1911686
-0,01478976
-0,1340278
0,1717708
0,2322834
0,4072431
0,2299571
0,1136902
0,4996154
0,1527038
0,2197252
-0,0568094
0,03247828
-0,1020148
-0,06082358
-0,09063169
0,2585664
0,3004703
0,1924899
0,2301512
0,1544643
0,04731913
0,1477636
0,07493444
0,06863755
-0,4036995
-0,8388422
-0,404535
0,2305439
0,1015288
0,1020529
0,2913636
0,1839114
0,1505807
0,05880276
0,1691127
-0,1815263
-0,08319258
0,2361998
-0,01660514
0,2552571
0,06511699
-0,1837709
-0,08825851
-0,1369618
0,003421809
0,1249254
-0,06613065
0,01986032
-0,05731738
-0,4345436
-0,4143264
-0,2646177
-0,2181687
0,004742075
0,03921203
-0,4062159
-0,2185092
0,1001549
0,2802663
0,3070015
0,2899426
0,2669949
0,09549364
0,2018238
-0,0007856925
-0,1415127
-0,05090618
0,2796239
0,1527608
0,521015
0,1515062
-0,1145697
0,0845599
0,01909551
0,01047892
0,01581698
0,1098888
0,02878783
-0,1057519
-0,02998957
-0,3391316
-0,2064321
-0,1406123
0,009307195
0,0246793
0,1151058
-0,1223467
-0,2329348
0,1458778
0,06153509
-0,0467741
0,07744115
0,1270769
0,3383093
0,1911961
0,2338212
-0,1582166
0,1778522
0,2708666
0,4335319
0,2721085
0,03565232
0,09784511
0,2516053
0,03880785
-0,07903121
-0,05517491
-0,07367529
0,1262134
0,1715911
-0,06317461
-0,4864507
-0,4037376
-0,1422774
0,1271176
0,09248736
0,102696
0,04090378
0,2600364
-0,05938125
0,1630814
0,03218419
-0,1111555
-0,155615
-0,2427449
-0,106727
-0,2028112
0,4028025
0,1808095
0,1986239
0,1304059
0,05137839
0,05778241
0,09425835
-0,04978981
-0,05552632
0,01959003
0,1764529
0,06748299
0,2169264
0,2242237
-0,2178247
0,03099175
0,1043251
0,5187802
0,4332761
0,287794
0,2371378
0,2985574
0,1249964
-0,290758
-0,2300296
-0,1736692
-0,002594983
0,0263493
0,1849386
0,2872482
0,3325677
0,2057845
0,5249242
0,1868709
0,1033571
0,2013096
0,04375798
-0,0283609
-0,0335792
0,001285389
-0,08579708
-0,1161713
-0,325168
-0,04311764
-0,2357026
-0,06985111
-0,2379626
0,03376934
0,1910467
0,08163725
0,09801926
0,3644479
0,09528358
-0,2796818
-0,07293067
-0,03869856
-0,08882836
-0,1994019
-0,2136882
-0,1531725
-0,3688186
-0,2081007
-0,1700196
0,1494183
-0,1140251
0,05395327
-0,1470767
-0,1665958
-0,06805225
-0,07795183
-0,4862595
-0,1807194
-0,1484059
0,06366634
-0,2704236
-0,1637883
0,00581468
0,08733616
0,2438393
0,003058043
-0,2053538
0,1211144
-0,01603695
-0,3689145
-0,2820458
-0,2010437
0,03468044
0,01363629
-0,111799
-0,2467989
-0,2112796
-0,1730968
-0,0216601
-0,1074876
0,07971953
0,2783208
0,1107954
0,01083842
-0,1048664
-0,3279909
-0,2410792
-0,1557534
-0,1579711
0,1488778
-0,1339439
0,01570797
0,05280081
0,1177766
0,2240234
0,1720409
-0,04755154
0,2073633
0,2015674
-0,288073
-0,3290851
-0,1383468
-0,1941709
-0,09025849
0,1782297
0,2186718
0,09122407
-0,08208282
0,1806608
0,05753426
0,019975
0,4003976
0,2754854
0,02942023
0,05260991
-0,4455695
-0,2756602
-0,3262348
0,06273678
0,05526606
-0,03506617
-0,03378494
-0,03006237
0,2531962
0,1242123
-0,09291038
-0,1911985
-0,2996951
-0,0710796
-0,1515418
-0,2076637
0,1557792
0,04047499
0,2278458
0,1614719
0,2465405
-0,09460175
-0,02191414
0,1548454
0,07824201
-0,09439216
0,2256283
0,2999599
0,07831795
0,8558106
