0,1012607
-0,3330426
-0,1007021
-0,023278
-0,04391081
0,08196272
0,06798413
0,07835043
-0,0270367
-0,0004970068
0,08482343
0,07134498
0,05830757
-0,002559826
0,09378554
0,04558029
0,3089967
0,089806
0,06246243
0,141847
0,09648391
0,04367465
0,05540044
0,001767936
0,1703809
-0,0544905
-0,2309858
-0,1234087
0,1054917
0,05384544
0,02960998
-0,2916216
-0,2365519
-0,07882223
-0,03685493
0,1654132
0,1057461
0,06568974
-0,1668343
-0,002418641
0,2340654
0,1967292
0,07533716
-0,05391278
0,1114248
0,2182849
0,2806425
0,1194918
-0,005520741
-0,06682082
0,02266874
-0,07499818
-0,09510206
-0,07682728
0,3320102
-0,0346028
-0,07348992
-0,06046676
0,07097545
-0,02959402
0,01099434
-0,1198886
-0,1943006
-0,1045062
0,1032695
0,3188236
0,2123346
0,04429208
-0,1526152
-0,09956121
0,02013727
-0,05061433
0,07896223
-0,1337982
-0,1471082
0,233678
0,03141779
0,03502717
0,01000626
0,07050914
0,06468547
0,09732094
-0,1381885
-0,0009449716
0,1512304
-0,1271647
0,01646938
0,04073788
0,1147715
-0,05244729
0,005332536
0,05264604
-0,1331021
-0,1038373
-0,01170156
-0,03366864
0,05684247
0,03142821
-0,2238588
-0,05899504
-0,005175332
0,1172063
-0,02323929
-0,1373484
0,07213304
0,1943615
-0,08322014
-0,1191798
-0,03064564
-0,04090433
0,2212685
0,01113387
-0,1279914
-0,1771093
0,04143444
-0,1258735
0,03570981
0,08662436
0,1429477
0,02366682
-0,03191997
-0,07788011
-0,1880243
-0,1338068
-0,256931
-0,2778062
-0,2329673
-0,08209744
-0,325687
-0,09247262
-0,1382444
0,02691858
0,01273078
-0,07646825
0,1943389
-0,06088226
-0,151502
-0,3309064
-0,09162748
-0,1455486
0,01536919
0,1819462
0,03700977
-0,01965089
-0,08536883
-0,2086817
0,02320251
0,02539771
0,008403107
-0,01589662
-0,009467029
0,02973009
0,05734774
-0,07702826
-0,111409
-0,08032755
-0,2014346
-0,03777933
-0,1399797
-0,03604766
-0,06881202
0,005148746
0,1803112
0,0641102
0,1776695
0,01817513
0,2558721
0,1265198
0,1076827
-0,0008331147
0,1265559
0,08188853
0,03757641
-0,02121477
0,06243904
-0,1623858
0,04942026
0,0543879
0,05589086
0,08643904
0,09348477
-0,002604704
0,168879
-0,0854387
-0,2118009
-0,1587021
-0,117675
-0,02191293
0,04831037
0,1078619
-0,06679649
0,2120697
0,2535135
0,2042791
0,4140576
0,2559124
-0,03416244
0,04144357
-0,08956627
-0,01690173
-0,08682941
-0,1402451
-0,09792373
0,1951986
0,1487423
-0,04168747
0,07115714
-0,03751185
0,002759713
0,03534266
0,1333695
-0,1355333
-0,007871526
-0,106773
-0,2061254
-0,1653906
0,03666746
-0,03036672
-0,01072748
-0,1329978
-0,1028666
0,1657014
0,1394723
0,1421269
0,3272741
0,2154339
0,004220585
0,197824
0,06404589
-0,04999387
-0,1431648
-0,2534944
-0,09742334
0,2123429
0,4026904
-0,02864585
-0,09646198
-0,1442871
-0,0196569
0,03115163
0,1925806
0,03318078
-0,00518364
-0,07004857
-0,07685372
0,01075715
0,2389204
0,03849934
0,1712279
0,05759296
0,07391312
0,1506263
0,03688939
0,1158457
0,3444629
0,1802502
0,2007352
0,263521
-0,02900131
-0,1303788
-0,1357346
-0,2659431
0,07340001
0,1960445
0,4727571
0,03781941
0,02879175
-0,04138669
-0,002466437
0,1171047
0,1202
-0,1536033
-0,1171534
-0,2696059
-0,02756902
-0,06412841
0,2384314
0,09126924
0,1192801
-0,1028456
-0,1293834
-0,06470218
-0,1461638
0,05541819
-0,02271155
-0,1583567
0,3209418
0,2088467
0,1420198
0,1521915
0,0501127
-0,01669904
0,100721
0,2290661
0,2936997
-0,008633599
0,1020333
-0,02150579
-0,1138307
0,06598251
0,01055375
0,02277579
0,07744562
-0,1313623
0,09496264
0,1070533
0,08211771
-0,1119267
0,01534785
0,1586548
-0,07047774
-0,2272395
-0,1193274
0,1201771
0,02834535
-0,2615077
-0,06139998
-0,0335225
0,2959118
0,2332298
0,1748545
-0,1621158
-0,05294946
0,2705686
0,2045221
0,03052065
0,0690206
0,01066109
-0,06465836
0,07827481
0,05774966
-0,03021871
-0,1365594
-0,1038855
-0,01306876
0,04568368
-0,05620296
-0,1028159
0,0856079
0,03759524
-0,1389841
-0,1884344
-0,1493293
-0,05930658
0,1637522
0,09825812
-0,04512367
0,04023308
0,2155181
0,2431018
0,1426148
-0,2179496
0,08315372
0,2147263
0,0499749
0,05995066
0,1160483
-0,01682258
-0,07645039
-0,009151115
0,1095692
-0,012394
-0,03813648
-0,06689575
-0,06414266
-0,0006296077
-0,08058421
-0,1102813
0,04587685
0,07813185
-0,028333
0,02331415
0,01874323
0,05798828
0,1588138
0,04945521
0,3137329
0,3269843
0,2752869
0,2098704
0,00193767
-0,01896369
0,1172388
0,06535552
0,02111371
-0,07055529
-0,01870471
0,0006149334
-0,07400338
0,07420043
0,07499399
-0,03714203
-0,1470101
0,09050126
-0,1085154
-0,2639368
-0,09504262
-0,1072507
-0,07411786
-0,01636119
0,02194535
-0,1208389
-0,2003759
0,063685
-0,04505039
-0,2536736
-0,2921308
-0,1539928
-0,06677733
-0,05247059
-0,1474072
-0,02805444
0,10861
0,003336038
0,03328532
0,0009136471
0,01545634
0,03576673
0,09423387
0,02974712
0,2183408
-0,01792723
-0,1981201
-0,0261287
-0,02771077
-0,1823358
-0,09379283
0,2323124
0,2605209
0,1585186
0,2756138
0,002645127
-0,09136179
0,1966711
0,09119491
-0,05038441
-0,1670438
-0,08219296
0,0424239
0,08761165
0,03154615
0,0560679
0,09465889
0,1767367
0,1226066
-0,005699003
0,1393973
0,008443338
-0,01298196
-0,006422842
-0,03101331
0,059642
-0,02326485
-0,0649269
-0,1049031
0,02985225
-0,1007232
-0,02785818
-0,07997292
-0,1116338
0,1980081
0,2370304
-0,03628447
-0,112019
-0,1216688
-0,1042867
-0,02949855
-0,1085624
-0,1067399
-0,1982877
-0,06126394
0,1200314
0,04035234
-0,086126
-0,2361822
-0,1813291
0,184783
0,09817185
-0,06730986
-0,1011005
0,01535219
0,09283103
-0,02782757
-0,1015512
-0,09754232
-0,01428484
0,02323031
-0,07828835
-0,1122667
0,043294
0,1406813
0,272582
0,176338
0,0127636
-0,08327879
-0,09977316
-0,139573
-0,09234171
0,02470407
-0,06993122
-0,005478841
0,1925974
0,1372725
0,07758158
0,06190982
-0,005909405
0,09954284
0,09764455
0,07163818
-0,1024128
0,02903344
0,04218677
0,02947524
0,001126473
-0,05973512
-0,03832578
-0,1333744
-0,02465682
-0,0391793
0,09890404
0,3542762
0,2983133
0,2346476
0,1329911
0,0846782
0,09325752
0,07241766
0,152758
0,03097906
0,1863154
0,1184933
0,2657294
0,1518909
-0,06218722
-0,001367878
-0,03602441
0,08630217
-0,01567516
-0,04830131
-0,1306653
-0,01210731
-0,02481037
-0,1579963
-0,1214846
0,005811146
0,05287373
0,01270597
-0,1373076
-0,2939927
-0,3130043
-0,1485444
-0,07874965
-0,09884636
0,07187199
0,1426768
0,01135164
-0,2042808
-0,01057104
-0,1799285
0,00504099
0,01262083
0,07333047
0,03972261
-0,07995573
-0,02342924
-0,06567901
0,04549957
0,1775411
-0,08416785
-0,1419335
-0,004300153
0,2173681
0,2526842
-0,02005209
0,1646826
0,1622752
0,2438989
0,2198196
0,1908895
0,09524706
0,05349157
0,1294071
0,07707272
0,1280189
0,04602806
0,01295882
0,08363066
0,2030866
0,1532873
0,1568345
0,066389
0,1702553
0,1311598
0,06079959
0,04359514
0,0324296
0,01453828
-0,06407735
-0,2216894
-0,2088685
1,032205
