0,009651227
0,01143894
0,1143578
0,09238992
0,09840508
0,02697795
0,01919374
-0,01795604
-0,05714393
-0,09156177
-0,0688385
-0,07237769
-0,005129392
-0,05078232
0,006545565
-0,01096397
-0,04875258
-0,05459934
-0,01917553
-0,005575784
-0,01094105
-0,02469837
-0,07644907
-0,03521772
0,04533119
0,07947481
-0,04735876
-0,01025891
0,05106781
0,05814091
0,01494357
0,07704407
0,05989749
0,03226678
0,07501496
0,07817488
-0,03215169
-0,06330363
0,0002618415
-0,01157671
-0,008750529
0,05141858
0,08485958
-0,04128617
0,005097195
-0,06071536
-0,04800399
-0,02139906
-0,004761715
0,09545527
0,0898445
-0,01964154
-0,1092818
-0,05223961
-0,0105166
-0,007427148
-0,01507018
0,0265159
0,01216934
0,002198734
-0,004587844
0,03214972
0,128806
0,09749307
0,04547399
-0,02342099
-0,04629245
0,009685468
0,1088253
0,08989532
0,0394861
-0,0116572
-0,0424655
-0,03738806
-0,03900488
0,02318534
0,01197242
-0,01528782
0,05504593
0,0620166
0,03437902
-0,004311699
-0,1019205
-0,0497786
0,0404592
-0,01443021
-0,02111698
0,02678589
-0,02842301
0,001511524
-0,004451199
0,09075867
0,1758883
0,04319694
0,008538357
-0,008423938
0,0234301
0,08392699
0,05724254
0,04340645
0,004282552
-0,004691727
-0,08983652
-0,07494915
-0,01488375
0,00434757
0,0189965
0,03879312
-0,03073587
-0,02720186
-0,1013345
-0,009481829
-0,01460296
0,03537754
0,1110019
0,09116179
0,04617144
0,005537629
-0,04346218
0,01500468
-0,005722769
0,09548018
0,1451703
0,03611679
0,03387308
0,02286965
-0,0215969
0,04493278
0,02558006
-0,005122602
0,07240799
0,0973599
0,06507644
0,02784024
0,03640706
0,01105792
-0,007126356
0,02754845
0,02639007
-0,04445152
-0,07093138
-0,02184478
0,02336445
0,1609979
0,1857457
0,06616679
-0,008500351
0,01500927
0,008229134
0,06030702
-0,03512158
-0,02977144
0,0004860795
-0,06771988
-0,02366579
-0,01810538
-0,1142153
-0,01790543
-0,01390293
-0,09209041
-0,04881103
-0,02977743
0,01700555
0,0334999
0,02636022
0,02680694
-0,06603875
-0,05491392
-0,05208684
-0,1435737
-0,08426837
0,03251293
0,117635
0,1809383
0,0957114
0,1026031
-0,02656132
0,003207252
-0,02026279
0,06317761
-0,04448245
-0,01595488
-0,004958101
-0,01519647
0,05979349
0,06259032
0,01265515
0,05828548
-0,07976796
-0,01091777
0,04059397
0,1383904
0,09020473
0,1094807
0,05372301
0,002897335
-0,07960668
-0,1649112
-0,02203101
-0,04838262
0,03775241
0,1928115
0,06330549
0,07563562
0,06192679
0,01163765
-0,02374948
0,01679252
-0,002052358
0,0655985
-0,009741678
-0,06354913
-0,02874153
-0,001945336
-0,02493026
-0,003833979
-0,08998681
-0,05679545
-0,05616875
-0,003945315
0,07376783
0,1307389
0,03397373
0,02997769
-0,06032233
-0,08514267
-0,08591299
-0,1974822
-0,03972599
-0,001103577
0,04404809
0,02651352
0,01162871
0,01105765
0,06757829
-0,01020135
-0,06231207
0,00223045
-0,02057759
-0,003181604
-0,05602632
-0,0500685
-0,0408688
0,006477005
-0,02657694
-0,01965168
0,001265683
0,02786618
0,05260189
0,06042793
0,081157
0,04876288
-0,04107827
0,06258087
-0,03174351
-0,01922559
-0,03791945
0,05061781
0,1466256
0,1044748
0,05460723
0,02884123
0,05330725
0,03063407
0,04871086
0,01296632
-0,02207842
-0,006117058
-0,02314315
-0,03069506
-0,03386332
-0,05402396
0,04945331
0,01819495
-0,05357153
0,01839049
0,1144865
0,03838453
-0,003318232
0,08298789
0,03261771
-0,06977596
-0,06826233
0,1185892
0,1252398
0,1294092
0,1639727
0,04350348
0,1059686
0,1258093
-0,01104727
-0,01898567
0,01348106
0,03232218
0,01483896
-0,03375715
0,037953
0,01293751
-0,02516927
-0,03243733
-0,02914197
-0,04575704
0,03733679
-0,02967839
-0,03618789
0,00610959
0,02104774
0,04356563
0,01384658
0,027684
-0,03119806
-0,02252905
-0,02095884
0,112442
0,1762542
0,151188
0,09675642
0,1179414
0,2093278
0,1183738
-0,05417052
-0,01756539
0,05428943
0,03349442
0,03208535
-0,01821121
0,0020569
-0,0396409
-0,01166808
-0,02835204
-0,08175569
-0,03535909
0,02658981
0,02840194
0,02566877
0,05344292
-0,01365644
0,01029523
0,03314082
-0,06624012
-0,01999904
0,06352989
0,07920055
0,1558624
0,1704174
0,1275547
0,04961709
-0,02128126
0,08362655
0,04988542
0,01829078
0,05357056
0,07543478
0,137484
0,08056156
-0,05985213
-0,04147753
-0,02769736
0,05063162
-0,0006256598
-0,04173443
0,04836467
0,09073788
0,09269516
0,06759131
0,0166732
-0,001773144
-0,03316311
-0,09439111
-0,1199004
-0,02661257
0,00576077
0,08665747
0,04315275
0,08483655
0,02437373
0,0185007
-0,09477685
0,0729733
0,03101097
0,02247989
0,004048178
-0,0001066893
0,08308399
0,1299699
0,05946859
0,00355669
-0,01784124
0,04759845
-0,01485699
0,02257515
-0,006850952
0,05237421
0,1291901
0,003217479
-0,04202429
0,002382839
0,01848918
-0,00519155
0,05958245
0,0904064
0,06921705
0,1073284
0,01288215
0,03513267
0,001114724
-0,009000157
-0,01624058
0,04637389
0,01237329
0,01813268
-0,07001716
-0,03937238
0,01748218
0,05700736
0,004526415
-0,02673371
-0,03528167
0,05783803
-0,002180941
-0,02734283
-0,003576247
0,09593711
0,0923766
-0,03244361
-0,10238
-0,0637792
-0,08142519
-0,03118836
0,05305785
0,1583154
0,1461955
0,01666763
0,01646595
0,08292992
-0,03377664
-0,02458261
0,00280898
-0,002437671
-0,03977489
0,02401741
-0,06391171
-0,128343
0,01391039
0,0696105
0,00453392
-0,02519332
-0,04897059
0,0622375
-0,01508512
0,0387258
0,05374855
0,06361639
0,01190216
-0,05694811
-0,1298994
-0,1262328
-0,1792625
-0,1575671
-0,03723023
0,01972275
0,0101014
-0,01896366
-0,07280881
0,003383225
0,001620663
-0,05123079
-0,02617167
-0,01500968
-0,02907664
-0,05933309
-0,05686444
-0,06877487
-0,04994634
-0,04509376
-0,004276992
-0,04478804
-0,03642415
0,015249
-0,01161468
0,004500895
0,01775225
0,06221578
0,0115355
-0,08290267
-0,07276647
-0,1410461
-0,1547518
-0,1353593
-0,09846891
-0,1086112
-0,05287273
-0,03136446
-0,07234444
-0,07677965
-0,05917575
-0,09323705
0,01693404
-0,002293127
-0,03897353
-0,06952257
-0,0349521
-0,02192996
0,01070957
0,06146711
0,03568472
-0,002832557
-0,02201189
-0,005593325
0,01173368
-0,06310984
0,003024473
0,1186624
0,02801794
-0,05406997
-0,05660334
-0,06439682
-0,05338952
-0,02977879
-0,0637238
-0,09338914
-0,08312029
-0,03251408
-0,03348278
-0,08036721
-0,0577269
-0,05876622
0,01140877
-0,006255579
0,005885422
0,01967072
0,03255836
-0,004895838
0,01353022
0,06098982
0,04310149
0,006245011
-0,05055103
-0,008227549
0,003890702
-0,03699326
0,03723002
0,1199237
0,03086829
-0,002235812
-0,02298941
-0,04450262
0,01265682
-0,01367442
-0,02823089
0,05449244
0,02762925
-0,01341048
0,02784383
-0,01921201
-0,03136664
-0,03221706
-0,01024958
0,02034141
0,002098715
0,001166233
-0,0008271369
-0,009290713
0,03727956
0,0364191
0,05068538
-0,01831089
-0,02033286
-0,01854357
-0,01777819
-0,05809246
0,02013347
0,1033506
0,06274801
0,09144835
0,1618816
0,153497
0,1026317
0,1323926
0,1205127
0,1122499
0,1691878
0,1468552
0,172468
0,1540159
0,0828954
0,05793688
0,08786808
0,07382871
0,04898165
-0,0163089
-0,03475201
-0,04853513
-0,03961134
0,01392313
-0,02779196
-0,1560044
-0,05414716
0,006050061
-0,05970917
1,019175
