-0,02307231
-0,07038624
-0,06291228
0,2012921
0,0707158
0,09028273
0,1874973
0,2951699
0,1913055
-0,03727815
-0,1961199
-0,01118993
0,142917
0,08456112
-0,02809994
-0,09129703
0,01223582
-0,07561469
-0,01951279
0,1609209
0,3311617
0,2001937
0,01224813
-0,01162531
-0,06629081
0,02291067
-0,08901738
-0,2206023
-0,1182054
0,06346189
-0,001591727
-0,07435529
0,02615594
-0,1041922
0,05765672
0,2741175
0,108327
0,3408818
0,3828821
0,098567
-0,2688467
-0,1313138
-0,07079794
-0,190846
-0,2934873
-0,2229234
-0,07751196
-0,2164004
-0,2040098
-0,003333732
0,1843219
0,1459149
-0,15868
-0,02513908
0,09270854
-0,02055445
-0,0623721
-0,221113
-0,1098979
0,09536264
-0,07838515
0,04106027
0,2225882
0,0675418
0,1564957
0,2031768
-0,0885661
0,1567622
0,269843
0,08345843
-0,1752009
-0,1149993
-0,1695018
-0,1700562
-0,1792212
-0,200668
-0,1174124
-0,1482625
-0,01662852
0,07112071
0,2511906
0,09218909
-0,05033245
0,04318661
0,1230982
0,08966344
0,1522639
0,06293049
-0,02635729
-0,02851526
-0,03820635
-0,05757053
-0,04681601
0,1900951
0,2897103
0,1285323
0,0934488
0,2783183
0,2945803
-0,01652046
-0,06271338
-0,01110635
0,1158734
-0,05503729
-0,08322593
0,09910989
-0,1589974
-0,184197
-0,3788038
-0,02113961
0,284484
0,02350495
-0,04840913
-0,120307
-0,05201887
-0,04521257
0,08492308
-0,04227974
0,1445025
0,01206034
0,1031016
-0,0213674
-0,1018067
0,1778764
0,06294141
-0,2024945
0,07226958
0,272658
0,5680884
0,1354531
0,008252349
0,08256454
0,1619304
0,2564093
0,1413393
0,01588635
-0,1094052
0,02846017
-0,1940468
-0,1284393
-0,03174304
0,03937667
0,06398088
-0,1816525
-0,1147305
-0,03124191
0,1040847
0,1261949
0,3133555
0,1185477
0,08502518
-0,05114636
0,1015816
0,2443172
0,05148076
-0,2303092
0,217088
0,4003194
0,2743282
-0,1329508
-0,3252206
-0,1547318
-0,008501036
0,1835848
0,1526642
0,09445179
0,06348218
0,1234772
-0,08985105
-0,1182612
-0,02277954
0,02963722
0,02512009
-0,09485495
-0,05618428
-0,08293993
0,03649243
-0,02883518
0,2220645
0,1310705
-0,07535517
0,02581365
0,1521265
0,2612768
-0,1121074
-0,02501668
0,02055935
0,2590913
0,1764459
-0,07011782
-0,05772918
-0,006121591
0,06044151
0,1772093
0,1073835
-0,06367765
-0,1855913
0,08913798
-0,1819472
-0,2161028
0,07670739
0,1686193
0,04649939
0,0893354
0,05884952
0,0963006
0,2121967
0,193768
0,3770379
0,2564417
-0,06792833
0,1015988
0,3280519
0,182561
-0,1453166
-0,08883369
-0,1072481
0,1529064
0,2045186
-0,1041514
-0,1434279
-0,05706207
0,1534371
-0,2479937
-0,04375915
-0,02641755
-0,189825
-0,02025381
-0,06380644
0,1123037
0,2740445
0,2266783
-0,0313521
0,08563956
0,1006607
-0,1524006
-0,09820921
0,04308725
0,1414162
0,192874
0,01349797
0,08385918
0,1889402
0,07366204
-0,04435556
-0,3425207
-0,01355102
0,4012171
0,140414
-0,1374093
0,07291832
0,0717998
0,1808965
-0,2866597
-0,1801014
0,04652088
0,05573403
-0,03802516
-0,1561393
-0,01665184
0,1291669
-0,01518513
-0,2167849
-0,09892248
0,2056074
-0,0722632
-0,1446175
-0,007919185
0,06957877
0,3178193
-0,115648
0,1003124
0,09935848
-0,1406531
0,05075999
-0,2837867
0,1089749
0,3054835
0,06293146
-0,199837
-0,1606503
-0,1686845
0,02077717
-0,2359235
-0,01607549
-0,03494995
-0,004194071
-0,1436333
-0,125606
-0,1116582
0,2331796
0,06439915
-0,3611863
-0,1626951
0,2146086
-0,04138031
-0,2137863
-0,1956011
-0,0704615
0,1579754
-0,001341071
0,1103524
0,2287474
0,006165521
0,1299495
0,1122027
0,1156703
0,2169951
0,09824212
0,1291563
0,005042217
0,01004239
-0,2416542
-0,3190902
0,07127742
0,0805949
0,03020015
0,01752003
-0,06792802
-0,0941615
0,2233747
-0,07446813
-0,3887162
-0,1342276
0,1869492
-0,06823602
-0,06220816
0,08056442
-0,03045393
0,1073202
0,01298131
0,08661247
0,1612122
0,02336104
-0,1357858
-0,005252141
-0,09193999
-0,1263119
0,02626595
0,01884279
0,03495518
0,1346907
-0,01542039
-0,01751447
0,359962
0,08309557
0,2619158
0,08886717
0,189451
0,2040391
0,2956655
-0,1422622
-0,2476591
-0,03726382
0,09733199
0,09177857
0,1311457
0,1156932
-0,09086145
0,1414791
-0,05084411
0,07375671
0,1722622
0,0983972
-0,1083095
-0,1224711
-0,101627
-0,2567672
0,03580686
0,05827408
0,02366305
-0,01839725
0,2027079
0,05575601
0,01929572
0,0130657
0,08528502
0,1334439
0,1909978
0,1015973
-0,01802527
-0,07557561
-0,1275593
-0,1985196
-0,1763918
-0,1433966
0,06035673
0,07504601
0,06746478
0,07020894
0,03024052
-0,08112556
-0,08441171
0,1729253
0,1284256
0,09149849
-0,04436152
-0,2350892
0,07854567
0,08234081
-0,02669172
-0,03131773
0,07005087
0,1040288
-0,135488
-0,1225849
-0,05616434
0,008045367
0,1800437
0,1291571
0,04561443
-0,1314828
-0,1038053
-0,2478347
-0,01185713
0,02286168
0,05877548
0,002955787
0,03631961
0,005085408
0,1520822
-0,05278974
0,001175883
0,1383138
0,1593571
0,01832242
0,02277334
-0,2368867
-0,1777411
-0,2316396
0,07958364
0,02754234
0,1909118
0,1675355
0,01208374
-0,09732626
-0,1840371
-0,2270541
-0,162478
0,06223042
-0,01959657
-0,09627689
-0,189263
-0,05560387
0,1905327
0,05984478
0,1278132
0,1221352
-0,04368981
-0,1042542
0,1626672
0,0687751
0,02735633
0,06854945
0,2513131
-0,01122423
-0,09595136
-0,1665227
-0,1689082
-0,4096793
-0,0985629
0,051281
-0,08250701
0,314293
0,1700439
-0,0491088
-0,1945286
-0,334619
-0,06242894
-0,1377001
-0,1394208
-0,0632311
-0,2186046
0,07056373
0,1645469
-0,09758392
0,008413875
0,03390878
-0,02606113
-0,118573
-0,02125984
-0,05486258
-0,3005957
0,03060336
0,2057966
0,2126622
0,06049012
0,06659589
0,06494492
-0,07577617
-0,0237365
0,03463261
-0,02146901
-0,074798
0,01993565
-0,09785122
-0,1455342
-0,2166263
-0,06299604
-0,002998363
0,1045391
0,1659252
0,05668462
0,07380138
-0,002789418
-0,01004018
-0,05579196
-0,1284886
-0,04734861
-0,03489839
-0,0594888
0,01109786
-0,1938758
-0,1801548
0,1221387
0,3524773
-0,005411253
0,0437494
-0,01157761
0,169407
0,1868745
-0,0138162
0,005132761
-0,01018637
-0,002126234
-0,06273413
0,04556759
0,006697201
0,0919337
0,05182234
0,2439532
0,09566431
-0,05778333
-0,03846711
-0,03850979
-0,04951029
-0,171985
-0,09766752
-0,06694034
0,02100422
0,1173884
-0,01208797
0,1092568
0,004089476
-0,08684125
0,1562085
0,4584199
0,05322997
-0,07866956
-0,01009236
-0,09064627
-0,03090832
-0,1397442
-0,2426023
0,02107251
-0,07125545
0,2620297
0,2845511
0,131844
0,1490466
0,07684793
-0,0432962
-0,2523609
-0,1824008
-0,07206725
-0,1125808
0,08108357
0,0946627
-0,03191164
0,06197833
0,3540941
0,2503443
0,0743422
-0,1210675
0,003327732
-0,03162061
0,231179
0,2070466
0,01530423
-0,04996909
0,126127
0,06365143
-0,09930892
-0,1541099
-0,1234696
-0,002171878
-0,1239573
-0,1051607
-0,03403301
0,01668963
0,08676816
-0,1778472
-0,2919296
-0,03866462
-0,04813503
-0,07159224
0,03560613
0,0105321
0,0934663
0,1467171
1,046949
