0,02223916
0,02458427
0,02891975
0,006225476
0,008105814
0,01616747
-0,003270884
-0,004720119
0,006310936
0,03082081
0,01915816
0,01397749
-0,001705841
0,004734464
-0,01416335
-0,02001277
-0,0006041921
-3,317951E-05
-0,00776342
0,02554511
-0,01034327
-0,0007482457
0,005173766
0,007658318
0,0003970356
0,05880153
0,02120536
0,04696846
0,04846157
0,04494971
0,0148276
0,03294522
-0,0008988425
0,001070575
0,007641687
0,0242932
0,00119464
0,01390225
0,007111272
0,01545547
0,02887929
0,02045817
0,038009
0,01915601
0,02858331
-0,01456735
-0,0003790958
0,00487928
-0,007079408
-0,001606828
0,009520752
-0,008267667
-0,02684156
0,002339973
0,02949106
0,02571036
0,007357846
0,01909936
0,05085765
0,05603267
0,01628122
0,01122362
0,001094624
0,02124578
-0,01219393
-0,01894266
0,004587732
0,01541191
0,03671914
0,003927773
-0,01540378
-0,005157368
-0,007758695
0,001708134
0,02196555
0,01831211
-0,007062564
-0,01088245
0,001330406
-0,01636506
-0,02587072
-0,01719785
0,001815972
0,02857333
-0,007182343
-0,01907551
0,009312781
0,02129817
0,02528704
0,01640913
0,01253699
0,009788042
0,02313928
-0,0139545
-0,0059689
0,006505602
0,03143777
0,02128614
0,0219304
0,02718412
0,0246501
0,0230795
0,008756352
0,00466206
0,02854716
-0,00735223
0,01252931
0,02455437
0,01276457
0,004713308
-0,0268831
-0,01036422
-0,005527165
-0,01007074
0,006975609
0,03437509
0,03342465
0,004594477
0,01300517
0,02850476
0,008860902
0,003205066
0,03018771
0,0003459326
0,004230561
0,04085644
0,03592559
0,02231994
-0,009654568
0,003812538
0,01234777
0,02357106
0,03017829
0,02121963
0,04904822
0,03543972
0,01403285
0,02659227
0,04849473
0,04420897
0,03552651
0,01821342
-0,001857061
0,02006379
0,03674632
0,03727509
0,03823688
0,01069787
0,0310829
0,04942287
0,00890717
-0,0003310179
-0,003118924
-0,002498719
0,01565716
0,02655601
0,01254791
0,002793068
-0,002587079
0,01624482
-0,003637125
0,007919021
0,03038904
0,005182115
-0,008056497
0,03261027
0,02265374
0,02814293
0,04166439
0,01471741
0,01487393
0,02741495
0,03367561
0,03615605
-0,008455982
0,02740196
0,009764519
0,004856012
0,01957523
0,03704419
-0,005944304
0,01955889
-0,002966964
0,001324718
-0,0009474888
0,01302901
0,01779575
0,02020565
-0,029924
0,01346838
0,0212969
-0,00171032
-0,01113381
0,001132807
-0,004598977
0,02983447
0,01601241
-0,0106481
0,02464243
-0,001841102
0,009042437
0,03728561
0,00820824
0,03639767
0,0241628
0,01963658
0,04081728
0,02646067
0,02246022
0,03233447
-0,002391396
-0,01490574
-0,001329481
0,002415917
0,004389018
0,01383576
0,009570652
0,01430636
0,01609575
-6,561193E-06
0,0124896
0,003745838
0,00266779
0,02467052
-0,008823845
0,008435477
0,01885211
-0,03203364
0,000680098
0,0005774023
0,006988182
0,005225639
0,02784586
0,02112315
0,003640698
0,006794835
0,02426047
0,01754689
0,01381185
-0,007436824
-0,00100413
-0,007440079
-0,006756053
-0,01762467
0,01720277
0,01054761
0,02175687
-0,003159256
-0,00476413
-0,0215801
0,01776176
0,009352376
-0,01440462
0,003267952
0,02377794
0,01610036
-0,01003248
-0,01459641
0,02285306
0,008189949
0,004792811
0,004135801
0,01070858
-0,007093884
0,03111209
0,03622485
0,04683018
0,03043066
0,01004097
0,005463342
-0,01230152
-0,003975104
-0,001608373
-0,009582089
0,008101466
0,01057391
0,04060954
0,01179576
0,002953538
0,009819183
0,004267398
0,02901844
0,01208148
0,03046625
0,04948003
0,0163844
0,01732222
-0,01061437
0,01584257
0,02232012
-0,01301707
0,001122293
-0,001673653
-0,02262083
0,0185621
0,03839603
0,05029051
0,01549883
0,005327835
0,001274742
0,01675469
-0,008841091
-0,007521396
-0,00639887
0,02507964
0,0127249
0,005977606
-0,004366355
0,02155645
0,03366512
0,003811585
0,03153807
0,03189184
0,0283199
0,01546005
0,007746515
-0,002134324
-0,004709288
0,04294679
0,04713611
-0,005527957
0,01284372
0,01508616
0,01363981
0,03587035
0,04030411
0,05839188
0,02146574
0,007447131
-0,001356599
0,004543637
0,0008849924
-0,002808287
0,004787735
0,02449939
0,02634121
0,01744809
0,02742772
0,0576206
0,02787794
0,003630652
0,01299153
0,02850597
0,03142361
0,03029451
0,02602192
-0,005610111
0,01383579
0,01300305
0,01359286
0,006221823
0,02014704
0,03390361
0,004597822
-0,006757786
-0,001328198
0,026876
0,009769297
0,01739869
-4,378084E-05
-0,02764553
-0,008218001
0,004177839
0,0208927
0,01775196
-0,003978749
0,002217058
0,01562825
0,004595015
0,007344388
0,02084173
-0,0006349111
-0,003425546
0,03183309
0,03025092
0,01703276
-0,01373759
-0,004162797
0,01192934
0,02048266
0,02375516
0,0192117
0,02839732
0,004043546
0,0003845924
0,02122322
0,00395447
-0,003362481
0,003406378
-0,01407801
0,01261372
0,003486659
0,008313645
0,01778352
0,004428436
-0,006027838
0,02197401
0,03437966
0,006959711
0,03194282
0,01757936
0,001293513
0,01152967
0,01895199
0,01725423
0,0175576
-0,002319346
0,0007364146
0,02352395
0,02924586
0,0221081
0,01638277
0,03313503
0,003426392
0,002221663
0,005297153
-0,006808386
-0,008149007
0,006001536
-0,004629008
0,000422936
0,008026773
0,02412766
-0,01104279
0,0132535
0,01114246
0,001557707
0,006663621
0,01643074
0,03779998
0,04364392
0,01290432
0,00436532
0,01837585
0,004065554
-0,02175016
-0,001649359
0,0151954
0,01818694
0,01904665
0,02137127
0,01360816
-0,01021298
0,0218017
-0,001969437
0,007304395
0,007709977
-0,01565916
0,003252877
0,003064071
0,002888961
0,008887156
0,02814005
0,02652657
0,01599004
0,01087196
0,006283535
0,009391579
0,01088241
0,01216648
-0,001299727
0,01062457
0,004189125
-0,004107157
-0,02730656
-0,01094852
-0,006042956
0,02281402
0,01009032
0,01422371
0,01172822
0,009068879
-0,0003561837
-0,004293805
-0,03331514
0,006124073
-0,0001075565
-0,003275237
0,0118484
-0,008996473
0,00212672
0,01744262
0,03791587
0,01146118
0,002545147
0,02053202
-0,007069126
0,00423796
-0,0052453
-0,004553927
-0,008625499
-0,004814286
0,02730755
-0,01243205
-0,03154046
-0,008255761
-0,01568865
0,01345615
0,01406753
0,01237304
-0,005636641
0,008445176
-0,004741659
0,0119546
0,00112835
-0,002764601
-0,01409608
-0,01762429
0,0175294
-0,01745604
0,007130676
0,01464646
0,01836164
0,0146238
0,007110211
0,02090606
0,006735958
0,002774244
0,01139209
0,01662134
-0,01582116
-0,01629215
-0,001078571
-0,01627161
-0,01638713
-0,01735211
-0,007060843
0,03317618
-0,01442273
-0,03076277
-0,007309184
0,003666254
0,004896894
-0,004430091
-0,001111782
-0,01849835
-0,01521711
-0,01290135
0,003756928
-0,008711047
-0,01052937
-0,002063739
0,03085601
0,008921744
-0,001000458
-0,0190525
-0,0005097007
0,01644416
0,003152323
-0,002909403
0,009448973
0,00920195
0,001797614
0,02022806
0,01291029
0,003451748
-0,01086404
0,01619606
-0,01419064
-0,01485773
-0,0111348
-0,002957972
-0,005059946
-0,02204761
-0,02323723
-0,01397942
-0,009352658
-5,45341E-05
-0,001281228
-0,02306342
0,002324105
0,008287803
0,03930056
0,02459528
0,02156252
0,01949953
0,01577227
0,02156255
0,02642884
0,01346735
0,0004900924
0,02697301
0,04771312
0,03457488
-0,006584448
0,004429507
0,02008678
0,009624371
-0,009247507
-0,002687559
-0,002211898
0,006475794
0,01486415
-0,006302675
-0,003363063
0,001781595
-0,03716508
-0,02238998
-0,0256539
-0,044819
1,055814
