0,01259169
-0,006038797
0,02370061
4,554955E-05
0,007119664
0,0477378
0,02782088
0,06112351
0,08221367
0,06363341
0,06162774
0,03999472
0,1079253
0,09068192
0,06226094
0,02897613
0,04105349
0,03611601
0,04064224
0,09999058
0,08380058
0,03999686
0,03173516
0,06064369
0,03219683
0,05418471
-0,004855692
0,02341937
0,00279354
-0,001825857
0,00203471
0,01335447
0,04516001
0,007608311
0,009393667
0,01735122
-0,05052118
0,007327917
0,01833084
0,01430598
0,03395461
0,002226789
-0,005907366
-0,04124209
-0,05140015
-0,03266313
0,005390208
-0,004552638
-0,01781515
0,01483577
0,05654496
0,04606172
-0,06790048
0,03757561
-0,03737534
0,01103886
0,02404167
0,0539671
0,01268551
-0,004438402
0,02717934
0,004899013
-0,02307224
-0,01045174
0,02474432
0,02570298
-0,05832563
0,0005642637
0,01203104
-0,0330053
-0,00233763
-0,01820825
-0,02592024
-0,01481813
-0,03405171
-0,02850035
0,0006971958
0,02342848
0,02429148
-0,02262941
-0,01369359
0,02183843
-0,0448729
-0,003878328
-0,02150831
-0,002275786
0,02197207
0,02067686
0,0006978864
0,001004866
0,03195199
0,01459744
0,01226334
-0,004281811
0,01200631
0,0139313
0,02576431
0,0270595
0,01209483
-0,03816946
-0,03640726
0,00916574
-0,01262313
-0,004021206
0,008670496
-0,02394884
0,02593703
-0,02378557
-0,03257054
0,0001818493
-0,01243209
-0,02200908
-0,04670389
-0,05208117
-0,04304512
-0,06180547
-0,04377344
-0,004097467
0,003710923
0,02585374
0,006429348
-0,004232484
-0,006312788
-0,02848322
0,06541335
0,08020762
-0,01542911
-0,0137143
0,0101253
-0,01551052
-0,01649477
0,009256099
-0,03184613
-0,03967475
-0,0168961
-0,01663988
0,005576834
0,001577434
-0,02682388
-0,005110997
-0,02104715
-0,06522122
-0,04608585
-0,01733015
-0,009945339
-0,03131134
0,01035506
-0,007433596
-0,008460699
0,04736667
0,008565254
-0,004004847
0,005337172
0,01965741
-0,002489418
-0,0301309
-0,02768809
0,01238663
0,06145538
0,07171475
0,0003300078
0,02225392
0,02008574
-0,001554677
-0,03520497
-0,01411738
0,007564993
0,04991648
0,04203691
0,03077061
0,02570919
0,001249879
0,01117804
-0,01542126
-0,02802975
0,004006007
-0,02061663
0,01177551
0,001834554
0,05253641
0,06918389
0,03523575
0,01448398
0,05524881
0,02354582
-0,0103607
-0,05032282
0,009644446
-0,02552351
-0,02887759
-0,01740142
-0,0382009
-0,02421544
0,03447938
-0,03101915
0,004875376
0,02571167
-0,01682705
0,01356704
0,001634697
-0,02316051
-0,03219235
-0,03871614
0,01898657
-0,01343503
-0,0036383
-0,02203414
-0,009626566
0,01800595
0,06838978
0,07871015
0,04941979
0,07309317
-0,01503693
-0,008471414
-0,005553236
-0,06132249
0,01097545
-0,0007126239
0,0319399
0,04446739
0,01654759
-0,01652956
0,03320752
0,007875124
0,008149375
-0,008241256
-0,0013009
0,04165347
0,01520581
0,0220146
-0,004382848
-0,04985214
-0,01518266
-0,0104611
-0,01263447
0,01965829
0,05865329
0,05216282
0,0670454
0,0131133
-0,003141685
0,05759954
-0,01452077
-0,01720728
0,007102727
0,02958182
0,06285951
-0,0186576
-0,01182132
0,0344956
-0,001105786
0,03673809
0,06435995
0,03590922
0,02631687
-0,01532515
0,07285905
0,07619759
0,0490151
0,02694737
0,01140083
0,01535078
0,02050908
-0,01814186
0,02154701
0,01775042
0,08820831
0,1132882
0,08430843
0,0183016
0,009912727
0,08431683
0,06145247
0,04409498
-0,004850643
0,03778295
0,01956031
-0,02832585
0,05872341
0,09847727
0,05056191
0,1013695
0,1165135
0,1022556
0,001843966
-0,02541029
-0,01631678
-0,0130017
0,01097053
-0,001337088
0,04688329
-0,004345519
-0,03983339
0,01035167
0,05533406
0,03693704
0,05867852
0,09377362
0,05985059
0,02524659
-0,02005746
0,02352288
-0,004306925
0,02896642
0,03293009
-0,00746354
-0,01161667
0,004640379
0,05559942
0,08349311
0,1109447
0,05257735
0,08678136
0,03892178
0,01135745
0,01512153
-0,02187716
0,02682411
0,04383722
0,01277769
-0,003966683
-0,001352177
-0,02408223
-9,44255E-06
0,05682474
-0,006309457
0,03689668
0,04602057
0,03205409
0,04391723
0,03700281
0,03561923
0,01340514
0,06165088
0,04693012
0,001988206
0,02432417
0,01181811
0,0252659
0,05943568
0,08411986
0,0973098
0,08185656
0,05851601
0,04501469
0,003798383
0,0585682
0,08355324
0,03085201
-0,01712644
0,02353225
0,04224678
0,02300062
-0,01184833
-0,004999313
0,01193304
0,08708748
0,06400008
0,06111646
0,05162781
0,08377775
0,008986725
0,03828924
0,03568686
-0,03423231
0,03380413
0,02589607
0,01054453
0,04170603
0,01730271
0,003039334
0,06993164
0,09222029
0,01739747
0,02143735
0,0006994593
0,04778272
0,05150235
-0,00224711
0,02086227
0,02229296
-0,01215883
-0,006687642
-0,05609441
-0,00162453
0,04315484
0,03399466
0,03767376
0,03942408
0,02528975
0,02424444
0,02728346
0,02456716
0,02193297
0,0272642
0,04896077
0,01863187
-0,01169995
0,02321788
0,04240236
-0,01203455
0,05293996
0,01829698
-0,04658859
-0,01827706
0,01132913
0,0526896
0,09328805
0,04417012
0,05642252
0,01779943
-0,01268562
-0,02460996
0,01278989
-0,01072481
-0,009988881
0,01694531
0,01921844
0,02420524
0,01893249
0,02883054
0,05853197
0,01944759
-0,01157124
0,01788696
-0,01077532
-0,02604065
-0,04933397
0,01680724
-0,0006539854
0,03853384
0,04508976
-0,005819656
-0,04856384
-0,02631052
0,02538891
0,02706355
0,006616833
0,002642478
0,05943028
-0,0003930466
-0,01500231
-0,03936639
-0,02393749
0,04634967
0,03089867
0,002738445
0,01635136
0,002208651
0,06853903
-0,03088088
0,03678496
0,02870346
0,007866994
0,08234258
0,04435951
0,01603447
-0,01973367
-0,00757137
0,003444423
0,03585466
0,03440278
-0,03243266
-0,01891408
-0,007175574
-0,03412126
0,03750899
0,02766252
0,00723477
0,04671292
0,05392686
0,02881451
-0,02473418
-0,05300089
0,04378123
0,01437687
0,03067983
-0,014798
-0,03458853
0,08389569
0,006449168
0,005573754
-0,03476955
0,03040189
0,0671616
0,02650248
0,04311812
0,06786438
0,005820242
0,0219765
-0,02045626
-0,02397549
-0,07362533
-0,006907617
0,0543446
-0,0003621044
0,0443735
0,01810627
0,009552619
0,02330581
-0,006180474
-0,02752424
-0,0499864
0,00529223
0,01339742
0,001607689
0,008177852
-0,06504355
-0,02272717
0,01722905
0,01965049
0,003714784
0,01909696
0,02678375
0,0424182
0,03109156
-0,06693863
-0,03166785
-0,008155361
-0,04729548
-0,03537654
-0,05159787
0,01103528
0,02485551
0,03551657
0,005439505
0,01586983
0,01260922
0,01199699
0,02963221
0,02095962
-0,01071297
0,01479593
0,02103572
0,00546693
-0,001475638
0,03262142
-0,01659014
0,01492136
0,002496787
0,01707686
-0,0005954363
-0,02364665
-0,0286395
-0,07492286
0,002832456
-0,007320211
-0,03716936
0,0121611
0,01442309
-0,04143377
-0,0258492
-0,01779923
-0,02323764
0,01840483
0,004585014
0,01392504
-0,0273064
-0,04078358
-0,03520087
-0,02300804
-0,002110889
0,0165982
-0,003011988
-0,01298899
0,03312379
0,05398399
-0,01907207
-0,007346387
0,006015296
-0,04822366
0,003358649
-0,02018528
-0,01281784
-0,01604551
0,01556877
0,01112768
-0,0256551
0,01947443
0,1010211
0,08341078
0,03975175
0,03006239
0,02651458
0,02473738
0,004217363
-0,009520154
-0,006294208
0,02197506
-0,009479086
0,03061226
-0,02594739
-0,01325692
0,009714467
0,02424896
-0,02121884
-0,04900195
-0,01282251
-0,02264527
0,9835811
