-0,02694125
-0,005791027
-0,05252753
-0,09644794
-0,01998744
0,01049051
0,04756635
0,01865135
-0,03985291
-0,0862936
-0,09044702
-0,08137062
-0,05087842
-0,02827359
-0,02772313
-0,02931359
-0,02328273
0,00321958
0,02211691
0,01353797
0,02565521
0,06126805
0,05145949
0,0784218
0,02943008
0,1217952
-0,0008978346
0,02305591
0,01246313
0,006754709
-0,03635497
-0,004776154
0,02155156
0,0305517
0,036979
0,02037326
0,05764333
0,02589617
-0,03138786
-0,04525443
0,0002759863
0,03447574
0,04365203
0,05648815
0,03142355
0,07423953
0,04328663
0,0491526
0,07635419
0,07179046
0,01268607
0,008492417
0,02703152
0,005601939
0,09339193
0,1174086
0,02755357
-0,01230576
0,007375037
0,0085938
-0,1192869
0,04526618
0,09420321
-0,01118628
0,03568283
0,04818284
0,04656171
-0,03946957
0,0457662
0,06568203
0,02452618
-0,02839553
0,01829294
-0,003806475
-0,0289369
0,03209744
-0,0245964
-0,008589688
-0,01039848
0,05373489
0,1817671
0,1110751
0,003793586
-0,001154067
0,00741699
-0,04280511
-0,04699178
-0,02733411
0,023109
0,01326711
-0,0550001
0,08466137
0,1304531
0,002262492
-0,01750075
0,02848912
0,01706882
-0,03574261
-0,01750164
-0,05942985
-0,01666897
0,01383517
-0,03144157
-0,03146218
-0,09881389
-0,04401667
-0,03437774
-0,03509131
0,008331669
0,01739039
-0,002776277
0,04387751
0,0324146
-0,01856388
0,007236133
-0,04342825
0,06440524
0,08199365
-0,03441883
-0,01258574
-0,03615059
0,01314436
0,05507422
-0,05756104
0,01697496
-0,02612929
-0,03871486
-0,06838457
-0,0583535
-0,09874349
-0,0513889
-0,04257534
-0,08965711
-0,06507067
-0,01184117
0,01444463
-0,01087886
-0,06135319
0,02809799
0,0005910429
-0,01586095
0,03607576
-0,002549107
0,003565647
0,05341582
-0,001058967
0,03631514
0,07646593
0,02626367
0,000478083
-0,05434684
-0,06026405
-0,02910079
-0,06540116
-0,05665827
-0,08404537
-0,1231059
-0,1582292
-0,05927824
-0,06641825
-0,04965017
-0,04901372
0,005364632
0,01158788
0,04135575
0,03384159
0,01613232
0,08557244
0,01957166
-0,02733746
-0,0426458
-0,02607447
-0,03511301
0,04184555
0,02884184
-0,004481111
-0,01082092
0,02809081
0,02555929
-0,02069211
-0,02404947
-0,04047678
-0,0172057
-0,1048714
-0,0667574
-0,110041
-0,07740638
0,004753408
0,09912655
0,1433334
0,1159967
0,05490255
0,0532713
0,09302982
0,1547352
0,2211818
0,2143926
0,1753108
0,09557045
0,03107415
0,01054675
0,02639331
0,01316429
-0,02495769
0,04686637
0,05180208
-0,03905921
0,009663654
-0,01033867
-0,03533725
0,06288692
0,03536272
0,06828244
0,04436654
-0,04838492
-0,09630933
0,04574167
0,112583
0,06158303
0,1112948
0,07492815
0,1773998
0,1243919
0,07064218
0,1292782
0,1093182
0,0997022
0,01825009
-0,008170378
-0,04608595
-0,07719032
-0,003494655
0,051022
0,0337993
0,006365311
0,02400298
-0,0397751
0,009765876
-0,06935659
-0,03620572
-0,005680996
-0,04039916
0,1103782
0,008468956
-0,02119632
-0,04753873
0,03265411
0,05535514
-0,01064892
-0,008325971
0,02653803
-0,03655935
-0,1429796
-0,07284562
-0,02845787
-0,0153368
0,02128328
0,009278408
-0,04735087
-0,05874543
0,03592418
0,0235763
0,00746328
-0,06498872
0,03293935
0,03253372
-0,03595337
0,03444983
-0,00627456
0,01332322
-0,01639034
-0,03001561
0,07831591
-0,04055704
-0,008153868
0,02798494
0,09673999
0,0999026
0,0531788
0,03977223
-0,007791872
-0,05177391
-0,09264203
-0,0223591
-0,06996319
-0,07452969
-0,005942301
-0,05089872
0,00297812
0,007463167
0,02210365
0,07983612
0,03867123
0,04030648
-0,007096792
0,05422292
0,02119814
0,04776645
0,05160618
0,03241768
0,06505755
0,02123109
0,05264917
-0,01663135
0,01057364
-0,03661255
0,03143556
0,03261799
0,0762645
0,1273611
0,0204048
-0,06501208
-0,05800162
-0,02439094
-0,07390358
-0,09153081
-0,02607777
-0,00859003
0,02196058
-0,01417278
-0,0202253
0,0345041
0,07618421
0,05402856
-0,01260903
0,03053799
0,06382083
0,04439564
0,09082401
0,0560981
0,02394652
-0,02718476
0,003972942
0,03567759
0,02645626
0,003816211
0,04360515
0,110244
0,0282279
0,04275864
0,02066209
0,09325178
0,01798044
-0,04358777
-0,1282753
-0,1272914
-0,08375069
-0,07779984
-0,008394781
-0,09363392
-0,009222258
-0,009657576
-0,05071272
0,02617345
-0,03837707
-0,03862806
-0,05752202
-0,04331762
0,05363169
0,05628603
0,03827236
-0,0009281739
0,01490144
0,07873789
-0,01665434
-0,1117681
-0,03693083
0,08282823
0,07016582
0,0495147
0,07178816
0,07115734
0,08926731
0,08918534
-0,01093456
0,007040143
-0,03393038
-0,05809398
0,02742835
-0,004909656
-0,1042134
-0,1054621
-0,09425644
-0,0257367
-0,06012567
-0,08490558
-0,0552125
-0,02148336
-0,03988774
0,008922334
0,03618932
-0,01961521
-0,02085391
0,02952142
-0,07934275
-0,1413973
-0,04818631
0,1267503
0,009689484
0,002952541
0,01972608
0,0555346
0,064135
0,1092451
0,1111588
0,06765421
0,07036494
0,0006956822
0,01945513
0,01693792
-0,03460616
-0,01824882
-0,02398919
-0,05015641
-0,0398675
-0,04725267
0,003442934
0,05174135
-0,04104182
0,02347487
0,0256246
-0,04023235
0,02143568
0,110806
-0,01965666
-0,1391407
-0,02732408
0,06142061
-0,0194386
-0,07034971
-0,07759241
-0,06463956
-0,04591172
-0,01041595
-0,01029148
-0,01462118
0,001201545
-0,003610633
-0,001588807
-0,1086892
-0,08157602
-0,0209814
0,001314658
-0,02646688
0,00415725
-0,009384594
0,0008832026
0,06040222
0,06552467
0,06635659
0,006038781
-0,06379852
0,05673532
0,100798
-0,02355856
-0,03555768
0,003161416
0,009441257
0,05606832
-0,0286194
-0,01442521
-0,01014626
0,06330431
0,04502056
0,02324783
0,02925983
0,05502067
0,03234226
-0,00709817
-0,07041976
-5,570785E-05
0,03465953
-0,005605856
0,002927744
0,03119861
0,01318459
-0,03603031
-0,0458907
0,01361897
0,08172227
0,03421951
-0,03581641
-0,02535706
0,01238635
-0,04321613
-0,08313932
-0,03824662
0,03145068
0,01938382
-0,01486643
0,01050863
-0,01601454
0,02545897
-0,06158501
-0,0339255
0,05269126
0,02813424
0,02113185
0,04860855
0,03260131
0,03689815
-0,006932919
0,02697611
0,04539686
0,04690689
0,01399457
-0,03743973
0,05515499
0,05156045
0,04726613
0,03657868
-0,03257324
-0,003935512
0,01608747
-0,02574086
-0,0265034
-0,01862611
0,03284732
0,01288847
-0,001071843
-0,00192662
-0,06463103
-0,05384915
-0,02575791
-0,0616785
-0,009939608
0,06222014
0,07986572
0,05886563
0,02794144
0,00897149
0,05113654
0,0461304
0,0654185
0,05702286
-0,02221002
-0,0313599
-0,02102954
0,01707084
0,05906697
0,07695236
0,03486428
-0,006810025
0,0618614
-0,003504588
-0,01957053
-0,01189897
0,01959039
-0,04735094
-0,04747339
-0,05238543
-0,0704233
-0,1073949
0,01830548
0,02949076
0,04262256
0,09635595
-0,01596525
-0,02952969
-0,01212703
-0,05886489
-0,1487726
-0,07003955
-0,03714756
0,02600881
-0,06097338
-0,06157866
-0,0860485
0,05514858
0,1097498
0,07785245
0,1659207
0,1014678
0,1884927
0,00781362
0,03034771
0,07909637
0,1351838
0,1323013
0,04199023
0,07988173
0,09910175
0,1553695
0,1329526
0,07782596
0,03672688
0,1753819
0,09542048
0,0792034
0,1867407
0,0817661
0,07371122
0,1163907
0,1161967
0,1955854
0,1567688
0,0409084
0,04515631
0,1095608
0,1120614
0,9872271
