0,0617185
-0,05442782
-0,01045427
0,1525402
0,257138
0,2505126
0,233128
0,2951473
0,2347871
0,1128087
0,03221626
0,05030794
0,01860559
-0,08935724
-0,07610445
-0,04850493
-0,0001967443
0,009089394
0,04343957
0,0867688
0,2468194
0,2615691
0,1231188
0,04730182
0,1144776
-0,05480457
0,001869255
0,005250197
-0,001361896
0,05065839
0,1130747
0,04243481
0,05746818
0,01533715
0,1961513
0,05479902
-0,02295903
0,0809136
0,06978737
0,08103985
-0,0722469
-0,03798321
0,01004341
-0,07617402
-0,1431832
-0,166914
-0,01136969
-0,0241822
0,05242817
0,001510737
-0,03963969
0,01170045
-0,09504933
-0,09812544
-0,05058675
-0,02687097
0,07965148
0,08478524
0,08174676
0,05977532
0,09022812
0,06132971
0,07170779
-0,01322782
0,01627859
-0,06816375
-0,1311218
-0,0212655
0,007674505
-0,04888233
-0,08739655
-0,0500561
-0,02905735
0,02872853
-0,02777749
-0,119161
-0,08287919
-0,132809
-0,01616166
-0,07777896
-0,08569653
-0,1608109
-0,09331629
-0,05771006
0,02145022
-0,03245125
0,1085696
0,1710854
0,05417196
0,05389553
0,1488557
0,04775504
-0,02095213
0,007847618
-0,009279361
-0,09131303
-0,1517145
-0,008953646
0,009494776
-0,04764579
-0,00541765
-0,02701596
-0,09195899
-0,04796285
-0,03227412
-0,10585
-0,05765378
0,04063637
-0,02094505
-0,05035227
-0,03872108
-0,1445443
0,0336552
0,149219
0,1088484
-0,04429595
0,02625627
0,02810179
0,03399722
0,006867672
0,1686924
0,01712272
-0,03185007
-0,06169096
-0,0383516
-0,07676504
-0,1276019
-0,00857822
-0,04292659
-0,0693962
-0,05583619
-0,07628284
0,0199128
-0,0558425
-0,06401774
-0,0461529
0,02736468
-0,03159539
-0,09310479
-0,08877853
-0,01746067
0,01771206
-0,002915502
0,07429422
0,1247125
0,04124347
0,1268868
0,1208436
0,1435366
0,05104749
0,02068505
-0,03550761
0,008424182
0,001082606
-0,03025572
-0,03961283
0,04303829
0,1115758
0,09391144
0,09110655
0,03722283
-0,01654871
-0,004212574
-0,003453357
-0,09870121
-0,01790712
-0,02999579
-0,1649333
-0,09444185
0,007634062
-0,02396961
0,1004155
0,1206715
0,09931624
0,1170176
0,09536174
0,0891279
0,04059949
-0,05228249
-0,0444444
0,01756803
-0,05693306
-0,05490143
-0,001839164
-0,02647411
-0,005003668
0,02513122
0,216892
0,07218694
0,1003807
0,1793347
0,07184745
0,02058342
-0,07976075
-0,06601097
-0,09123823
-0,05926569
-0,1192026
-0,07386082
-0,1004215
-0,02506498
0,1046506
0,1542853
0,1700213
0,1755166
0,08106696
0,01189776
-0,01004968
0,02174486
0,01392663
0,02578558
0,1272044
0,1315999
0,1259817
0,09867464
0,1538801
0,02891485
0,0826451
0,06690414
-0,0154483
-0,02281859
0,02453054
0,1234747
0,01412981
-0,08388712
-0,07562438
-0,04871456
-0,01770117
-0,03218373
0,008341523
0,06277706
0,1199293
0,07550075
0,0768999
0,08981235
-0,06708825
-0,1150569
0,05516433
0,0002259302
0,02054208
0,02439428
0,1291647
0,08915687
0,05059645
0,06586893
0,1051973
-0,02356673
0,0436407
0,1134285
0,08894023
0,04064878
0,1385938
0,132103
0,06481083
-0,03917845
0,00402378
0,1257123
0,07067206
0,09857236
0,06042952
0,01943858
0,1051798
0,08444344
0,05932244
0,01536226
-0,05970501
-0,138582
-0,01404593
-0,0360934
-0,009074135
0,009022719
0,09795674
0,002284486
0,01746563
0,09476513
0,1034748
0,05821583
0,06355725
0,1148998
0,004458733
0,05446426
0,1243892
0,1504884
0,09770679
-0,00027501
-0,05016313
0,05461996
0,04431434
0,0420635
-0,002170227
0,03155403
0,07365234
0,003536295
0,02132252
0,007668814
-0,09269612
-0,1008347
0,01179107
0,01311784
0,0118801
0,002315554
0,09273171
-0,05071937
0,09597891
0,1559605
0,1723049
0,03418044
0,08366364
0,04248404
0,02752731
0,02542969
0,03894629
-0,0192072
-0,07038979
-0,1480207
0,02652113
0,132529
0,09828939
0,07587186
-0,0866449
0,03845382
0,02787489
-0,04403659
-0,0005709007
0,04643964
-0,03813577
-0,06686481
-0,03233743
-0,04183646
-0,02959547
0,07213486
0,10185
-0,1238926
0,02801674
0,03929636
0,09621043
0,2335154
0,1578363
0,1724031
0,04755213
0,02407693
0,01276316
-0,08477932
0,0169331
0,04196667
0,004877907
0,1071978
0,03979672
0,04197473
-0,08856849
-0,02452156
0,01590139
0,1031659
0,1172984
-0,03875732
-0,1182143
-0,04045255
-0,006316889
-0,03995679
-0,06979333
0,08112423
0,08724746
-0,06261791
0,1056703
0,03024833
0,004688899
0,103097
0,03041792
-0,05574938
0,01112651
-0,02086921
-0,08254199
-0,07290178
-0,01474123
0,007740498
-0,07130775
0,02271402
0,04630157
0,01198895
-0,09618848
0,06551114
0,01600415
0,1366054
0,005836405
-0,131282
-0,05419474
-0,02253602
-0,03242676
-0,08674347
-0,09144647
0,01912775
-0,02140467
0,02655518
0,2016575
0,09979792
0,03447653
0,0442244
0,02076213
-0,03795243
-0,06822995
-0,07806399
-0,08381129
-0,01399723
-0,09733664
-0,06701899
-0,01037171
0,01899018
0,1017221
0,1504096
-0,06627104
-0,02012732
-0,05033293
0,1537984
0,01144292
-0,04706874
-0,05082835
-0,1090609
-0,108235
-0,02281239
-0,02115506
0,02804029
0,007637453
0,02500502
0,004285011
-0,05547696
-0,04132006
-0,009171361
-0,02255214
0,1094109
0,03808967
0,03191618
0,07901414
0,04521275
0,07822331
-0,005876806
-0,0198445
-0,06890491
-0,1222952
-0,001941751
-0,03565468
0,08245689
0,05183074
0,09646997
-0,08862932
-0,01552894
0,01016121
-0,05769429
-0,09879024
-0,06766924
-0,04718197
0,131974
0,01968215
0,04482071
0,03455251
-0,02970017
0,02179225
-0,001360096
-0,03379778
-0,07962261
-0,05645683
0,1419573
0,0819208
0,05594102
0,1233924
0,07473633
0,07505279
-0,01809768
-0,06570844
-0,09202267
0,01619842
0,05150524
0,04321359
0,05887294
-0,008180185
-0,0273749
-0,05242638
-0,1728206
-0,0919012
-0,08381755
-0,09670591
0,09026719
0,07885124
-0,001122839
-0,07896081
-0,04936235
0,005494498
-0,03252207
-0,04373773
0,03307073
-0,02812905
-0,008072174
0,07904858
0,1132186
0,09078247
0,09437051
-0,02518252
-0,03540252
-0,04548207
-0,1131186
-0,02048455
0,01719495
-0,08322782
0,09821428
-0,02070435
0,04479858
-0,0816482
-0,06595709
0,03051927
-0,1345682
-0,09547199
0,02738143
0,1596657
0,04822742
0,0808425
0,09771284
0,0444391
0,1021091
0,02561087
0,0800103
0,09410505
0,02592548
0,01723708
0,01542129
0,05551693
0,03882707
0,005559959
-0,1600892
-0,2026618
-0,1873822
-0,01656126
-0,04509255
-0,09903087
-0,02228147
0,1437273
0,1231766
-0,001566026
-0,02990358
-0,01358525
-0,144796
-0,05781666
-0,03194518
0,0410653
-0,05200914
0,05191263
0,06549931
0,120135
0,04390198
0,02227291
0,145076
0,1054798
0,03041245
-0,07079561
-0,08853763
-0,06880344
-0,0757271
-0,001846951
-0,07053859
-0,1395956
-0,07525591
0,0737767
-0,02681
-0,1070231
-0,02779251
0,02584105
0,07829183
0,01623438
0,01796212
0,03963608
-0,06659371
-0,03846889
0,05142625
0,01784519
-0,09989437
0,08649928
0,2619609
0,1810128
0,1004472
-0,01028777
0,01425796
0,000192734
0,005496861
-0,07661754
-0,137442
-0,1175318
-0,08501623
-0,1056543
-0,07723645
-0,08925583
-0,02929164
0,03436613
0,03635416
-0,09824132
-0,089167
-0,002276268
0,07283576
0,03021707
-0,00997891
-0,04937671
-0,003283863
0,006074946
1,036882
