-0,09631807
-0,1192285
-0,04000846
-0,02515302
0,086856
0,02632753
-0,04592387
-0,09493908
0,02756649
0,1268251
-0,007241862
0,1278577
0,1346997
0,1002533
0,162867
0,1734979
0,1044032
-0,02659933
0,09539183
-0,03525574
-0,0600797
-0,02716553
-0,1358872
-0,104807
0,03515138
-0,01942323
-0,04482652
0,04105638
0,01752757
0,07288966
-0,02450659
0,02385371
0,04511986
0,03183384
0,05929383
0,03737827
0,08706868
-0,006929573
0,07713242
0,09619883
0,01609366
0,1040744
0,1208344
0,002817525
0,02884378
0,01177948
0,005130881
-0,04322557
-0,02717323
-0,02063594
-0,03376496
-0,09016591
0,003519673
-0,03694125
0,01089549
0,04102354
0,06772043
0,08386846
0,0231406
0,03901286
-0,05851851
-0,0005964005
0,08477054
0,09021983
0,1619945
0,1333191
0,0316829
-0,08593842
-0,004495801
0,1072365
0,01982028
-0,01783997
0,009233935
0,01355524
0,02650476
0,02378217
-0,03827467
-0,07706673
-0,04818046
-0,06189519
-0,03161016
0,005487888
-0,0178572
-0,03580862
0,08542269
0,1086794
0,07405279
0,0945973
0,02117254
0,05198424
0,001669354
0,02827983
0,1248355
0,07568114
0,03896357
0,06085362
-0,000214862
-0,07292502
-0,02787391
0,01760931
-0,05727581
-0,06482089
-0,100473
-0,0004796191
-0,03794696
-0,1009328
-0,06613609
-0,09386405
-0,04036411
-0,08212594
-0,0551818
0,008924475
0,008285058
0,03523775
0,06284402
-0,02740934
-0,06791642
-0,0158145
-0,01461654
0,08007286
0,01339785
-0,05315915
-0,006338554
-0,03112195
-0,0827738
-0,1129416
-0,138572
-0,1166207
-0,1135666
-0,02199297
-0,05173317
-0,04415488
0,00151654
-0,04630158
-0,07378238
-0,09170786
-0,006559479
-0,09388717
-0,05192322
-0,04070061
0,0578636
-0,01229664
0,055534
0,04589126
0,06551225
-0,02919583
-0,1737165
-0,1128075
-0,01829115
0,0247341
-0,05131741
-0,09909044
-0,001319708
-0,0596527
-0,01956768
-0,08694247
-0,07496042
-0,01979044
-0,04927685
-0,0278017
0,01747887
0,02577424
0,03231146
0,04520985
0,03749205
0,01703811
0,04339377
-0,006776283
0,00542503
-0,02436679
-0,008803616
0,04060579
-0,02832964
-0,01287571
-0,01499906
-0,004672202
-0,1808424
-0,06847498
-0,09848863
-0,0348346
-0,08034921
-0,1059719
0,02175747
-0,06182688
0,03991885
0,07761914
0,1129975
0,1631995
0,1155241
0,1633011
0,02357724
0,03969121
0,004022989
0,04150638
0,1155683
0,09688994
0,100113
0,01346684
0,05324204
0,06620126
0,07050572
0,1173359
0,1007621
-0,00920075
0,04654117
0,07158856
-0,09616451
-0,06201115
-0,1036529
-0,05486999
0,08706188
-0,03457167
0,002560022
0,02616564
0,1800701
0,0829325
0,1852152
0,1361311
-0,007902144
-0,03091132
-0,05421425
0,009004367
-0,1080285
-0,07200357
-0,03086827
-0,04704364
0,04260301
-0,01859723
0,01271318
-0,01614468
0,04238626
0,03899307
0,06500277
0,109893
0,1311211
0,07523534
-0,02538479
-0,04120908
-0,1520377
-0,05569658
0,09862905
0,05560521
0,02551302
0,06073613
0,1196432
0,06461686
0,1093571
0,02761514
-0,06655988
-0,05960865
-0,02135171
0,04162945
-0,08077461
0,04738453
0,001315031
0,09252236
0,1328521
0,02273638
-0,07672731
0,01225838
0,0136566
0,06504113
0,1329884
0,08249625
0,02157062
0,07010555
-0,1023238
-0,1046936
-0,09551067
-0,05434244
0,001486253
-0,0218286
0,08828016
0,03911119
0,02987092
0,06551541
0,03891827
-0,01370022
-0,09520533
0,1064092
0,2102065
0,09253322
0,07711152
0,1219507
0,1154994
0,1362411
0,1051869
0,02576009
-0,0463546
0,02099922
0,03679486
0,04001283
0,03433332
0,02764998
-0,04975533
-0,008270965
-0,01367144
-0,03597106
-0,01226821
-0,05624647
0,04420693
-0,009114148
-0,04361049
-0,05613823
0,03343714
-0,08841633
-0,08282997
-0,02036631
0,1144591
0,2943778
0,1690844
0,04187473
0,004467413
0,09095569
0,07081301
0,06887256
0,05539315
0,01974078
-0,01559426
0,08072647
-0,02030134
0,004489769
-0,0302834
-0,08410332
-0,09125336
-0,02947632
-0,009465606
0,03869287
0,008099392
-0,0633851
-0,01571195
-0,01286258
-0,08307374
-0,1447618
-0,05298737
-0,03374228
0,03346916
0,1757992
0,3021028
0,1811716
-0,03291898
-0,06746008
-0,1219363
-0,002386641
0,01544803
-0,0675618
-0,003751857
-0,03583446
-0,1060987
-0,004270082
-0,09123591
-0,01905471
-0,09009186
-0,0660967
-0,04957688
-0,02151247
-0,05410082
0,03376286
-0,002023605
-0,05143439
0,02394191
-0,0361236
-0,03280097
-0,07349056
-0,02423424
0,03793881
0,08247775
0,1700916
0,1067252
-0,08200675
-0,1643779
-0,0900408
-0,006939782
-0,02155486
0,02875668
0,03334654
-0,006488902
-0,1502688
-0,04542508
-0,05465322
-0,08181077
0,001026645
-0,005330018
-0,06779455
0,00964741
-0,008090829
-0,03959041
-0,008020194
-0,01341748
-0,03165419
0,001111978
-0,09441364
0,03551988
0,1032868
0,135001
0,09208765
0,08477827
0,00936283
-0,1741804
-0,2051322
-0,09264856
-0,06668253
0,1023356
0,08825551
-0,002738211
-0,03290998
0,03830691
-0,06804024
-0,1220934
-0,09691609
-0,1195047
-0,04465428
0,02470868
0,07098871
0,04998766
0,02278697
0,02031765
0,01851624
0,009083105
0,05468274
-0,04396252
-0,07967797
0,0873464
0,1802875
0,07712128
-0,0417623
-0,07731692
-0,1454515
-0,107368
-0,09286755
-0,04645305
0,1148178
0,2715891
0,1920931
0,102446
0,05651154
0,03695095
-0,01270424
-0,09767263
-0,1112832
-0,1787342
-0,03249683
-0,008755998
0,02063316
0,1115697
-0,005550553
-0,02762775
0,06475072
0,08992615
0,06216022
-0,01591867
0,05925151
0,04422813
0,1172781
0,08729778
-0,07656255
-0,1699452
-0,2009129
-0,1830022
-0,0777511
-0,0182405
0,07612438
0,1429809
0,06418097
0,08576887
0,09730667
0,1033042
0,0906649
0,002348631
-0,04417328
-0,1153519
-0,08736129
-0,0434571
0,02242986
0,09985623
0,2145894
0,1745092
0,04572639
0,1001719
0,1278522
-0,04067216
0,01885777
0,02344611
0,09633637
0,004320578
-0,08199515
-0,1816365
-0,1520896
-0,09308011
0,08035862
0,1299664
0,2184217
0,1303152
0,03794707
-0,00650023
-0,02309437
0,0606204
0,01638706
0,03019107
0,006065666
-0,04513144
-0,07325394
-0,01668991
-0,05182697
0,02630443
0,1431122
0,1189167
0,09387369
0,05846825
0,1254297
0,03831635
0,06071436
0,04685237
0,02021337
-0,07335171
-0,09785081
-0,08180075
-0,05594636
0,04578698
0,2260351
0,189997
0,138916
0,01764653
-0,007248049
-0,03951779
-0,04888883
-0,04452104
0,01126533
-0,03417013
0,02648639
0,03999414
0,04072606
-0,04301013
-0,0355776
-0,01198435
0,01722708
-0,01605921
0,01186146
0,09243925
0,1264759
0,07012092
0,05171727
0,0184281
-0,04941849
-0,02048256
-0,05603238
0,002724305
0,0872926
0,2321535
0,1779743
0,07194549
-0,02961473
-0,1127571
0,01444732
-0,02218421
-0,04357098
0,001463024
-0,02939734
0,01170194
0,08408105
0,03519699
0,03965018
-0,03932334
0,0064354
0,02994634
0,05414161
-0,02265217
-0,04160054
0,02894524
0,04558177
-0,05132842
-0,110988
-0,03622377
-0,03453007
-0,06143707
-0,05757711
0,1189528
0,05527377
0,03281977
0,007050458
0,01497639
-0,01173346
-0,04992678
-0,0522683
-0,01715223
-0,05006096
-0,05440688
-0,004635905
0,01824726
0,0469103
-0,02917875
-0,06575467
-0,031071
0,05821622
0,138132
0,09207265
0,103896
0,1955993
0,1326585
0,04104365
0,9898455
