0,1896586
-0,06031398
-0,2253422
-0,2019401
0,1681479
0,1837402
0,06399737
-0,08218615
0,07662957
-0,07446016
-0,02528582
-0,006458087
0,253348
0,1715778
0,3410229
0,105942
0,1741962
-0,09528649
-0,2033007
-0,1076968
-0,3548317
0,1509184
-0,005256323
-0,2506638
-0,09973355
-0,3892405
-0,3159849
-0,2179572
-0,2250186
0,08658713
0,1598062
0,003670448
-0,03203666
-0,07339683
0,2337034
0,003617339
-0,05200721
0,06255197
0,2393541
0,2591128
0,09693907
0,02190436
0,01782343
0,1346335
0,1846098
0,1472989
-0,08522306
-0,1042295
-0,03248496
-0,006809411
-0,06778604
0,1326882
0,1818045
0,1026626
-0,04328355
-0,204154
-0,2178679
-0,1377666
-0,2228029
0,002311141
0,07618884
0,03197036
-0,0100861
0,05850953
0,01161763
0,1607421
0,230051
0,07471997
0,1458253
0,1535635
-0,1573362
-0,05292153
0,08958078
0,5336539
0,05675797
-0,04166257
-0,1067893
-0,2278143
-0,09024319
-0,1062964
-0,172942
-0,3218746
-0,1271048
0,159236
-0,07662775
0,07002009
0,08142707
0,09917267
0,02139117
0,06106323
0,1806156
0,1458277
0,1327232
0,3272167
0,2157431
0,4849771
0,4513816
0,08426907
0,1118014
0,1220826
0,1069974
-0,1635472
-0,06932347
0,1016486
0,05537287
0,08522712
-0,327818
-0,1107011
0,1596195
0,01762372
-0,1921012
-0,2335796
0,0904334
0,01119424
-0,04006407
0,03598476
0,02453453
-0,01242828
0,1267197
0,1232179
0,07163485
0,3922752
0,1136968
-0,005760291
0,1503741
0,296697
0,2224778
0,02608712
0,2475229
-0,0776772
-0,2422021
-0,1869038
0,1378093
0,05163025
-0,1334405
0,1402476
-0,0872084
-0,138726
0,06096249
0,05018337
-0,1982063
-0,1239796
0,03222469
-0,0577719
0,04397888
0,06198185
0,1162816
-0,100593
0,2153667
0,1220912
0,3994776
0,4047087
-0,04589377
0,09370053
0,1745979
0,08953648
0,1191395
0,0397112
0,2611782
0,07222801
-0,2572227
-0,1475462
0,1694687
0,05153517
-0,2128023
0,04019306
-0,02871755
0,05257448
0,1369512
0,1227085
-0,1401395
-0,01255614
0,1811799
0,2584841
0,2514668
0,03149655
0,07989933
-0,07449724
0,2521555
0,08673892
0,2538437
0,1609427
-0,03887316
0,1712381
0,2081556
0,0205083
-0,3302463
-0,05791789
0,2230141
0,1585149
-0,1627881
-0,06491105
0,001245825
0,2000337
0,1363748
0,05598297
0,07266045
0,1285865
0,2212314
-0,07801916
-0,1701093
0,156398
0,2390207
0,426711
0,1336407
-0,02584861
0,05124136
0,1659565
0,1262378
0,02576606
0,03211017
0,09700278
-0,02449469
0,2251615
0,1855596
-0,007041937
-0,04144866
0,3511446
0,4431929
0,1057117
-0,04771997
0,01391304
-0,108022
-0,08363545
-0,03716452
0,002427763
-0,01112937
0,1134633
0,2844773
0,02456987
0,1330559
0,1394896
0,1947262
0,3904998
0,270389
0,1860308
0,3140978
0,4031983
0,1465392
-0,03773159
0,2535785
0,0705016
0,1160438
0,1486079
-0,03636936
-0,04245368
0,0457697
0,1030197
0,04019722
0,2142112
0,1584776
-0,07959387
-0,3742365
-0,3236636
-0,1403342
0,1354327
0,2359898
0,07227816
0,1161936
0,2874016
0,01742091
0,03426394
0,2288606
0,1318786
0,2869476
0,1936673
0,3160843
0,1672265
0,02887484
-0,09222396
0,01567051
0,1121909
0,01298796
-0,06233882
0,09256368
-0,1429292
-0,05871776
0,283956
0,3000123
0,1059923
0,0816161
0,001733562
-0,158664
-0,2775114
0,06221125
0,02568054
-0,128746
-0,03084778
-0,1770196
0,002173804
0,1900556
-0,0407568
0,2026593
0,1574558
0,2348396
0,1795594
0,1402408
-0,1358561
-0,09210813
-0,0004236145
-0,0960888
0,1487992
0,08466025
0,3382624
0,1425735
-0,1119282
0,04813652
0,2082554
0,3263168
-0,04309484
-0,2995138
-0,446168
-0,1974542
-0,09539948
0,07890487
0,0494202
-0,01254455
-0,06336305
-0,06442929
-0,1232481
0,2424259
0,5270624
0,2181151
0,3122762
0,1300834
0,1588826
0,09446064
-0,07585829
0,04008235
0,06463368
0,05176487
-0,03917196
-0,01742048
0,1735489
0,1162984
-0,1321523
0,2242561
0,2599441
0,1274644
-0,1010729
-0,162921
-0,3448447
-0,2637326
-0,2192092
0,0799749
0,2140494
0,4198359
0,5231159
-0,05250336
0,0213136
0,1782898
0,2633258
-0,2100578
0,262762
0,3119841
0,1055936
0,03527883
-0,07896953
-0,02330684
0,1501152
-0,01036515
0,03068996
-0,1877936
0,004486618
0,2321948
-0,08912252
0,5033192
0,6294377
0,09144082
-0,09262343
-0,0812424
-0,3250647
-0,5705803
-0,5160601
0,02642519
-0,06865297
0,1344541
0,313471
-0,1065524
0,033939
0,2203228
0,2874248
-0,09617724
0,04814227
-0,0003946178
0,1174538
0,01095571
-0,1329035
-0,01357344
0,2197952
-0,1549994
0,3210014
0,00164949
-0,006151485
0,2992304
0,0396123
0,08240978
0,254037
-0,1875197
-0,1675099
-0,1545645
-0,2053893
-0,360747
-0,4262426
-0,115522
-0,007450309
0,2731666
0,1963451
-0,04703943
-0,2047904
-0,05697477
0,2208173
0,1713021
0,1773104
-0,07491873
-0,1626889
-0,2510064
-0,2050457
-0,1261792
0,2154304
-0,1420691
0,2752265
-0,05362735
-0,1500287
0,00982772
0,2469904
0,1234659
0,08375385
-0,110804
-0,08693435
-0,1421697
-0,3052122
-0,6277775
-0,4473135
-0,2603219
-0,1178802
0,1060427
0,3805582
0,007073396
-0,166314
0,05728407
-0,1373141
-0,1153569
0,2725538
0,2646323
-0,0615967
-0,09374855
-0,1221904
-0,2917525
0,09733883
-0,1269765
0,1090703
-0,03058405
0,01626733
-0,05073791
-0,08869349
-0,1997537
0,05622061
-0,08893982
0,182825
0,04192941
-0,3275909
-0,8201674
-0,6356669
-0,3564363
-0,01803129
-0,007839062
0,2252182
-0,2442991
-0,1656376
0,06865851
-0,02877308
0,1604838
0,1361196
0,02912008
-0,02072689
0,03447829
-0,1181767
-0,2184156
0,07395861
-0,0383017
-0,2988395
-0,01404362
-0,1013987
-0,2492941
-0,3466907
-0,1406388
-0,2520533
-0,262956
-0,162923
-0,1196398
-0,2373408
-0,5016174
-0,6620233
-0,5448813
-0,312113
0,02282247
-0,101199
-0,1324636
-0,08585706
-0,02143021
-0,1084472
-0,2093593
0,271728
0,0546089
-0,04730938
0,04242335
-0,03697753
-0,1916069
0,2269952
-0,003193102
-0,02505986
0,05757543
0,1047623
-0,03120273
-0,09192867
0,2077306
-0,02789771
-0,06089136
-0,1145473
-0,3911702
-0,370039
-0,4470071
-0,6137534
-0,4881753
-0,2991294
0,1829144
0,4309371
0,3689656
0,1015105
0,1180469
0,09953202
-0,03894631
0,3499545
0,06834697
-0,02162925
0,2859976
-0,08838797
-0,2912384
0,02412675
0,2196426
0,06899804
0,305708
0,1643751
0,02698842
0,1153602
0,1459641
0,1149878
0,1633179
0,05516716
-0,4017103
-0,3612893
-0,3345248
-0,201222
-0,3143111
-0,1143107
-0,02366481
0,08713938
-0,1368328
-0,03810198
0,2591982
0,1258098
0,03535938
0,109347
-0,04639905
0,2105666
0,1160623
-0,1528085
-0,1636423
-0,09001176
0,3001499
0,07860895
-0,03960934
-0,0345623
0,1498111
0,2229262
0,4182598
0,2780489
0,1377755
0,09074648
-0,3000498
-0,004981939
-0,2638683
-0,01875249
-0,1630169
-0,5437118
-0,426041
0,2569396
0,1033244
-0,07280944
0,06803603
-0,04182448
-0,07265473
0,04884488
-0,1207859
-0,08207157
-0,06108129
-0,1967509
-0,1272462
-0,2605986
0,8156195
