0,1993569
0,08815354
-0,08508358
-0,1376846
-0,1034895
-0,1786177
0,06591201
-0,03770312
-0,07198919
-0,1981474
-0,1353283
-0,1428978
-0,113213
-0,07045316
-0,1539376
-0,1958747
-0,1148443
-0,07698124
0,01076655
0,1252334
0,06344362
-0,0538038
-0,09872615
0,1138549
0,2327889
0,04374688
-0,001534414
0,06590911
0,05345406
-0,07909463
0,06806127
-0,4216646
-0,1732334
-0,07850785
0,08368775
-0,1185074
-0,08751941
0,1006628
0,08708517
-0,1479733
-0,1922073
-0,1039734
-0,01534725
-0,05348464
0,1140055
0,0514865
0,1338913
0,2501777
0,2593977
0,3668796
0,1753543
-0,03332913
-0,1267098
-0,1050821
0,1990539
0,1836415
-0,02366229
0,03288302
0,02443204
-0,1022704
0,08841903
-0,3086608
-0,1951311
-0,04148053
0,1912252
0,003474272
-0,02985834
0,1664034
0,1216871
0,01876348
0,1406356
0,2754991
0,1522537
0,07946951
0,4183825
0,3509212
0,2451835
0,1814461
0,121091
0,04512667
-0,2627424
-0,4787387
-0,2804766
0,04289131
0,1220581
-0,1853959
-0,1163706
0,1325673
0,001046255
-0,1193942
0,1637448
-0,1748945
-0,06774735
0,09738916
0,2254032
0,1725871
0,03356479
0,1097983
0,2895077
0,1757081
0,06535074
0,1577161
0,1881221
0,350854
0,3345644
0,2221632
0,2768491
0,05932266
-0,06587818
-0,02778757
-0,1718321
-0,2035145
-0,08331332
0,0002489314
0,1143348
0,1457559
0,06120155
0,1592315
0,005958541
-0,03024325
0,04709715
0,08289213
-0,02316299
-0,08654912
0,1100788
0,1615208
-0,158647
-0,03389411
-0,004513542
0,03868755
0,01522975
-0,1715085
0,2240147
0,2225325
0,1930912
0,03385006
-0,1850099
-0,1652904
-0,1863263
-0,1944963
0,1385496
0,2862139
0,13077
-0,04160313
0,1246221
-0,07316399
0,003054853
-0,004854416
0,04148358
-0,0891646
0,00873212
0,09469697
0,2209172
0,1500317
0,2635563
0,2869173
0,187553
0,1185597
-0,1901547
-0,0705367
-0,1332873
0,10965
0,3319001
0,1295442
-0,04112194
-0,1902745
-0,3878547
-0,1746832
0,0182661
0,2814657
0,3513848
0,2239884
0,2274629
0,3231968
0,1881948
0,07855477
0,1715079
0,1504752
0,08189828
-0,1154591
-0,01917701
0,06491707
0,193034
0,1975522
0,0356405
0,04054097
0,1523599
0,08178063
0,1141396
-0,07478482
-0,1551157
-0,03688559
-0,091082
-0,2724194
-0,4533642
-0,4643811
-0,2391579
0,1832812
0,2935535
0,0499724
0,01279921
-0,0826004
-0,06391855
-0,0570821
0,0757686
0,07764819
0,1245872
0,1898023
0,1621853
-0,1806999
-0,1486755
0,06296662
0,1678731
0,008026578
-0,05770196
0,0612167
-0,09122445
-0,07282361
-0,1812863
-0,2165198
-0,2717776
-0,2639738
-0,2148275
-0,3003736
-0,3278014
-0,03519994
0,2863617
0,1672882
-0,1309527
-0,1265178
-0,04446478
-0,1087332
-0,1138239
0,03278793
0,1034771
0,03308371
0,07610533
-0,04102932
-0,004889803
-0,164256
-0,1424148
0,1818852
0,266441
0,07135926
-0,01493728
-0,2266954
-0,3704526
-0,1560423
-0,2329588
-0,1946533
-0,1163483
-0,0658459
-0,1606457
0,002882386
0,2763124
0,3244939
0,0533294
-0,08227411
-0,08767107
-0,173832
0,1643154
0,2048856
-0,1145604
-0,05398082
0,07310019
0,160581
-0,02146436
-0,02968783
-0,0518356
-0,2125043
0,02750198
0,197659
0,4656424
0,4956041
0,2125713
0,05303381
0,03316878
-0,007819505
-0,09774486
-0,08968502
-0,3011352
-0,2239425
-0,1490232
-0,07700212
0,2278379
-0,05726415
-0,06530028
0,01030019
0,04632667
-0,03570823
0,1971233
0,1574017
0,1048157
0,2158813
0,3022658
0,1635182
0,04748804
0,04051475
-0,108635
-0,221225
0,1358224
0,3568425
0,4329413
0,4992416
0,2091307
0,3703036
0,1556014
-0,1089077
-0,08815513
-0,2496443
-0,530347
-0,2957479
-0,1167954
-0,05644258
0,1584688
-0,1232957
-0,1718005
0,04649996
0,1515587
-0,04105598
-0,009938906
0,06555291
0,08361004
-0,01746296
0,09065808
0,1671998
0,006876711
-0,07238396
-0,1102373
-0,146373
0,263277
0,2344132
0,5705974
0,4241881
0,230699
0,4641537
0,1896365
0,01626226
-0,1422527
-0,1384069
-0,178041
0,0928625
0,1585323
0,1571948
-0,002613232
-0,2166482
-0,1062724
0,01528996
0,07940263
0,07360071
0,06682315
0,01042315
-0,06886046
-0,1236309
-0,02180334
0,07219087
-0,04099184
0,09843914
0,08943405
0,04938703
0,1720652
0,1305944
0,3558252
0,2455792
0,09318306
0,1332025
-0,03724132
-0,2013117
-0,2682649
-0,03807571
0,175668
0,3057208
0,3259424
-0,04139575
-0,1656317
-0,1807215
-0,01234382
0,04910008
0,06461101
0,1272856
0,1064515
0,0886955
0,06224353
0,03611077
-0,1529725
-0,1086117
0,03430509
0,09288999
0,09823932
0,06660337
0,246184
0,1373958
-0,07158234
-0,1174455
-0,1103447
-0,1240595
-0,228448
-0,1357639
-0,1131972
0,1102381
0,1473963
0,233659
0,279938
0,05900056
0,2368043
0,03046889
0,04794708
0,1136656
0,1028081
-0,03260264
-0,06654722
-0,04051089
-0,00823366
-0,1164441
-0,1819115
-0,1545331
0,03178315
0,01184038
0,02666523
0,009787831
0,09933887
-0,07457218
-0,1619023
-0,2734091
-0,2930299
-0,440947
-0,3832721
-0,1603328
0,006979597
0,2834032
0,448612
0,1960519
0,08714911
0,08626908
0,09596383
0,05939585
0,2525116
0,2129675
-0,2261353
-0,2216916
-0,1279309
-0,1205463
-0,2610447
-0,3215912
-0,1271924
-0,04967622
0,09797507
0,03822887
0,04880437
-0,03689674
0,0004955741
-0,1784045
-0,3545877
-0,4298432
-0,3589441
-0,2846961
-0,05964971
0,2671544
0,3645799
0,2207783
0,1513061
0,3147468
0,594716
0,3223425
0,2195842
-0,04184224
-0,06261186
-0,02748554
0,06797777
-0,02079216
-0,1065288
-0,07670105
-0,09952989
0,07467057
0,1054049
-0,04140482
0,1488616
0,1118425
0,05830538
-0,04260296
-0,02271408
-0,2045344
-0,1535705
-0,2146539
0,01109404
0,3162083
0,3828412
0,2096865
0,1034985
-0,02302259
0,06603596
0,2508955
0,2554266
0,2042831
0,08692852
-0,04162103
0,1294571
0,06972015
0,0458527
0,3023462
0,1497139
0,1215254
0,08731816
0,004819716
0,0339253
0,02513196
0,04887234
0,1218627
-0,04012343
-0,126205
-0,1506269
-0,2096739
0,02586644
-0,07352185
0,0558664
0,3864305
0,152625
0,1916625
-0,0973699
-0,004955394
0,07015767
0,08789918
0,2421683
0,1252155
0,1915488
0,1192159
0,07444787
0,005538705
-0,05026731
0,002768625
0,08118193
0,005121502
-0,0623592
-0,06227882
-0,1140199
-0,02777099
-0,1296679
-0,06775691
-0,04706968
-0,0877911
0,001390919
-0,2654752
0,1410566
0,06320559
-0,1406466
-0,1065635
-0,2512385
-0,07384893
0,02079649
0,05209735
0,1179276
0,1597802
-0,03205304
-0,2225712
0,01495872
-0,1623787
-0,3038863
-0,2683263
-0,04359952
0,00322423
-0,009368788
-0,1577188
-0,05652495
-0,1211483
-0,1488414
-0,04872333
-0,1182529
-0,1169095
-0,06286546
-0,07124171
0,1116901
-0,2599949
-0,1049685
-0,02694038
0,07253773
-0,05512191
-0,1908977
-0,08966539
0,04994328
0,04938175
-0,01269915
-0,1403345
-0,2109449
-0,03251542
0,2478668
0,09706275
-0,04859122
-0,03671412
0,00383003
-0,003949614
0,04343554
0,0946689
0,06829812
0,01978265
-0,0209545
-0,007034251
-0,09309051
0,03010669
0,1253936
-0,00247765
0,9538525
