-0,9934332
-0,7216721
-0,08091765
1,03461
-0,01359217
1,468788
2,305913
-0,6087645
-0,7400362
-0,6787806
0,5455623
0,6536087
0,1653258
-3,115621
-2,160788
0,3737009
-0,09351376
-0,9123732
1,59978
0,1610964
-0,975482
-2,035047
-0,008961457
-0,7522662
0,004900507
-0,8926302
-0,3124381
0,2175875
-0,05084035
-1,5844
0,3549278
0,2666349
0,07240162
0,4360388
-0,6753638
0,3172041
-0,9385713
0,5777263
-0,09500412
0,1967296
-0,9184079
-0,5028833
-0,6247778
0,1385859
0,2461173
0,1931968
-1,757776
0,4469065
0,9436494
-1,249908
0,913219
-0,3578545
-0,0138145
0,4522421
0,1987036
-0,03150644
-0,1191194
-1,4109
2,187382
-0,1748991
1,047425
-2,269557
0,1431559
0,4203445
-0,3415577
0,1404426
-0,868008
0,01820111
-0,1042067
-0,4344957
-0,326594
0,9201321
-0,5042874
0,01144165
-0,1547542
-0,9180383
1,00562
-0,9830237
0,2198446
-0,0004619069
-0,6273004
-2,1925
0,7884087
-0,08145225
-1,572692
1,114895
-1,237647
0,4357662
0,173197
0,05529507
0,1545302
0,9268616
1,352459
0,01917304
-2,158191
-0,9022127
1,410129
-0,3422323
0,1649483
-0,3487459
-0,05850588
-0,2897034
0,1027882
0,1268611
-1,493727
-0,2043989
0,5503579
0,03324088
-0,0571055
0,04607641
-0,8564583
-1,61204
1,236757
0,1472277
-1,422757
-0,5078165
-0,03504591
-0,06551149
-0,1908266
0,3558524
-0,1775388
0,2999754
-0,2649869
-0,5199902
-1,642636
0,4531386
-1,597334
-0,7327241
-0,1138768
-0,615159
1,093908
0,9212487
-1,396505
0,5059896
-0,4107402
-1,10719
1,168294
0,6420951
0,1520907
0,03534489
-1,211236
-0,3715318
-0,9679888
0,2623641
0,02995173
0,8798155
1,061004
0,3886357
-1,717449
-1,456673
-0,5975986
-0,8042875
0,6528069
-0,02592734
0,164683
0,6827921
-0,09729743
0,6283923
-1,08353
-0,280879
-0,002409089
-0,9912383
-0,2847548
1,128879
0,005231964
0,3929029
-1,116893
-0,292718
-0,01893957
1,017885
-0,5497657
-0,6347396
0,01704558
-0,1213471
0,2703314
-1,25881
-1,265846
0,07305485
0,8158746
-0,2988915
0,2237552
-0,118884
0,2085299
-0,1048328
-0,2867101
-0,4249484
-1,319008
0,0655653
2,058763
0,6285943
-0,1392734
1,020763
-0,5085385
-0,7822107
-0,04241061
-1,418564
1,974477
-0,1943277
-0,3691628
0,3772691
0,6236533
-0,04748063
-0,2877833
1,147826
-1,950758
-0,243774
-0,3843426
-0,1263631
-0,5306723
-0,09069305
-0,593959
0,06445755
0,6228474
0,8274918
0,4595762
-0,1334731
-0,8682427
-2,45405
0,287312
-0,2301125
-0,8329449
0,04155911
0,1488197
-0,6690592
0,1209441
0,3801498
1,549922
0,04834284
-0,3408237
1,000414
-0,01572833
-0,4424451
0,2443742
0,9451953
-0,1158498
-0,7432712
0,03690492
-0,7883099
-0,04194303
0,1214084
-0,3360836
-0,2008344
-1,194062
0,0860091
-0,3732381
-0,2304872
-0,003221008
0,05489764
-0,5736722
-0,7794498
-0,8958955
-1,601392
0,7532107
-0,4779483
1,208087
-0,2872116
1,436066
0,4617889
-0,3743071
-0,1315419
-0,6136892
1,139551
-0,5149237
0,8868399
0,3473537
0,1523796
-0,2590604
0,4683793
-0,3500152
0,6289331
0,5620948
1,091354
0,04873081
0,1501007
1,612197
0,3104316
1,702943
1,503291
-1,114398
-0,3443225
-0,04680017
-0,3207527
1,420225
0,02387054
-0,2250075
2,972529
2,303069
-0,4763124
-1,588203
-0,6901352
0,1604726
-0,6252095
0,5953304
-2,024255
-0,1770925
-0,2021202
-0,06653269
-0,6488875
0,6777427
-1,478657
-0,1621006
4,502311
0,4680006
0,8523862
-1,682193
-1,411409
0,662111
0,670577
-0,1484784
1,85232
0,09669366
-1,25956
-0,1267618
-0,8748091
-0,09936225
0,2257921
-0,6032804
0,07489242
-0,3248133
-0,8696852
0,2718875
0,8977836
0,2257306
0,1828177
-0,4401447
-0,2052542
1,328387
3,350091
-1,651534
-0,5622259
-0,06764562
-0,1161069
-0,07026184
-0,4161918
-0,5661389
0,3143815
-0,3468457
0,07946704
-0,2290326
-0,3597315
0,345759
-0,9956039
-0,02540088
0,4137665
0,2725929
-0,2611291
0,2692824
-0,4328775
1,650235
1,414049
-0,1422091
-0,7291739
-2,233518
-2,800063
1,090254
1,319508
-0,2808365
-0,08545519
-2,875622
-0,9438606
-0,1021394
0,2467727
0,6436917
-0,9648188
-0,1683846
0,1550412
-1,31808
0,1370717
0,3197306
0,06212967
-0,1515466
1,738677
0,1076651
-0,977131
0,1159541
0,4549378
0,602775
-0,6119949
-0,6211148
-0,4165353
-0,02192757
-0,2116113
-0,2014767
0,8017036
-1,960983
0,1355196
-0,5268492
-0,8118834
-0,001061527
-0,2891026
-1,095795
-1,948057
-0,2789194
-0,7653679
0,4052411
-0,2323901
-0,9519748
3,482114
-0,7432579
0,5992905
3,324845
1,786078
1,344471
-0,09242237
0,7343862
0,3311367
-0,06734626
-2,24802
-0,1330692
-1,237668
-0,6852147
-1,15968
-0,4434905
-0,2327292
0,7107367
0,1798902
0,2505846
-0,02095314
-0,07585992
-0,1674101
-0,5117601
-0,264628
-0,3590695
-0,1265051
0,516028
-0,212643
-0,1236308
-0,3703573
-0,8268336
-0,1318191
-0,05326619
-1,491216
-0,1051116
-0,849611
0,1270463
0,0987473
-0,006530369
-0,1256657
-0,1276214
-0,7486184
-0,8050228
-0,2411331
0,7210221
-0,5100746
-1,472786
0,09807236
-0,1649664
-0,1571368
-0,6868531
-0,9961931
-0,2683965
0,3965738
-0,1811239
-1,714786
-0,9838569
-0,1182206
0,07184508
-0,3351085
-0,34951
-1,10878
-0,8554768
2,194932
0,1439294
0,2011071
-0,8915899
-0,1527572
-0,339065
1,295583
-0,2474626
0,00369521
0,1286948
0,2880559
-0,0227941
-0,01409657
0,537654
-1,24547
0,5687377
-0,6333136
0,3988373
-0,1939262
-0,1474094
0,08165159
-1,99828
0,1320018
-0,05515196
-0,0845731
1,255911
1,635191
0,07009418
-0,1369052
0,1815828
0,7898406
-0,3512508
-0,4033351
-1,135581
-0,4806607
0,2052418
0,0499853
-0,1676977
-0,419943
0,7293265
0,1064342
-0,8224786
-1,432061
-0,01531454
0,01953542
0,3047218
0,2860189
0,9619787
-0,3374355
-0,7940989
-0,201881
0,4494905
-0,7593265
-0,01946886
2,369541
2,223706
-1,292995
-0,0933244
-0,2920849
-0,595865
-0,577431
0,1606493
1,203069
2,104654
-0,3216142
-0,73095
-0,4492412
0,2333079
0,2649271
-0,2348713
0,06946774
-0,8679545
0,776583
0,3867206
-0,2595451
-0,1573374
-0,2287875
-0,7283652
0,3752468
0,3641467
0,3668028
0,02393038
-0,4337922
0,1150174
-0,07177264
-0,7261404
-0,2473646
0,7834293
0,2837062
-0,2657478
-1,273684
-0,5636948
-0,298857
-0,02200102
0,7132292
-0,129045
0,06062697
-0,1379176
0,1724833
-0,1772444
-0,2022123
0,2498233
0,1888777
0,06164573
2,346464
-1,179305
-0,05915623
0,2089172
0,9143803
-2,283121
0,1713661
-0,804073
-1,028065
-0,2511286
-0,3693027
1,082857
-0,4012778
-0,4481714
-0,6473126
0,07801197
0,2272533
0,01333178
-0,1274988
0,6346245
2,712192
0,05050265
0,107445
-1,349517
2,207848
-1,721081
0,7240421
-0,6664523
-0,3462949
0,6127383
0,6550981
2,002525
0,8760913
-0,3874754
0,6249979
0,04347566
0,1223279
0,4229741
-0,5471365
0,04684806
-2,122376
-0,2509965
-0,07301261
0,4465753
0,415131
-1,69328
-0,05973884
-0,1685974
0,1008675
-0,4119692
0,0579977
0,3103027
-0,1711456
2,873876
0,401649
0,3405228
-1,579434
-0,08001415
-0,4142077
-0,7759979
-1,043265
-0,4241778
-0,1345566
-0,3131226
-0,01588803
-0,4293694
0,03322581
-0,01974932
-0,2764614
1,03044
0,07347919
-0,06965305
-1,424114
-1,004035
0,1818463
-0,1376929
0,1316352
-0,03556285
-0,07390347
-2,505854
-0,6361684
0,1229624
-0,2294696
-0,3401991
0,5983969
-0,2480288
0,01556221
-0,06256617
-2,130394
-1,241382
-1,744852
-0,1653114
0,5470498
-0,9905431
-0,2764809
-0,2211763
0,01362076
-0,07397816
0,451641
1,014682
-0,5982752
1,202851
-0,5519972
1,389085
0,1364368
-0,09576467
-1,527097
0,1076772
-0,004376118
-0,03548691
-0,1866706
-1,382784
1,195691
-0,02332094
0,07387745
-0,6480435
-0,6428552
0,6101335
-0,7834173
-1,570933
-1,30507
-0,5839759
-0,3047271
-1,570304
0,1866602
-0,5549905
-0,008094455
4,253617
0,03737564
-0,317533
0,1329535
0,4349887
0,1143467
-0,9219987
-0,09226348
0,152417
-0,3879496
1,1399
-0,04688854
-1,547502
-0,03101244
1,173727
-0,1146957
-0,184814
-0,3882778
0,1227202
0,1023077
-0,4445704
0,05044034
0,2065556
0,1021268
0,08303004
0,3943434
0,2251203
-0,8015613
-0,2699731
0,0006470834
-0,2570614
-0,6396801
0,2973951
-0,1055067
0,05651467
0,1512866
-0,813564
-0,1236286
0,2590319
0,23582
0,03879593
-1,727378
0,6440281
-0,04692374
-0,205204
-0,1226924
-0,8347393
-0,2398134
0,1411769
0,1196563
-0,1026159
-0,7660481
0,01251049
1,664184
0,6968717
0,008541959
-0,9909961
-0,3635487
-2,276948
-0,1374707
-0,3045663
1,411294
2,541497
0,1213549
-0,7514259
-0,8334841
0,8440116
0,06556025
0,09967635
0,1383671
0,1796069
-0,1084406
-0,2347961
-0,2821117
0,09983582
0,3446396
1,541288
-0,6054935
-1,793197
0,2251197
-0,5290199
1,041526
2,119351
-1,116351
-0,8394325
-1,594854
-0,07590425
0,2588053
0,1474884
0,0156848
-0,2870915
-0,2687355
-0,2701028
-0,138245
-0,1344591
0,07426912
-0,399297
0,1402551
0,7742832
0,612767
-0,2718311
-1,22122
-0,06862242
0,1563497
-0,1286371
0,06627039
0,05466914
0,459898
0,190268
0,3822687
-0,02012738
-0,008117518
-0,7425561
0,04464057
-0,1257799
-0,07243329
1,717799
-0,5223801
0,1943409
-1,254377
-3,236067
0,362917
-0,05446606
-0,06346783
-1,920156
0,5643237
-0,1725421
0,07640076
-0,2338828
-0,345827
-0,307542
-0,3960226
-1,276713
-0,3222285
0,1267338
2,58555
-0,2541499
0,06682141
0,1268162
0,191892
0,005256156
0,05129281
0,14528
-0,2793221
-1,293684
-0,6243504
-0,4612443
-0,5894346
-0,0146455
-0,9351645
0,03941424
-0,3557704
0,02858162
-0,4311873
0,5557188
0,4924133
-0,9189914
0,9965028
-1,139004
-0,008694026
-0,9738338
-0,8887378
-0,00821248
-1,531418
0,04553927
0,2194077
-0,4259445
0,1377534
-0,01874925
3,560214
0,07309291
0,1597719
0,798673
-0,04613347
-0,09612524
-0,02187252
-0,5048673
-0,9177271
0,0891292
-0,05206199
-0,1206884
-0,4382079
0,4148735
0,0955256
0,1500479
-0,612233
1,327555
-0,9889084
0,7559667
-1,278088
0,08791897
-0,8589827
0,05413248
-0,05549776
0,4204444
-0,1034778
0,1714013
-1,171447
-0,1478534
0,03713068
0,138525
0,05146875
0,01325387
0,3766502
0,1250274
-0,547155
-0,7693423
-0,4374913
-0,8342792
