0,3927539
-0,5951176
-0,5617381
0,2085823
-0,1535
-0,3549702
-1,162322
0,1258348
1,269977
0,8473476
0,1329165
-0,2361746
-0,09637813
-1,085712
-0,6841085
-0,5617501
-0,3638798
-1,032753
-1,630983
-0,4888143
-0,2414565
2,536712
0,2215109
-1,455626
-0,2694377
-0,4296904
0,5552629
-0,1709569
-0,8820045
-0,1422129
0,2864977
1,241599
0,5267375
-0,02501714
-1,209829
-0,0543015
-0,8044265
0,1113904
-0,3245426
-0,4144006
0,7761329
-0,370353
-0,2777134
-0,07237615
-0,6726485
-1,111812
0,9134321
-0,6373875
-0,9632252
-1,171028
-0,01101029
-0,4680178
-0,1789559
-0,2268961
-1,425755
-0,496433
-0,3271375
-0,908664
0,0776868
-0,4172645
-0,9849352
-0,2549421
0,04996825
-0,8473541
-0,4861877
-0,1856456
-0,680769
-0,1994014
-0,02458888
-1,523744
0,1385122
0,5033807
-0,7775844
-0,4296854
-0,2248456
0,8751172
-0,002100129
-0,2490808
-0,4739012
-0,214086
-0,2086863
0,983617
0,1807716
0,1584044
-0,8713835
-0,9941602
-0,2272401
-0,07970883
0,1880709
-0,4891709
0,4097884
-1,208542
0,3776823
-0,007131747
0,6106651
1,713714
-0,002888973
0,5624195
-0,3718614
2,079923
-0,03879504
-0,6055528
-0,1161134
-0,1588076
1,004533
-0,3943667
0,5959762
-1,320684
0,03716006
0,05451066
-0,6443564
-0,8996353
0,2088267
-1,647251
-0,6383278
1,385732
-0,4052529
-0,4642539
-0,4420834
-0,1745424
-0,5730633
-0,1720719
-1,1197
0,8060249
-1,363322
2,707245
-0,6552355
1,555956
-0,2779885
-0,6157533
-1,143174
-0,4970589
-0,1858199
0,6277444
-0,04556268
-0,6962714
-0,7033434
-0,9189736
-0,303922
-0,3531334
-1,088326
0,2521432
1,070203
0,02827993
0,4299119
-0,4351521
-0,8876264
-0,08175831
-0,08926976
0,650324
-0,6834204
0,3433173
-0,3837982
-0,7059352
-0,2715676
2,22034
-0,08786657
-0,3512376
0,9218029
-0,3633643
0,03355492
-1,196324
-0,5224213
-0,6499092
-0,5080171
-0,2142011
1,070634
-1,165706
1,784307
-1,082281
-1,094221
-0,389431
-0,2132144
0,1562815
-0,07656636
0,08850347
-0,1139376
0,410739
-1,959075
-0,4973615
-0,2060486
-0,5196535
-0,4803609
-0,6652019
-0,4735563
-1,026861
-1,217509
0,5998738
-0,8797402
-0,2490951
-0,7957145
-1,166463
-0,5693231
-1,162441
-0,4713265
-1,064411
-0,5976893
-0,02550635
-0,49774
-1,20509
-0,02670485
-0,7732256
-0,5130211
-0,2710614
1,024602
-0,5959681
-0,7705973
-0,6231722
-0,7319006
-0,5267329
-0,7310473
0,1239069
0,5862882
1,619279
-0,2488151
-0,3130479
0,7982777
1,177585
-0,1178597
0,8350705
-0,0692942
-0,2782866
-0,3338002
-2,021516
-0,08722274
-0,6872174
1,821059
-0,2419346
-0,5725531
-0,431493
-0,3877202
-1,366731
-0,3223431
0,1113505
-0,640437
-0,4618466
-0,2546549
-0,7629891
-0,5332949
-0,1756449
-0,6304263
0,2546454
-0,9151848
-0,02474916
0,1380993
-0,5627046
-0,1550416
-1,356616
1,88666
-0,1898557
-0,7748951
1,538484
-0,3584224
-0,317765
0,797257
0,3074686
-0,5692834
-1,237204
0,5800801
-0,02673209
-0,03778155
1,227757
-0,6881759
-0,5930725
-0,2525969
-0,6026636
0,05163793
-0,07940403
0,7541546
-0,4978975
-0,6164279
-1,172192
-0,2546744
-0,2619609
0,1392227
-0,2602567
-1,109262
0,7132247
0,3643091
-0,7853577
-0,2542795
-0,6066642
-1,117352
-0,4744537
-1,003496
-1,177459
0,3291332
-0,5841337
1,60172
-0,2893862
-0,02960251
0,1887386
1,6287
-0,3029779
-0,6843299
0,1187628
0,4131256
1,260609
0,1434552
-0,06863855
-0,3369574
0,8479362
0,06848288
-0,5875077
-0,9166792
0,9535325
-0,4347944
-0,9879261
-0,8488218
-0,7160964
-0,06475532
-1,559878
-0,2081024
1,492764
0,5348137
-0,3022403
-2,159328
0,00401641
-2,099242
0,5259491
0,1278816
-0,3317617
-0,159646
-0,4494794
0,2180096
-0,3805044
-1,174684
-0,6679049
-0,7761432
-0,4338844
1,700379
0,5119679
-0,1942493
-0,5546718
0,956947
-0,1906049
-1,110609
-0,5187789
-0,5859915
0,4054456
0,06402457
0,4651147
-0,179805
-0,731662
-0,151935
-0,3005079
-0,521852
-0,7675955
2,852775
-0,4858647
-0,2228431
-0,2228976
-0,8355033
-0,8363734
-0,3827921
-1,677099
-0,4144625
-0,6067421
1,070168
-0,3072938
-0,3858594
-1,338007
-0,1888723
-0,3474749
0,0888194
-0,2475155
1,235649
-0,53856
0,007733027
-0,1098368
-0,5364193
-1,491947
-0,2011
-1,329327
-0,3539606
-0,2488722
-0,4383568
-0,7510381
-0,5160436
-0,6928391
-0,3334108
-0,45866
-0,09520474
0,4789299
0,5156348
-0,1315507
-0,8147138
0,54855
-0,07302133
0,4706717
-0,4333705
-0,1971771
-0,816825
-0,6644963
-0,02584508
-0,2811481
-0,7432815
1,300529
-0,9064656
-0,277783
0,6602632
0,5787528
-1,596527
-0,4122369
-0,3486389
0,6640726
-0,6695323
1,405744
-0,1302903
-1,542077
-1,938853
-0,9864298
0,05662788
0,1565503
0,6940828
0,2883995
-0,142703
0,1925237
-0,5307663
-0,3155263
-1,140085
-0,5524431
-1,532482
-0,05466917
-0,2978804
-1,499939
-0,2124643
-1,774745
-0,8751498
-0,2221963
-0,5927888
0,7610843
-0,08392029
-0,005875544
0,1870434
-0,390576
-0,206654
0,2328755
-0,08982985
-1,254638
0,1761357
-0,05642857
0,1065764
-1,106498
1,226211
-0,3283321
1,914748
-0,6334221
-0,9817811
0,8749704
-0,3501089
-0,4837964
-0,1992863
0,01986361
-0,868403
-0,1666821
-0,08464962
-0,7224482
-1,888006
0,08998506
-1,214242
0,1049172
0,004073233
-0,1332098
-0,01917554
-0,3239511
-0,3149394
-0,5748159
-0,8779472
-0,1940163
0,9239811
0,2789577
-0,1533147
-0,6366735
1,38104
-0,8499694
0,3876017
-0,3562532
2,716551
-0,1814678
-0,664337
0,3605077
1,552671
-0,05282382
-0,08075929
-0,2051978
-1,00742
0,01155705
-1,360201
0,9043322
-0,3160779
-0,7896771
-0,9969674
-0,6546413
-2,048166
-0,6397292
-0,05667447
-0,2610922
-0,3853289
-0,5345649
-0,6643776
-0,2919529
-0,3781222
-1,234316
-0,69942
-0,7719054
-0,5403016
-0,2618754
-0,6158414
-0,02512178
-0,2378247
-0,6280326
-0,1137593
0,7686608
-0,2441849
1,627087
-0,3491709
-0,6186198
-0,3739309
-0,3419587
1,310908
-0,2356575
-0,365118
-0,307053
-1,557114
0,1938066
-0,2932599
-0,2595596
-0,4469428
1,161605
-0,4032839
-0,6704861
-0,6210296
0,7346814
-0,8134073
-0,5672815
-0,4504333
-0,6933091
-0,6385652
-0,9979613
-0,1170447
-1,588139
-0,1464275
-0,2839501
-0,6104968
0,1174247
-0,8332115
-1,137465
0,4605249
-0,528954
-0,9385219
-0,7154418
-0,107649
-0,7797367
-0,08228866
0,3815005
-0,3611602
-0,1200103
-0,357345
0,23754
-0,2254316
-0,7290633
-0,2545407
-0,3717836
-1,086732
-0,2449432
-1,480419
0,2025918
0,01574363
-0,4198687
-1,222873
-0,0847652
-0,357113
-0,6048748
-0,2126503
-0,7387112
-0,963242
-0,002816654
-0,3918886
-1,311426
-0,5209056
-0,7132002
-0,1097533
-0,4277444
-0,1284332
0,7199683
-0,6622104
-0,8264648
-0,8473633
-0,3581706
-2,557735
-0,04659861
0,3595852
0,6080994
-0,845324
0,3245171
-0,03579769
1,102942
0,3123563
-0,9257173
-1,005231
-0,1958976
-0,4711409
-0,9224977
-0,4473021
-1,664454
-0,5941719
-0,1497383
-1,112138
-0,242005
-0,09943588
-0,7503755
-0,4688713
-0,4389592
-0,5022157
0,1731937
-0,04834494
-0,1331654
1,260828
-0,3075779
-0,7267933
-0,87626
-0,9127062
0,1266452
-0,4102262
-0,184053
-0,2487193
-0,1979499
-0,7115759
-0,3666553
-0,8027616
-0,406308
-0,4310152
-0,5175719
-1,442639
0,02934748
-0,4885726
0,5464532
-0,9713691
0,772586
-0,4972733
-0,1575032
-0,8261895
-0,1246515
-1,542239
-0,6123344
0,368386
-0,3294897
-0,7202144
-0,01086233
-0,2066252
-0,4268381
-0,0725088
-1,76878
-0,7315177
0,03367852
-0,08648247
0,5456169
0,4968636
0,8964816
1,04881
1,238787
0,9223762
-0,6576839
-0,3907926
-0,8133703
-0,2916129
0,02310594
0,3390352
-0,2770913
0,04753803
-0,568033
-0,2621768
-0,5599849
-0,2147213
-1,321043
-1,109942
-0,7264146
-0,4479756
0,3623258
0,4471079
-0,1176059
0,7457749
-0,3126795
0,2867198
0,8662697
-0,8186813
-0,09042672
2,002395
-0,6117408
-0,7205926
-0,1151945
-0,1803865
-0,5892664
-0,5676579
-0,1071278
-0,6704641
-0,2179306
2,158371
-0,3354961
-0,3649948
0,155203
-0,5837591
-0,3942674
-0,3592116
1,040478
-0,8261601
-0,2093053
0,2807361
-0,9365721
-0,1405203
-0,3981055
-1,284517
-0,1973803
-1,088312
0,4306698
-0,272405
-1,462443
-0,1991478
0,1264557
-0,6489537
-0,5145233
-0,3661455
-0,3944811
-0,2375557
-0,382223
-0,01749637
-0,2884001
-0,06467176
-1,279831
-0,2693625
-0,2053972
-0,4999903
1,284777
0,7900417
0,5123154
-0,9786135
-0,2308274
-0,4640875
0,06809293
-0,289274
-0,2505057
-0,3560402
0,02946296
-0,6168796
-1,65278
-0,942634
-0,2081237
-0,3707406
-0,2804312
0,6882656
-0,2269084
-0,6932529
0,2849689
-0,9300128
-0,411554
-0,9431563
-1,299961
0,871823
-0,1112359
-0,1075203
-0,2883562
-0,4072978
-0,6322611
-0,392079
-0,5823265
-0,2491401
-0,08126718
-0,3063903
0,4398011
-0,9530684
-1,283172
-0,7472948
0,4084058
-0,3948398
-0,04935541
-0,2140391
0,2468897
-0,2300628
-0,1469618
-0,2108875
-0,07982484
-0,3464663
0,6713749
0,6660258
-0,349376
1,318214
-0,3093628
0,6486387
-0,2819546
-0,7355722
-0,1115215
-0,4185268
0,3298566
-0,4637836
-0,1077716
-0,1429697
0,9352568
-0,168804
0,1356356
-0,3884115
-0,4761591
-0,3641804
-0,1474461
-0,7192374
-0,295169
0,3164423
-0,4522379
0,06387509
-0,4492848
-0,2800816
-1,012664
1,71951
-0,1107555
-0,7306399
-0,003907792
2,841936
-0,2379106
-0,3623368
-0,3414939
-0,4618109
-0,7698822
-0,6214634
3,140828
-1,243525
-0,2263419
-0,102715
0,3303608
-0,4744214
-0,9031574
0,7537346
-0,08965628
-0,7566492
-0,1782334
-0,4552453
-0,4011294
-1,176824
0,1866938
-0,5845302
-0,3014295
0,04442432
0,4984879
-0,2458428
0,3576816
-0,3149161
-0,4393611
0,6342698
1,029445
0,2832063
-0,8356776
0,8738629
-0,5576585
-0,5219876
-0,9723557
-0,7005957
-1,447884
-0,01841942
-0,04612433
-0,2893574
-1,364309
-0,6808817
1,219825
-0,1079959
-0,2290449
1,044207
-0,3437415
-0,3790555
-0,1732911
-0,741218
0,3060198
-0,2675683
-0,6382554
0,1566962
-1,033059
-0,39163
-0,2144171
-0,03208628
-0,7428113
-0,1788588
1,147251
-0,8697587
0,2580244
-0,1886284
-1,078169
-0,397281
-0,2537982
-1,923182
0,1436763
-1,27166
0,4316999
-0,3283216
-0,2300249
-0,1679384
-0,7838254
-0,2454765
-0,6707874
-0,03661149
-0,8117465
-1,024289
-0,9292057
0,3253958
