-0,6120129
-0,3950812
-0,1411916
-0,3706745
0,5063838
-0,5184202
0,4764769
-0,4411556
-0,9960096
-0,909457
0,7955058
0,549187
0,2618018
-0,2827644
-0,9056678
0,109429
0,1728531
-0,572424
0,01429466
1,187109
-0,467305
-1,199247
-0,249943
-0,1619684
-0,01229362
0,4633224
0,04848936
-0,0802277
2,053971
-0,5114321
-1,390429
-1,364127
0,351388
-0,2099363
-1,557582
0,6908557
-0,9875219
-0,5336908
0,3881785
0,07627348
0,03903785
-0,2318172
0,5598261
0,2626161
0,2300827
0,6321772
-0,5549846
0,3248456
-0,711542
2,148375
0,07356161
0,3083883
0,3489678
0,3717574
0,09445087
0,08590305
-1,039676
-0,5364909
-0,257964
0,01994313
-0,6410223
-0,546488
0,1815
-0,8801779
1,004756
0,1919702
-0,3333687
0,04055803
0,03678604
-0,9556912
0,2397549
0,1527871
0,1639881
0,2666748
-0,6063288
-0,1229731
-0,8802564
0,2087038
0,1496491
0,3896048
-0,788501
1,353411
0,7055436
0,3753727
-0,7133631
-0,3174846
-1,453254
-0,05481599
-0,8064748
0,05821091
-0,4747899
0,2311702
-0,4131651
0,1039491
-1,467044
-0,3756914
-0,3319582
-0,06481971
0,3170006
-0,4086874
0,5626229
0,2199603
0,1610588
0,03730308
3,866401
0,7426233
0,2255475
-0,649151
0,05597009
0,8376149
-0,7143735
1,058866
0,130342
-1,094015
-0,09203476
0,108281
0,5333673
0,5379871
0,05914921
0,1543273
0,2449491
-0,03187154
-0,6264287
-0,02296822
-0,2909833
-1,082891
2,287318
-1,373282
0,1360843
-0,2711752
-1,137594
-0,1433693
0,5345522
1,409445
0,2728027
0,5833939
0,7124243
-0,490344
-0,3325687
0,01252017
1,730804
0,3846741
-1,035745
0,1440368
0,1415453
3,633724
1,952274
1,396416
0,9818611
-1,521026
-0,8885525
-0,5530942
-0,06451506
-0,03614634
-0,903599
-0,7906784
-0,5606507
1,340309
-0,5005218
-0,2017775
-0,07116326
-1,904845
-0,7270914
-0,8602744
-0,09650894
0,1565794
-1,236313
-0,1392517
-0,1771078
-1,034341
-0,657193
-1,021302
0,2137581
2,077956
0,5612549
-0,5937533
-1,084222
-0,2402893
0,2066065
-0,1824513
-0,03699636
-0,1643437
0,3944331
0,2553363
-0,05403821
0,7679253
-1,045858
-1,674524
0,8309567
-0,09752187
-0,5573496
-1,260378
-0,3045991
0,2812609
-0,1837364
0,8947392
0,9417953
-0,3812747
-0,1045172
-1,302766
0,1512501
0,2888075
1,951162
3,510933
-0,4982686
-0,2394083
-0,6616906
-0,06419314
-1,095297
0,2980283
-0,6673247
-0,007141402
-0,7038819
-0,7911916
0,2425368
-0,05054328
-0,6736195
-0,4881558
0,1748077
2,16793
-0,5472286
0,2327753
-0,2264765
-1,319128
0,2903785
0,5974854
0,6305505
-0,03459095
0,5902125
1,925904
0,05697658
-1,588337
0,004112398
0,2339988
-0,1738853
-0,1894534
-0,07978974
1,350482
0,1318381
0,1722542
-0,6058844
0,3250891
0,2068799
0,4673574
0,2262273
-0,04391393
0,169106
-0,5374359
0,2615632
-0,9931784
0,5027843
0,02382973
-0,6702014
-0,3251504
0,1950403
-0,5196607
-0,3331294
-0,04411448
-0,727027
-0,3700775
0,4438577
-0,3225819
-0,7848523
-1,134426
-1,745046
0,08244362
-0,7951649
-0,3098471
-0,892048
-1,731518
-0,7720655
-0,7395348
-0,4761967
0,04590622
-1,052667
-0,06338789
-1,307577
-0,1497424
-0,04493296
-1,153964
0,3144082
-0,9573545
-0,08074134
0,1417148
-0,5480543
0,9477891
-0,9809436
0,41907
1,557088
-0,5689529
0,1112838
-0,4424337
-2,115879
-0,3179513
-0,1027447
0,5648279
-1,566615
1,533456
0,4206561
0,2182072
-0,01013647
-0,01165051
-0,2576253
-0,8339043
0,8416891
-1,448589
-0,5436552
0,1925613
9,164818E-05
-0,9956711
0,0275188
0,2258688
0,05384805
-2,367037
-1,072806
0,05888577
0,9158938
-0,04871306
-0,03056745
-0,9787737
0,271277
-0,8297239
0,2622086
0,4268447
-0,4664884
-9,021759E-05
0,1862039
0,3139556
-0,5734204
-0,3438674
0,3079971
1,779294
-0,1530647
0,311779
-0,8284158
-0,08225327
0,4931545
0,06636876
-0,06247103
0,1667884
1,289501
-1,065904
0,08685169
1,186877
-0,2758535
-0,01434167
0,3705834
-0,513364
-0,1297007
-1,331553
0,2573605
0,0006796705
-0,6146875
2,427654
-0,2019837
-0,935981
0,8301836
0,08127486
-1,236843
-0,1529002
0,1016066
-0,7807405
-0,1507732
-0,3525057
0,5193037
0,8568633
2,122173
0,01845806
0,1023835
0,1159904
-0,1881115
0,4894901
0,3752512
-1,565539
0,7334775
0,3329959
-0,2515124
-0,4397727
-0,4962287
-0,149281
0,2185784
0,2880434
0,08718652
-0,01526094
-1,10479
0,05154417
0,4043152
-2,152979
0,2429297
0,3579891
-0,09613263
-0,5909615
-0,06397793
-0,3880231
-0,1114014
0,09541082
-0,7781541
-0,683474
0,0677458
-1,040332
-0,6919321
-0,3679464
-0,2314631
0,249493
-0,3836603
0,2191864
-0,232152
-0,484238
-0,3510499
0,8492025
-0,8989398
-1,009863
-0,7946508
-0,4639208
0,6116484
-1,765247
-0,2437888
-0,17981
-0,1357818
0,2095756
-0,4812437
0,0970296
-0,9794511
0,2606588
0,09260824
0,07279283
0,07304858
-0,1674398
0,08769333
-0,7335925
-0,2008323
1,930075
0,1878187
-0,5234562
-0,3119566
-0,02437834
0,1144104
0,1708416
-0,09346633
-0,4752189
-1,95396
-1,551303
-0,759752
-0,1801934
0,7419833
0,1641162
0,1140401
0,008400077
-0,948773
0,2388238
-0,1968423
-0,07382275
0,1073037
-1,270853
-1,080554
0,231252
0,1979133
-0,07839723
-1,268486
0,2079477
-1,043779
-0,6036897
0,2143195
-0,1254077
-0,4753581
0,11933
-2,195307
-0,5396014
-0,4733747
0,08259702
0,5221413
0,02411439
0,09935315
0,4523728
-2,277926
-0,9470979
-0,1454079
-0,7285678
0,01789076
0,1686105
1,050074
0,2459597
0,3579886
0,3352917
0,01494529
0,3433258
-1,114131
0,1010099
-0,935483
0,1612983
0,209302
-0,6277625
-1,061962
-0,1962492
2,364088
0,08114526
0,1696943
0,005960868
-0,9121587
0,02637746
0,1318812
0,04186511
-0,1142675
2,121902
-0,7750912
-0,02855946
0,166388
-0,0282875
0,721503
0,4091861
0,5548238
0,03063319
-0,2498122
-0,7021486
0,1202415
-0,555381
-0,02941024
-1,459446
-0,08616919
0,04131491
-0,6231186
-2,066125
-0,04067169
0,0001872639
-0,7023511
0,2798057
1,147939
-0,1469256
-0,1786871
-1,063292
0,1857629
-0,4596804
0,4084257
1,169298
-0,4656919
-0,568818
0,1259706
0,1567123
1,075455
-1,072686
-0,115379
-1,162431
-0,1294797
-0,7787517
0,2530396
1,134404
1,70033
-0,4788288
-0,1627098
-0,2927187
-0,155334
0,6068164
-1,186354
-0,009144474
0,2777741
-0,3269739
0,2833157
0,5489042
-0,08876546
0,55656
0,2774938
0,3578005
-0,04293555
0,4091043
-0,2528377
-0,7659595
-0,6659014
-0,3110375
-0,05466922
-1,177858
-1,963016
-0,06509256
-0,1656296
-0,8170166
0,2308393
-0,1508828
-0,5638238
-0,06083849
0,7104651
0,6195889
-0,01000281
0,03212387
0,1340953
0,1743317
0,2019122
-0,7897034
-0,9269007
0,3017015
4,283524
0,3146161
-0,1104463
0,386921
-0,1241365
-0,273753
-0,3879434
-1,319838
-1,245865
-0,04043397
-0,4022379
-0,529794
0,4886808
0,2846321
-0,4444711
-0,7662378
-0,09621182
-1,536429
0,1922237
0,2646969
0,01967893
0,02413537
-0,6934776
-0,2709363
0,2425362
-0,2274405
0,5067385
-0,1496588
-0,06720406
0,6190031
-0,3200198
-0,01927915
0,384885
0,3982637
0,6949366
-0,1447721
-2,857007
1,034547
0,6592624
0,1530236
-0,3203276
0,05373477
0,9622622
1,529
0,1522967
-0,487657
-1,034858
0,2356217
-0,359658
-0,2076061
-0,5258965
-0,07947358
-0,158692
0,1958446
-0,9598842
0,1682699
-0,5849528
-0,2390897
-1,42298
-0,2220867
-0,2839943
-0,03764512
0,2583044
-0,1226506
0,3818474
-0,7496079
0,0833291
0,07653431
0,187735
0,8998427
0,8943899
0,7770884
0,8805837
-0,3995453
-0,4449832
0,7337317
-0,5260314
-0,5024351
-0,3362008
-0,8726461
-0,8914292
0,5178847
0,4919997
-0,3397843
0,06960658
0,1915379
0,2078959
-0,3557591
-1,854537
-0,8687569
0,06530634
-0,1877204
-0,3453246
-0,7992138
-0,317818
-0,1559573
0,7110389
0,609004
0,8417701
0,2046688
-0,2120445
0,04853149
-1,873547
0,2368238
1,586321
0,1419885
-0,01095796
0,005132926
0,001280922
0,3302708
-1,369095
0,04136384
0,5214028
-0,09231157
-1,214426
-0,1995984
-0,5143079
0,2364334
-0,5518336
0,2321665
0,1568843
-0,724268
0,2254146
-0,2503405
-1,043589
0,4218414
-0,4615395
0,05417359
-0,2235563
-1,050754
0,09977238
0,7586774
0,1158228
-0,7373033
0,1895862
-0,4162239
0,3141267
0,2200026
0,08930776
-0,05583933
-0,4262748
-1,253226
0,1509372
-0,02883669
0,1464389
-0,2057448
0,6138224
0,1329723
-0,1409487
-0,2220278
0,2896354
-0,303959
0,3251563
0,1983411
0,2053245
-0,5966479
-0,6367552
0,2852872
0,2187663
0,4766435
-0,5168673
0,04963958
-0,5422235
0,1179659
-0,1564349
1,213431
-0,7004532
0,1865618
-0,7193854
-0,51517
0,270508
0,1598094
0,1491185
0,1309088
-0,1254521
-0,6968401
-1,116
0,680882
-0,522136
-0,1331477
-0,9897171
1,677364
-0,2570617
-0,1891834
-0,2541589
-0,5604507
-0,2637596
-2,440713
-0,5950534
-0,7303309
0,04616809
0,2366763
-0,1127635
-0,9711609
-1,622106
-0,3098201
-0,2150708
-0,01150084
-0,9070883
0,1310577
0,6343509
-0,265238
-0,1708327
-0,2494633
-0,008990105
-0,3428997
0,3412987
0,07149303
0,8944468
-0,886438
0,4182884
-0,1197641
0,2533906
-0,1174081
-0,3015179
0,1072679
-0,05622686
0,00393355
0,085798
0,3317112
-0,3134997
1,078228
0,2199355
-0,968981
-0,1139858
0,09939299
-0,171239
-0,2501105
-1,302357
0,0924667
0,09406634
-0,02216455
-0,02152448
0,04192192
-0,6918642
-1,775372
1,211365
0,2235579
-0,06287394
0,7082751
-0,9971347
-0,8287056
-2,054966
2,115182
-0,2842416
0,09747771
0,08520821
-0,2261172
2,381307
1,961061
2,44055
-0,8545639
-0,1004723
0,2426373
-0,1177707
-0,7149297
0,1522822
0,3711229
0,633898
-0,2325723
-0,6377187
-1,061993
-0,1266952
-0,3213703
0,2917917
-1,324636
0,09687584
-1,46867
-0,08711194
0,02444327
0,05455575
-0,6338693
-0,5468934
-0,5921361
0,4932117
0,1410407
-0,5032536
-0,03508236
0,7101524
0,4088877
-0,5951155
0,5791551
0,03466003
-0,2969072
-0,3017854
0,1999602
0,1566836
0,04881505
-0,06288897
-0,8838612
0,6049138
-0,8147944
1,399516
0,4227461
-0,254255
0,6282553
0,1076929
0,228882
-0,1098171
-0,3451646
-0,4098611
-1,364923
-0,005017806
0,1066087
0,02117702
-2,090973
0,317293
-0,2575296
0,6246416
-0,2421833
-0,8321269
-0,8404126
-0,1745297
