-1,991892
1,400398
0,4147289
-0,3815853
0,1643221
-2,261786
0,1933585
-0,6485236
2,488768
-0,8334756
0,1068915
0,1546354
0,2765298
-0,993926
0,4854822
0,09641521
0,1732699
-1,421102
-0,6549628
-0,06871805
0,1038614
-0,1637097
0,1348684
-1,531246
0,2280604
-0,6489819
0,04414171
-0,04136535
-0,01406688
0,1016509
3,613381
2,149822
-0,5788894
0,251602
-1,810204
1,583603
0,1694389
2,681096
0,2330746
0,5263741
0,177359
-0,1049349
-0,158813
0,2534217
0,06191172
-2,457482
-0,529084
0,09121589
2,21359
-3,505862
0,9484072
0,2386479
0,1238263
0,3208806
-1,123373
0,2389213
1,291344
0,04700576
-1,560512
0,07405836
0,8681381
4,101412
0,2129744
0,4747575
-0,07256982
0,173665
0,8465017
0,4861874
0,1476633
-3,253937
0,03185322
-0,1725832
-0,3130084
0,3174117
-1,42991
-0,8949294
-2,291921
-3,687138
0,2672403
-0,09014314
-0,3038508
0,4454897
-0,843974
0,1827488
-0,6555653
-0,9926003
3,412798
0,08317836
-0,3956235
0,2869467
2,766425
0,3633004
-0,4047374
0,2338903
-0,7028266
-0,8334378
0,476282
0,2451813
0,2238223
-0,6276029
0,2517972
-0,320066
0,1735033
0,2107236
-0,7208208
0,2338907
-1,869559
1,271326
0,06278227
-0,1057699
-0,5068158
-0,6461816
0,08104666
-1,323407
-0,2681304
0,3624194
0,2356736
0,0670596
-0,3008851
0,210729
0,1100127
0,3566951
-0,1323999
-0,277759
1,965551
-0,2934754
3,170472
1,603531
0,2118345
0,4044687
-1,986442
2,76139
-1,017838
-1,343978
0,7469101
-1,364123
-1,129031
0,85629
0,2892236
0,1623588
1,77576
-0,1211029
-1,124018
0,1713485
-0,09399919
0,8291181
-0,6462345
-1,032943
1,441136
1,010869
0,06933479
0,9981924
-0,07674599
0,2398475
0,4983774
5,217659
0,477668
-2,4391
-1,587003
0,1029165
0,1158678
1,464084
-1,101679
0,1652663
0,2977994
0,1679728
1,429798
1,840322
2,323491
-0,4564794
0,49453
-3,032119
0,2224371
-0,2120053
0,1101364
-1,819811
3,201481
-0,3824991
0,2448321
-0,07831283
0,1430626
0,2666975
-0,04130499
0,1860331
-0,01905503
-0,852343
-0,5241351
-1,846707
-0,7102679
0,1275131
-0,383584
-0,1551684
-0,4802549
-2,611038
0,139608
0,3780211
-0,3220826
-1,019815
0,2041441
0,3237908
0,3995905
-0,6983407
0,6718413
-0,2020561
-0,7185684
-0,01700762
-0,6259711
0,1032871
1,655527
0,2429043
0,1260975
0,0873334
-0,555246
1,885865
-0,03341471
0,1370592
-3,685102
-0,78843
0,08610859
-0,7247365
-0,9996436
0,3303205
-0,1376583
-0,4134146
0,1318647
-2,097504
-0,05080714
0,1479913
-0,06712117
0,5050802
0,1436664
1,602391
0,1304583
-1,682249
0,450304
0,3673295
0,08041874
-1,737716
0,1901749
0,3167533
0,1421185
-0,6284746
-0,3914614
0,2061288
-0,03019913
0,335491
0,2443149
-0,5026842
-0,3938943
-3,540571
-0,106308
0,2203695
0,08373008
0,869511
-0,07154834
-1,44304
-0,1376166
0,08593713
-3,805121
0,1314484
-0,2930039
-1,234644
0,5818877
-0,5025953
0,4438412
2,0704
-0,6169145
0,1248555
0,3393884
-3,117044
0,2262193
-0,2370647
-0,2185077
0,1801323
-0,1641155
-0,00193483
-0,3593669
0,08730591
0,5902045
-1,275114
0,2387103
1,310131
-1,036662
0,1637609
1,821811
1,242144
-2,638264
-1,760147
-0,7450063
-1,297669
0,258086
2,535327
-0,1569589
-3,063427
-0,1904374
0,02306789
1,894678
-0,435488
-0,5126083
-0,6053907
0,1786519
-1,06531
-0,1318046
-0,1645201
-0,9643801
-1,701286
-0,6380696
-1,021127
0,05513461
0,1710681
0,1556998
-0,2122841
0,5351684
-0,3900706
-1,536452
0,2018523
-0,3586487
0,08902307
-0,6841087
-1,368224
-0,8513609
0,6913924
0,03064328
0,05381828
-3,204718
0,03242811
1,320131
0,9656727
-0,860116
-0,9980364
0,03388387
-0,04272975
0,2788278
0,469781
0,1704731
0,2104795
0,04268687
0,1022926
-0,9661524
0,05158153
-1,664145
2,796079
0,06130483
-1,049998
0,2099309
0,6831887
-0,1009692
-1,977417
1,717214
1,121305
-0,1546073
0,4902545
0,4939443
-1,398431
-0,3904687
-1,670569
0,1449128
0,2049343
2,876575
-3,172058
0,2135088
-0,4078685
0,009762424
-0,2738253
-0,399601
0,2859377
2,438706
0,08306707
0,1481944
0,1518725
0,03636635
-0,9131455
0,4663023
-0,6955215
-0,09119076
0,08017714
-0,1798408
-0,3906939
-0,6184563
0,1662825
0,1728038
-0,09497914
0,1860406
0,09487327
-1,074029
0,1969959
-1,788152
-1,323856
0,3393707
-0,640847
-0,5316242
-1,232119
-0,09000167
0,8886157
0,2451867
0,211743
-3,673068
-0,9237297
1,588213
0,5480808
1,473997
-0,1825569
0,8076299
0,2296684
-0,7786909
-0,5821483
0,4089714
-3,464379
0,2539143
-0,5150573
2,75346
-0,7222053
1,182717
-0,05111018
-1,338553
-2,109888
-0,05009701
0,08233217
-0,07769184
0,4126362
-0,0499383
0,2019659
-1,258508
0,1628406
0,03167095
-0,07561088
0,09652093
0,04799469
0,9530147
-1,47118
-0,08948527
1,918091
0,35291
0,4609582
0,3369561
0,04028652
0,2109487
0,2000778
0,1110216
0,6380735
-1,033807
0,3341043
0,6752738
-0,8388811
-2,571446
0,2384029
-1,306889
0,182095
-0,7173671
-1,40569
0,728992
0,3257895
0,2497818
1,354058
0,2095038
0,2312167
0,2148103
0,05577216
0,4006349
-0,3465647
1,631231
-0,5625942
0,1928243
0,2062862
-0,1499162
0,2541526
1,284246
-0,3360178
0,3270604
0,08151165
-1,245559
0,2980649
0,2848842
0,1622282
2,124264
-0,9416748
0,08117154
-2,758268
-0,8544049
0,150355
-1,663186
-0,001269497
2,383438
0,2585776
0,3020399
0,1508705
0,5622433
-0,1050663
0,1628833
0,1732345
0,1280404
-0,01233275
0,9116821
2,334018
-2,77637
-0,03422448
-0,1259699
0,1681944
2,750717
-1,763319
0,3865214
0,2314166
1,013002
1,675281
0,06060481
-0,171298
0,13977
0,2018722
-1,060249
0,8352325
-0,8840383
0,2844827
-0,3322936
1,794344
0,2669666
2,044664
0,1010368
-0,6875092
0,2733943
0,1085269
-1,019404
-0,5861923
0,1677797
0,1818545
-1,158428
-0,06685581
0,1477356
0,0678356
0,1342933
-1,820569
0,4417935
-0,4219241
-1,041035
-1,313025
-3,792637
2,989807
-0,1205977
-0,1632823
-1,348122
1,715902
0,1912732
2,409059
0,2274068
0,9641317
0,1443574
-1,107669
-1,622159
0,09859734
0,2837657
0,3130367
-0,2695382
0,55616
-3,267223
-0,2373794
0,3290312
0,2217777
0,03157726
0,2405653
0,1180386
0,3649189
0,2757322
0,1783767
0,2005666
0,09992024
-2,637035
0,2420265
-2,103859
-0,5137721
0,1577707
-0,3246666
1,681641
0,1468893
0,064086
-0,3937452
0,1961756
0,15497
0,1209112
2,194171
0,850282
-0,9320468
0,1484262
0,2617283
-0,09976739
0,1967984
-0,1501393
-0,9287266
2,168608
-1,108223
-0,9137115
0,4599648
-0,6856448
-1,726732
-0,8476239
1,883722
0,01131141
-1,05344
-0,7713825
-0,1476841
3,152719
-0,3016824
0,8474544
0,2313816
0,2674576
0,8323917
0,22022
-1,315045
0,5621863
-0,4164243
-2,058401
0,2399501
-0,7408507
0,1637
0,3169584
0,04140057
-0,2455935
-0,8155307
0,1038345
-0,3535535
-0,3801202
-0,01543448
-0,2195415
-3,154211
-0,5276306
0,1906228
1,232419
0,5539219
-0,7094746
0,1773727
0,3810214
0,1183485
5,359325
-0,2962975
0,2025129
-0,1821455
-1,880004
0,2179563
-2,239843
-2,735076
-1,468782
-0,1754247
0,06960526
0,2002948
2,459155
0,1543088
-1,163965
-0,04823143
0,5532758
-0,1555697
-0,3222789
0,4048012
0,2922403
0,2464506
0,207384
-2,54308
-0,3879238
1,679221
-0,7651711
-0,1679724
1,13654
1,280531
0,1743088
-0,201419
1,742222
1,109617
-0,5717416
1,858699
0,5671478
2,086723
-0,9850509
0,1786456
-0,8643104
-1,246573
0,2561063
0,1879621
0,2084793
0,278947
1,382913
-1,692083
0,1918733
-0,0641304
0,08859904
-2,239095
0,4970593
1,481852
-1,294326
-1,0367
1,443991
-0,03142057
-1,064902
0,1676532
0,2930392
-2,309009
1,936863
0,0901861
-0,03338747
0,2485612
-0,01174175
0,3272592
-0,07006168
0,04168265
-0,0168236
-1,042527
-0,2611369
0,3067728
-1,857798
-3,447677
0,9788555
0,08500074
-4,122236
0,7735598
0,269763
0,2494701
-0,2218892
0,2516784
1,810221
-1,342763
0,1230167
-1,319949
0,1962553
-1,853536
0,262747
-0,08002011
0,2395296
-0,3175351
0,09399659
0,2656198
0,2134371
0,0670946
-1,557007
-0,4442147
0,1253938
0,04702643
0,1234815
-1,759629
0,3682384
0,236504
1,093072
0,2593624
-0,5683753
-0,3733023
0,1963835
0,2448405
0,2241887
-1,375478
0,07896525
2,140311
-2,164139
0,2366482
-1,30185
-0,7199409
0,1822524
0,09973992
-0,1342707
1,00167
1,888879
0,2599346
-0,3153779
1,370357
-3,134787
-0,1086799
0,2810799
0,1798726
0,1835448
-2,885448
1,553825
1,280209
0,6518394
0,1992144
-2,664318
-0,9556921
0,7872076
-1,449731
0,1616514
0,6467628
-0,9358256
-0,7251971
0,9677846
-0,4935508
0,1745421
0,2334711
0,105579
-1,776142
-0,8034286
0,04894553
-0,3957746
0,3406846
-2,577848
0,1432271
-0,09503733
0,08395934
0,4891478
0,1837172
0,1560194
-0,9557922
0,1950052
0,3720467
0,3062827
-2,340914
-0,5052263
-0,9551159
0,2100995
0,1701759
0,01771432
-0,008294844
-0,07361288
0,2160354
0,04221541
0,09759758
1,832356
-1,493533
0,1107975
0,01440249
-1,390265
0,2198298
0,0420944
0,2748456
0,3736015
0,1528753
0,3060875
0,1324026
0,262961
0,04574323
-1,329769
-1,647652
-0,5409381
0,1155536
0,06360487
0,5422087
5,064127
-0,4926316
-2,814533
-0,4238805
0,5046575
0,3204136
-0,2225171
-0,1215684
-0,7094688
-1,210161
0,04203105
-1,640794
0,184763
-0,9895471
0,2344673
0,05394765
0,1003085
-1,40284
-1,234316
-1,431811
1,065902
-2,532586
0,601339
-0,4773772
0,9260314
-3,055753
0,2392243
1,044282
0,1313622
0,004383784
-0,3773259
-0,5795522
-0,1809402
-1,123208
0,1632072
0,1722164
-0,5343292
0,3258331
0,2456393
-0,1241125
-0,34304
0,1896204
0,0386157
0,06395563
-0,6163959
-0,5908706
-0,003985519
0,182635
0,3767003
-1,94707
0,9800545
3,353336
-3,190668
-0,4852141
0,2335349
-1,461125
0,3668155
0,2772138
-2,890312
-3,50987
5,637344
-2,691111
0,232403
0,2640007
0,1516195
1,676267
-0,7617405
-0,1425348
-0,2965307
-0,04113272
5,438124
-0,4217541
-2,370616
