-0,2850661
0,858609
-0,1099599
-0,5887854
-0,1186423
-0,9577779
-1,198302
0,5254378
1,050645
-1,80498
0,06561248
0,7656219
-0,5539514
-1,051175
-1,03272
-0,3489613
-0,3436283
-0,576344
0,201141
-1,55348
-0,08377177
-0,03232509
0,03292372
-0,5630049
-0,1261079
-0,644811
0,3774097
-0,1304888
0,1595962
-1,171244
-0,8363705
0,08703031
-0,6707026
0,0401883
-0,9767606
-0,1709168
-0,6093332
0,87144
-0,1996821
-0,2631454
0,1251887
0,6939384
0,5241431
-0,1946245
-0,427907
0,784077
1,964029
1,146195
-0,1909437
-0,114906
-0,2070534
-0,9598499
-0,1521043
-0,3855366
-0,8444405
-0,3695303
-0,4669482
0,2531754
0,9534557
-0,3476627
-0,1829264
0,04189649
-0,158049
-0,9866366
-0,3622492
-0,01630148
0,3069354
-0,0188157
-0,3119996
-1,137322
0,2093237
-0,09270038
-0,7585153
-0,5695764
0,120328
0,944631
-0,2487829
-1,560197
0,0430474
-0,3253104
0,038151
-0,9545492
0,6319543
-0,2356772
-0,9660075
0,0961146
-1,650274
-0,04313274
0,2289378
0,01503702
0,7058119
-0,4967669
-0,8236446
-0,07188913
2,528969
-0,7807153
0,3423377
0,2595706
-0,4798791
0,2279271
-0,1455609
-0,53348
-0,2536179
-0,03652208
-1,152472
-0,3289832
-1,271616
-0,3122224
-0,1216869
0,1335465
-0,3172475
-0,1260079
-0,08134313
0,05184807
-0,6894783
0,1199669
0,02717417
-0,1832993
-0,3172063
-0,08349562
-0,377675
0,2364402
-0,1608012
-0,3044478
-1,435676
-0,1745995
0,7384273
-0,3026006
-0,221863
-0,05812994
-1,612871
-1,259145
-0,1822311
1,179308
-0,9477839
-1,307129
-0,3090235
-0,5569831
-0,1375362
-0,07052786
0,6683242
-0,3484232
-0,5895948
-0,09998953
0,001877592
-0,3631634
0,06496038
-0,54281
-0,7162327
0,4548525
-0,5021293
-1,014995
-0,2076219
0,1463538
0,4382569
0,8741109
-0,04731528
0,9450762
-1,182017
-0,0902578
-0,2057608
-0,6111616
0,379277
-0,05966538
-0,395101
0,4315296
-0,6125852
0,6817407
-0,8415192
-0,8634111
-1,025379
-0,009886588
-0,2415705
1,868755
-0,2763519
1,007293
-0,6721477
-0,4286211
-0,08791963
0,1227798
-0,2070891
-0,1682404
-0,9211187
-0,5238359
0,4916326
-0,8616511
-0,7170857
0,1800219
0,1513504
-0,2646263
-0,5360334
-0,7625889
-0,8551946
-0,6684691
-0,01544594
0,08706814
-0,5700362
-0,4140376
0,02415433
0,058706
-0,3011356
0,4926306
-0,1428358
-1,339358
-0,1875788
0,7756794
-1,055844
-0,127119
-1,19118
-0,3712873
-0,507886
-0,2337345
-0,3116225
-0,4903693
-0,2657207
-0,1746191
-2,244625
0,1760113
-0,142862
-0,6551083
-0,1092868
0,1235374
-0,2831091
-1,109326
-0,1276174
0,3596759
-1,200096
0,0797063
-0,3277175
-0,2005258
-0,09520599
1,016687
-0,1381512
-0,4622504
-0,4000751
-0,8072807
0,4181198
-0,3504685
0,04824791
-0,1505611
0,3877159
-0,8156326
-0,5700597
-0,01917478
-0,2872076
-0,5437204
0,03098522
-0,2712447
-0,1663802
-0,7522658
-0,1327444
2,729189
-0,02183538
-0,2017487
-0,6338932
-0,01828179
-0,2995247
2,476915
0,2275726
-0,3594275
-1,567514
-1,188874
-1,042984
-0,1184856
-1,061366
-1,752629
0,4913479
0,02975468
-0,5397088
-0,4420819
-0,3954726
0,1301324
0,3795598
0,1941094
0,9568917
-0,1561122
-0,3454096
-0,706723
-1,230482
-0,5379248
-0,3483439
-0,1236197
-0,9435452
0,06423502
-0,7785962
-0,6217119
0,1662017
-0,1101291
1,207228
-1,043833
0,02740099
0,6813509
-0,6219522
0,751193
-0,4128167
0,01013419
0,4738462
-0,2586836
-2,30908
-1,420443
-0,2682258
-1,048974
0,3493768
1,037262
-1,135397
-0,9867738
0,3932993
-0,5360748
-0,6373793
-0,3724397
-0,09032834
-1,46294
-0,6294106
-0,7252426
-0,01438254
0,01918982
0,4772553
-0,3822722
0,134081
-0,2449291
-0,9305153
-0,05116784
-0,1164875
-0,2575446
-0,1449197
-0,103388
0,1883924
-0,2986609
-0,2368741
0,629587
0,1921184
1,121386
-0,4214104
-0,4394348
-0,08672242
0,01359262
-0,4359581
-0,003432261
-0,2592778
-0,3316971
0,6345014
-1,043208
-0,07404086
-0,2431736
-0,3631283
0,1077546
-0,3587663
2,279274
-0,1433848
1,033272
-0,3930586
-0,6278759
-1,319
-1,287532
-0,4695469
-0,6816872
-0,3827177
-0,223768
-1,086932
-0,5024682
-0,3815234
-0,3939326
0,4691099
-0,8685933
-0,6219617
-0,1310652
0,317801
-0,1736263
-0,1271748
-0,2034589
0,2592234
0,8237806
-0,2772267
-1,158868
-0,3488505
0,01815471
-0,2937566
-0,07038302
-0,5729985
-0,399428
0,01295594
-0,2026265
-0,4486685
0,7750983
1,919485
-0,2128923
0,6794482
-0,3066832
-0,2942415
-0,6421164
-0,3259895
-0,5380823
0,1154704
-0,2422554
0,07133102
-0,3171989
0,09873053
-1,291829
0,5646792
0,08354873
0,6139315
-0,07067126
0,4343999
0,202846
0,3435241
0,5094093
0,02835193
0,6037833
-0,1613638
-0,970036
0,4413119
-0,4371002
0,8351228
-0,3052391
-1,048272
-1,145499
-0,3087244
0,04827853
0,06911267
-0,1481193
0,3505589
-0,3473277
-0,9886907
-0,1821955
0,3203004
0,797216
-0,1830929
2,132223
-0,8592711
-1,143437
-0,03084723
-1,578875
-0,2362407
-0,4283692
-0,08480547
-0,2507943
-0,02766931
0,1483442
-0,2118172
-0,8290254
1,063354
0,1733409
-0,464398
0,7377587
0,1440933
-0,02265181
0,2649619
-0,04961405
-0,09311351
-1,581954
-0,3711648
-0,4358511
-0,1615857
-0,1966648
-0,02050673
-0,1123597
-0,2510003
-0,3330527
1,46537
0,7174421
-0,8650368
-0,2586542
0,03148263
-0,1630288
-0,6210925
-0,07790135
-1,421971
-0,4417225
-0,3297224
-0,1900367
2,006423
0,2648679
-0,2877108
0,09008089
-0,6426399
0,7408137
-0,3796158
0,1145075
-0,8971364
-0,2147343
0,03697701
0,04086931
-1,095496
-0,4930154
-0,3693248
-0,3323854
-0,7834083
0,2878864
-0,1595768
-0,2513716
-0,04922186
0,2530209
-0,2522482
-0,4428423
-0,06374561
0,2217932
-0,01712118
-0,02854264
-1,7453
-0,4190885
1,583628
-0,1850897
-0,9143012
-0,06693063
-0,5419014
0,0646528
0,02366452
-0,2461877
-0,7802207
-0,6990125
-0,9355578
-0,2686823
-0,4389336
-1,069372
-0,2075857
2,254143
-0,048399
-1,069161
-0,01185436
-0,2298242
-0,7240646
-2,01524
0,04704382
-0,3371777
-0,101739
0,1389109
-0,1960922
-0,3100336
-0,3251208
-0,8318508
-0,05282173
-0,1671752
-0,5607988
-1,1378
-1,029092
0,1211558
-0,3955641
-0,1043116
-1,566842
-1,054766
0,2470053
-0,7821662
-0,2345293
-0,2770288
-0,6269201
0,6961665
-0,932795
-0,6595329
-0,5644036
-0,5397362
-0,6593261
-0,2498117
1,805977
-0,1944441
-0,1777838
0,2472746
-0,2104059
-0,01503801
0,4229686
-0,2818362
0,0960253
-0,08035498
-0,09824044
0,5358453
-0,4116377
-1,30739
-0,4877133
0,09522579
-0,1148067
2,953666
-0,6547562
-0,3007496
-0,7866285
-0,6162116
0,04557322
-0,3894112
-0,8672844
-0,3927483
-0,6423903
2,198672
-0,01032701
-0,4729615
0,3190971
-0,01806074
0,1787644
-0,7442611
0,6817096
-0,8505948
-0,1653999
1,191821
-0,0558315
0,2108367
1,879407
-0,5433483
0,05309585
-1,019024
-1,221957
-0,5533144
-0,7894365
1,616111
1,045357
-0,07038396
-0,1745378
-1,051864
-0,1644841
1,174241
-0,3189074
-0,9991623
-0,01328166
0,1675223
-0,4288465
-0,3974068
0,09518245
-0,06420501
-0,6841602
-1,067916
-0,1684709
0,4575869
0,7142136
-0,1657655
-0,3054094
-0,9472136
-0,666688
-0,2960392
0,7660868
-0,4933079
-0,1627565
-0,05197941
-0,02732976
-0,1072367
1,079435
-0,3185801
0,05596938
-0,221456
-0,3681262
-0,2272731
-0,239032
-0,1242499
-1,104485
0,1307137
0,1607492
-0,1805957
-0,8679971
-0,1887992
0,104572
-0,3252652
-1,243878
-0,250406
-0,5133221
-0,2034577
-0,02721576
-0,3466533
-0,07688371
-0,6517736
-0,2743597
-1,89597
2,074187
1,49708
-0,5927173
-0,4104785
-0,4728826
-0,8985395
0,8980808
-1,263523
-0,7752626
-0,01029574
-0,6995711
-1,122417
-1,155592
0,1657842
-0,3827338
-0,8093202
-0,3252625
0,2553086
-0,1405492
1,511584
-0,8919764
-0,5403914
0,05380282
-0,3897438
-0,1750141
0,1126859
0,504778
-0,2057535
2,17302
-0,9015047
0,3276106
-0,02499431
-0,4936408
-0,3322998
-0,2237285
-0,1630712
0,0893591
-0,7239476
-0,08761863
0,01067372
-0,3022432
0,03568264
0,0270445
-0,1597699
-0,2491378
-0,1074144
-0,9340618
0,06228958
-0,8031036
0,3063138
-0,5777955
-0,1490044
-0,3979295
-0,3292305
-0,06114155
-0,3101745
-0,2384778
-0,1598345
0,7703757
2,378283
-0,3564693
0,5807363
-0,09015258
0,6489063
-0,2223222
-0,4349977
-0,3062598
0,3498616
-0,03637075
-0,2803315
-0,3698519
-0,3383647
0,09738436
-0,02064511
-0,08865505
-0,1598171
-0,3395008
3,438065
-0,2643901
-0,2541947
-0,2412815
-0,1828902
-0,2926016
-0,1620047
0,157366
0,005676195
-0,1034631
-0,4543379
-0,1478381
0,5935503
-0,7626634
0,1091522
-0,0420211
0,5071101
-1,264325
0,08115545
-0,3994342
-0,7649342
-1,548484
-0,215189
-0,02286087
-0,6772984
0,002578177
-0,5653057
-0,1543608
-0,1736693
-0,3271284
-0,4706181
-1,370293
-0,3192507
-0,3102845
-0,2982833
-0,7000664
0,07605291
0,3500185
-1,599087
-0,4178466
0,5167169
0,3203954
-0,9260947
-0,7934301
0,2475549
-0,05437129
-0,3096886
-0,09974935
0,08903885
1,587979
-0,004147702
-0,3531891
-0,3498125
-0,01039481
0,04977384
-1,229393
-0,3298389
0,07219049
-0,3990137
-0,356132
0,9831405
-0,1728132
-0,1358395
-0,08216698
-0,5031697
-0,4541502
-0,8597946
0,04503603
0,1312083
-0,5318785
-0,3099958
0,1407428
-0,2590524
0,03319164
0,3629962
0,07770383
-0,5723963
-0,1596472
-0,5594221
0,8780127
-0,07413799
0,04726056
-0,30831
0,08761915
0,08908464
-0,2580309
-0,02839926
-0,1419948
-0,4067069
0,07015534
-0,5697942
-1,217685
-0,1857033
-0,1821524
-0,7313686
0,4291236
-0,4723127
0,490192
1,704248
-0,6571365
0,07834738
-0,2204691
-0,2305667
-1,01578
-0,2557403
-0,9092184
-0,6004512
-0,08054113
0,2264905
-0,1558965
-1,06492
-0,213563
-0,2993879
-0,476259
-0,8000793
-1,016237
0,4532546
-0,8990496
-0,2093045
-0,7828335
0,1478656
-0,1827822
-1,471774
-0,2502252
-0,4524859
-0,2563668
-0,3454505
-0,07574961
-0,5803595
-0,1737528
-0,3224921
-0,7946383
-0,2846587
-0,7919662
-0,5493191
-0,4345254
0,1916383
-0,0911657
-0,04934009
-0,5131839
-0,07540569
0,001439393
-0,02870915
-0,2961633
1,696062
0,4360605
-0,2275693
1,146698
-0,2833903
-0,09527695
-0,5061185
0,4103902
-0,340863
-1,081311
-0,1934936
-0,2974297
-0,4399424
-0,18548
-0,2882931
0,2250264
-0,5014324
0,02876193
-0,73602
-0,1052136
0,08006983
-0,501462
-0,6011799
0,3240849
