1,447747
-0,8455219
-0,1185433
-0,4005382
-0,4019596
-1,40026
0,1135715
-0,3851075
0,4686481
1,60727
-0,6394616
-1,353447
-0,4275592
1,075877
-0,1937172
-0,323989
-0,231463
-1,096046
1,240136
-0,2583346
-0,9705985
0,1931082
-0,3305031
-1,049024
-0,0898428
-0,8173907
0,4323154
-0,4484104
-0,7422653
-1,382698
2,41387
0,7243608
0,491524
-0,1581326
-0,3959574
-0,01069868
-1,505685
1,931719
-0,252448
-0,1352041
-0,5578415
-0,5470318
0,2939913
-0,3853036
-0,5251108
-1,147946
-0,141366
-0,8606692
0,9262791
0,6301244
-0,3180171
0,0903495
-0,2170337
-0,745147
1,219224
-0,09245216
-0,2557354
-0,8389881
0,1947788
-0,2940159
-0,01684102
-0,6608927
-0,2856884
1,769622
-0,3910979
-0,2853938
0,1491142
-0,1075045
-0,556174
2,425748
-0,3422943
-0,3211586
-1,130789
-0,2906763
2,157143
-1,65931
0,005707894
-0,9685566
-0,3022183
-0,470869
-1,806237
-0,4706558
1,469383
-0,4382343
2,750691
-0,3406579
0,2458656
-0,3616621
-1,93655
-0,3127947
2,751268
0,1832441
0,6836371
-0,230548
-0,5872549
1,060026
-0,4774797
-0,5153887
-0,3528903
0,1924158
-0,4379501
0,5425648
-0,245051
0,002784425
-1,443832
-0,5965892
1,192841
0,5842046
-0,2612078
-0,2788552
-0,8459348
-0,2598029
-0,2079099
-1,777315
0,5777372
1,261885
-0,1558862
-0,2693689
-0,5051039
-0,1672369
-0,3635033
-0,324084
-0,1234834
-1,55705
-0,2959865
0,4952424
0,3325755
-1,31172
-0,3924794
-0,08184183
-0,351708
0,1801222
-0,5791519
-1,523105
-1,334521
-0,07563314
-0,69566
2,586816
-0,2773173
-0,06795021
-0,3892613
-0,4939306
2,694089
-0,6121783
-0,4778537
-0,2322159
-0,04516607
-0,3836041
0,470573
1,525043
-1,347141
1,288879
-0,7810935
-0,5418712
0,7923748
0,2693841
-0,3158842
0,9400129
1,076025
-0,6380152
-0,4844158
-0,3032593
-1,443813
1,476538
-0,7814082
-0,2158622
-0,4086211
-0,8090961
2,375129
-0,09468121
-0,1481215
0,5389839
-0,1326368
-0,9846206
-0,3957861
-1,133318
0,9246826
-1,095392
1,277057
-0,5921619
-0,4087265
-0,3168249
-0,1621645
0,1391549
-0,6513542
-0,4572586
-1,48001
1,284345
-0,06755807
-0,2171129
0,1662416
-1,74173
2,373572
-0,9009395
-0,4108306
-0,6497175
-0,9947345
-0,76167
-0,3354995
-0,8783368
-0,1502631
-0,3476889
-0,1538798
0,7899827
-0,4222829
-0,9356735
-0,05504587
-0,3865556
-1,193666
-0,3204418
0,6335187
-0,2007428
-0,546501
-1,938173
-0,4129692
-0,320931
0,5960813
-0,2979301
-0,422555
-2,237705
0,7499448
-0,2439165
-0,2475788
1,074607
-0,4280713
-0,1041809
1,53695
-0,4237273
-0,6353127
-0,1018736
-0,4154159
-1,630669
-0,3515234
0,8135126
-0,516769
-1,49192
-0,7002853
-0,03159631
-0,5527087
-0,341875
-1,796473
-0,3515716
-1,664787
-0,2429195
0,3528462
-0,4441608
-0,4043628
-0,1420241
-0,2357606
1,542044
-0,3997755
0,1365379
-0,1310204
-0,6747565
0,6057236
0,1532594
-0,2232564
-1,186626
-1,640881
-0,5760641
0,4019803
0,3072335
-0,08753993
0,1079828
1,606658
-0,002357413
-0,7200481
-0,3089187
-0,8142858
0,1508445
-0,1407395
-0,7327707
-0,9318154
-0,1873024
-0,05484374
0,3528343
-0,5056756
-0,7437538
-0,6675868
-0,8406749
-0,5123224
0,5181168
-1,037707
-0,4725213
-0,3983662
-0,603606
-1,677409
-1,200288
-1,140766
-1,287417
-0,3438824
-1,093582
-2,441849
1,169731
0,2847297
-0,3127419
-1,259425
0,9142187
1,426252
2,386492
-0,3821478
-0,7940911
-0,7041223
0,1085205
-0,96359
-2,071857
-0,5556353
-0,01114662
-0,5927461
-1,306901
-0,1382541
-0,3661401
0,07266159
-0,247754
-0,9470797
-0,3845902
0,9749892
-0,3484684
1,004675
-1,84458
-0,5537848
-1,62474
-0,3966515
-0,4460595
0,06941902
-0,3692651
-0,01484874
-0,6878412
0,2752113
-0,7300614
0,09106211
-0,7593169
-0,3922319
-0,8192835
-2,828404
-0,1672308
0,6491328
-0,4448818
0,07559905
-0,3118035
-0,5332753
-1,152757
-0,5332273
0,04551101
-0,5744057
-0,3927135
0,5435367
-0,2375758
0,527459
-0,002572695
-0,8409119
-0,3491206
-1,426878
-0,5905724
-0,1098746
0,6365116
-0,2604215
-0,5013797
1,384594
0,02872299
-0,2961689
1,009276
-0,8663096
-0,846307
-0,4146493
-0,2573583
1,345762
-0,2000394
-0,4445356
-0,1785112
-0,777334
-0,4263137
-0,6798189
2,648111
-0,3013776
-0,3076199
-0,4748845
-0,5095472
-0,8469281
-0,3322982
-0,3508872
-0,2528264
-0,3457961
1,825929
-0,1575906
-0,2737423
-0,6512891
1,821046
-0,1356582
-0,2239873
-0,7126507
-0,8319707
-0,4066752
-1,017853
0,0146341
-0,2741954
1,558768
0,5197144
0,440416
0,1676512
0,3452113
-1,178195
0,4795708
-0,2241789
-0,05141997
-0,611329
-0,4145235
-1,926478
-0,4549869
-0,6950215
-0,8746805
0,2618109
2,610471
-0,8193605
-0,5963989
-1,313587
-0,3602875
-0,3950306
-0,2431251
-0,3987857
-1,048043
-0,1630546
0,9049884
-0,5392836
-0,2871304
-1,563693
-0,1251753
-0,3634613
1,262368
-0,07999484
-0,04801879
-1,449425
-0,6406797
-0,2624489
-1,305366
-0,5298185
-0,2506017
-0,6155849
-0,1516689
-0,0573901
-1,25427
-1,939902
0,3743791
0,8134384
1,968821
-0,2316732
3,594885
-0,5169128
-2,171906
0,8675373
-0,5437211
-0,3222688
-0,4463245
-0,1579059
0,5888937
-0,263834
-0,3475761
-0,3053125
-1,992954
-0,8659723
-0,868073
1,549564
-0,2991132
-0,3914928
-0,1858547
-0,410127
-1,426062
-0,7640558
-0,3698207
-0,4298517
0,7853943
-0,2469748
-0,5951244
0,01123576
1,279986
-1,67428
-0,3535115
0,0133049
-0,3850043
-0,4441895
0,6338656
-0,2127348
0,3857163
-0,07726988
-0,3672741
-0,587613
-0,4031086
-1,25172
-1,847041
-0,6934525
-0,3167163
-0,5914732
-1,296621
1,39204
-0,9114783
-0,7794205
-0,6433523
-0,4434257
-2,615916
-0,4535525
-1,200236
-0,3762932
0,7862728
0,3243449
-1,685373
-0,8700723
-0,3741919
-0,3146044
-1,276344
-0,7062976
-0,3621869
-0,3769421
-0,4814149
-0,1831156
-0,2465682
-0,9823149
-0,4410335
-0,4084182
-0,4095264
-0,3611148
-0,4550631
-0,213632
-0,4297166
-0,1308016
-0,8697956
-0,5189912
-0,589851
-0,1184313
-0,2531786
0,05551395
-0,1909812
0,9285294
-0,1492234
-0,8234897
2,477756
-0,8442767
-0,5372914
-0,374466
-1,165212
0,352104
-0,2820212
-1,102679
-0,2567994
-0,8102468
-0,125114
2,444863
-0,1542822
-0,5129792
-0,3255368
0,08582785
-0,6494572
1,306336
-0,6135417
-0,4643823
-0,4618765
-0,3555604
-0,3115443
-0,3720998
-0,3786542
-0,5829701
-0,5201335
0,07266537
-0,1138729
-0,2935216
-0,8603819
-2,219503
-0,390545
-1,359091
-0,1969012
0,3494149
-0,7413324
-0,4647861
-0,8961143
-0,8864378
-0,6048759
-0,3703388
-0,6059259
-0,5687859
-1,089316
-1,444844
-0,334686
-0,440141
-0,239773
-0,4873446
-0,8838091
-0,7609527
-0,240589
3,178444
1,190873
-1,03719
-1,194791
1,215515
-0,5440012
-1,980075
-0,9747283
-0,2528108
-2,03441
-0,3722797
-0,7957262
-0,4620324
0,6808153
0,05681216
-0,2538679
-1,251904
-0,324342
-1,800715
-0,3259073
-1,227899
3,238444
-0,07467158
1,21739
-0,6241873
-0,5901625
0,1939723
-0,5887325
-1,450471
-0,4432626
-1,241056
-1,088917
-0,388897
-0,4499991
-1,221207
-0,8977155
-0,5984367
-0,2389177
-0,8913844
0,5863409
-0,4070539
-0,4817563
-0,3585152
1,084606
-0,5317413
-0,376115
-0,3184963
1,527189
-0,3060116
0,8974878
-0,4019252
1,064605
-0,2519957
-0,3842117
-0,3640183
-0,6306283
-0,3728881
-0,7033774
-1,249927
-2,209154
-0,5184563
-1,153054
-0,2349971
-0,6646349
-0,2780661
-0,4080923
-0,1835774
-1,074822
0,5324684
-2,343574
-0,2135441
0,06971651
-1,020543
-0,6023489
-0,613672
-0,6278424
-0,8472576
-1,064714
-0,002038635
1,505214
0,3493447
2,463212
-0,51441
1,298772
-1,553895
-0,2142569
-0,488706
-0,4080363
-1,341611
2,074734
-0,238271
-0,1008753
-0,4817975
-2,427466
0,01435908
-0,9939333
-1,4759
-1,10539
-1,06181
0,6099872
-0,3202181
-0,2924761
-0,1874998
0,2661317
-1,18484
-0,9882607
-0,5440612
-0,7122654
-0,1843084
-0,10399
-0,382609
-0,9135808
-0,2786923
-0,1828863
-1,426249
2,201625
-0,917339
0,9904565
-2,267289
-0,04404413
-0,5332958
1,574765
-0,1410876
-0,2878416
-0,4962408
-0,7724761
-0,3442131
0,06208777
-2,473021
-0,2945153
0,01065173
-0,1582413
-1,303317
-0,3009327
-0,3644812
-0,1933678
-0,7808685
-0,1417184
-0,3731932
-0,2772394
-0,166953
2,285557
0,375002
-0,2451747
-0,4141017
-0,4283485
0,4550903
-0,4514802
-0,3156518
-1,178144
-0,535736
0,0362719
-0,7089041
-0,4675698
-0,3358106
-0,2699655
-0,7509894
-0,6020364
-1,179366
2,133371
-0,2507361
-0,555624
-0,6740635
1,044834
-0,2547453
-0,6587495
-1,184623
0,05738183
-0,176724
-0,5670334
0,1322129
0,8325381
-0,02443393
-0,1676546
-0,3150818
-0,3349978
-1,176332
1,447961
-1,329126
-0,7571034
-0,3236763
0,3905663
-0,8985338
-1,566566
-1,419863
-0,4143609
-1,151341
-1,339668
-0,798254
-0,1086916
-1,592632
-0,1238817
-0,4107094
0,1397688
0,6190171
-1,024855
-0,3878753
-1,042386
-0,6561229
-2,401727
-0,2513188
1,991127
-0,1151871
0,2815853
-0,3113276
-0,5961484
-0,5322468
-0,2368211
-0,1038261
-0,3718496
0,09721438
-0,01351926
-0,9671003
-0,3282973
-0,4178013
0,2286147
-0,1803028
-0,2058748
-0,3342869
-0,4810337
-0,6708899
-1,486372
-0,6587082
-0,2642407
-0,4058683
-0,3745916
-0,4311946
-0,1755487
-0,3209442
-1,267921
-0,1445491
-0,1192567
-0,3886019
-0,2928303
-0,3189985
1,261415
0,1398014
-1,767011
-0,2343278
-0,4995715
0,07010148
-0,7111113
0,5962018
5,100852
-0,9768205
-0,6585374
-0,4329479
0,4240924
-0,1836559
-0,6829556
-1,183616
0,343505
-0,6004307
-0,411032
-1,833228
-0,2381997
-0,1379606
-0,2028477
-0,6725069
2,406887
-1,185257
-2,426316
-0,3681537
-0,8993114
0,3539346
-0,7398695
0,8470811
-0,536032
-0,6392443
-0,3886179
-0,4391984
-0,9795251
0,1020958
-0,8045884
-0,6754488
-0,2514436
-0,342493
-0,03016283
-1,006359
-0,906854
-0,6916299
0,6879154
0,1981792
-0,1531104
-0,2578892
-0,01357261
-1,095775
-0,2919748
-0,2904608
-0,4428448
0,6950338
-0,9067029
-0,4363582
-1,109482
-1,026182
0,1790793
-1,347504
-0,5762004
-0,5387732
0,4390538
-0,4590075
-0,1058024
1,409974
-0,1573708
-0,4012311
-0,2438199
-0,4890639
-0,152161
0,004181863
-0,237283
-0,9686455
-1,908508
-0,1272597
0,8808185
