0,5079789
-0,8021358
-0,1698178
-0,831098
0,1091377
-0,1135974
0,1522954
-1,522079
-0,093875
-2,605182
0,4009016
-1,330674
-0,1965103
1,338619
0,04743788
0,1822507
0,1020956
1,73246
-2,305255
-1,010726
0,2836493
-1,563012
0,112218
-1,220577
0,2114123
-1,254972
-0,4276011
-0,1411551
-0,2042432
-2,140994
-0,2124043
-0,2301578
-0,3179678
0,5055805
2,068403
-0,3993053
1,151124
-0,2415251
-0,08650825
0,07893243
-0,7693303
-0,03607103
0,1356669
0,04591548
0,3464274
-0,3308272
0,7916613
0,08599196
0,2969944
-2,267957
-0,8406844
-0,6384189
0,03442299
0,4014666
-1,518653
0,3223256
-0,1747836
-0,5354213
0,08513658
-0,02546198
1,227456
-1,446603
0,1754929
-0,5728835
-0,0375311
0,153745
-1,396858
0,7915016
0,2841233
-0,3218589
0,04583363
0,1501194
-0,3897661
-0,05056654
-0,004596212
0,1286568
-0,8913243
0,2382186
0,1830379
-0,1961338
-1,047307
0,4978437
-0,6641544
0,2068631
-1,80458
-0,1214111
-0,07636413
-0,1222296
-1,7603
0,1488352
-0,9394882
-0,903663
-0,2812902
0,06192172
0,5116763
-0,7858145
-0,3329218
-0,40515
0,1996498
-2,065512
0,1280211
0,6982513
0,03116271
0,4871036
0,9264059
0,01756907
-1,844603
-0,7690261
-0,1162081
-0,2240596
-1,406527
0,03605467
-0,2796586
-0,9650538
0,7065467
-0,1278266
0,2651055
0,08217051
-0,03097018
0,1520613
-0,3595464
0,01714987
2,439316
0,2686745
0,4293353
-0,5319005
-1,76862
-0,2864892
0,04763206
-0,5699313
-1,129384
-1,991179
-0,252735
-1,422308
-2,273093
2,143055
0,7118335
-1,198127
0,2662316
0,06409133
1,053529
-0,2132295
-1,036351
0,04197484
0,1130132
0,08725331
0,2280823
0,02375574
0,6747969
-0,1834232
-0,01881039
-0,8579523
1,240349
0,2614799
0,7145048
-0,2906262
-0,8403306
0,1754733
0,4449978
0,1129779
-0,1407895
0,9379731
-0,1454068
-0,2408817
-0,1859826
-0,1585128
-0,6581678
-0,1820376
0,1169846
0,525346
-1,149329
-1,336285
0,05898685
0,2605861
-0,4203225
-0,1472796
0,9928131
1,181916
-2,208029
0,3534455
0,193831
0,05179279
-0,8186558
0,4850073
0,2757855
-0,2441911
-0,8503944
-1,842744
1,811969
-0,05643301
0,9296685
-1,14531
-0,29571
-1,018959
0,3247999
0,4058134
-0,4176975
-0,2823027
0,1852889
0,2064539
-0,01575359
-0,875345
0,07716016
-0,4781168
0,7008521
0,06690013
-0,3681774
-0,03995328
-1,098619
-0,0318446
-1,009746
0,21698
0,3059201
-0,1449069
-0,2663929
-0,0005605304
0,5818918
0,863042
0,03753635
1,688856
-0,8095995
0,04242101
0,2081954
-2,041367
0,004849574
-1,789908
-0,6297226
0,006902059
-0,316385
-0,4721045
-0,02204307
-0,3722156
0,3621299
2,458672
0,1614746
-1,182806
0,1344741
-1,556498
0,1175508
0,1873978
-1,130996
0,1187768
0,1909117
-0,08449612
-0,3226598
0,2515433
-0,08408956
-0,304908
-0,6037436
0,03497992
3,58576
2,060689
-0,2601121
-0,5841356
0,4637831
1,218465
-0,009269114
-0,3027438
-1,009395
0,3531384
-2,226281
-0,1984838
0,2514616
-0,2347966
0,2171223
0,635505
-0,3596677
0,2637166
-0,2859011
2,174454
0,6891637
0,5275799
0,2465776
-0,007469729
-2,13408
0,8561126
2,377407
-0,5113078
0,5914946
0,460877
-0,09256981
0,8169513
-0,7919191
-0,2095471
0,03838855
-0,7734739
0,1582559
-0,3479759
0,1609708
1,036674
0,03742761
-1,009719
0,1994915
0,3000652
0,7901669
-0,3673388
-0,4831153
-0,993444
-0,7204641
-0,04491173
0,07241856
0,1002544
1,499307
-0,9060699
-1,86969
0,7316031
-0,193256
0,3827337
-0,3462327
1,48597
0,03474579
-0,9759306
0,09549245
-0,6683746
-0,5792246
-0,01049038
-2,103214
0,05054616
-1,320073
-0,6188531
-0,5082918
0,2909226
0,02842524
-0,171058
-0,4338971
0,2994576
0,6748984
-0,1465084
2,452911
-0,2678792
1,216518
-0,6397726
0,003421757
-0,08567065
-0,674753
0,1774039
-0,8570096
-0,08823136
-0,809663
-0,292095
-1,036528
-1,334447
0,2321188
0,03138109
1,000707
-0,5107698
0,1210612
-1,21785
-0,839061
-0,6618945
-0,4320708
-0,2535252
-0,1614644
-0,2885486
0,1556042
-0,4865642
-0,07057521
0,195976
0,7239144
1,535503
0,1193913
-1,297558
-0,2953705
-1,638271
-0,2645954
0,07242738
-0,2873073
0,2417623
0,1240016
0,008831949
0,1976778
-1,447189
0,1281704
2,353014
0,1077242
-0,1723578
-0,01757071
-0,3104694
-0,6288629
-0,3886513
0,04360566
-0,2221739
-0,1147368
1,653112
-0,3649203
0,07215663
-0,466818
0,3489788
0,2982578
3,009332
-0,40199
-0,183633
-0,1350224
-0,1442798
0,09722962
0,1730779
0,6415837
-0,2419618
0,6332673
0,9922827
-0,7916488
-1,615821
2,354937
-0,006549903
0,2758535
-1,123117
0,2020247
-0,3994846
0,05173042
-0,002968846
0,05278464
0,1282889
1,815155
-1,058111
-0,7655123
0,3753469
0,4019641
-0,1374662
0,09607645
-0,1532705
-1,382756
0,102347
-0,777181
-0,06027391
-0,1851251
0,7646049
0,2432253
-0,2595432
0,2250165
-0,05181508
0,1804291
-0,6464584
-0,01924606
-0,73318
-0,6990797
0,1192284
0,1093475
0,1542933
0,1198505
0,2921251
-0,7546474
1,004153
-1,611898
2,960383
-0,09137017
0,3119454
0,07652095
0,2537355
-0,5406272
0,8798726
0,0797565
0,8706914
0,1438281
0,6170427
-0,3740249
0,01094201
0,05215724
0,5941445
-0,9792076
-0,9631055
0,249412
1,217172
0,1138831
0,3907932
-0,6318327
0,4400597
0,244032
-0,6683459
-0,2986659
0,04766586
0,8446929
0,01447437
0,1532889
0,2484291
-1,281457
-0,7472214
0,6346904
-1,688245
-0,06171251
-0,02603268
-1,20662
0,3848464
-2,071558
0,2690227
0,0546582
-0,08794637
-0,3689553
-0,9748634
1,76229
-0,6339154
0,2065055
0,7668302
1,03641
-0,7979413
-0,5826144
0,6360914
-0,1244775
-0,1429603
-0,1586052
-1,05086
-1,133563
0,2254526
0,2115774
-0,3043643
0,3360517
-0,5550834
0,08977921
-0,07601511
-0,8246377
0,0669531
0,3261808
0,3401489
-0,1223761
1,496471
0,08142556
-0,5767418
0,8143203
-1,822587
0,2761237
0,07070553
-0,2801812
-2,787791
0,1700651
0,05017723
2,26764
-0,1353657
-0,9462092
-0,2050201
-0,348548
-0,1290065
-0,02175473
2,333358
-1,496441
-1,759127
-1,394722
-0,9843044
0,6598825
0,009137924
-0,2351611
1,099596
0,03032786
-1,255067
0,3042703
-0,5217792
0,08096147
-1,17636
-1,304045
0,3860062
-0,09177917
0,6452895
0,718979
-0,04057338
1,447001
-0,6538028
0,2665603
-2,616699
0,0009767783
-0,09637534
0,1949357
-0,2199767
0,0480043
-0,4091741
0,103767
0,01122746
1,382085
-1,226912
0,6427007
0,3828806
0,02185574
0,7527929
-1,623487
0,140975
-0,8012069
0,1741831
0,3877738
0,1137641
-0,210358
-0,4367176
-0,6733008
-0,400539
0,1457087
-0,1556172
-0,496874
0,06988676
0,2002306
-0,5298756
-1,455065
-0,3110124
-1,023378
-0,548478
-0,371046
-0,3912124
-0,02044153
0,1465469
-0,8593806
0,5997106
-1,476537
-0,4371472
-0,6267326
-1,334703
-0,8626765
-0,2694487
1,039384
-0,9750236
0,1934813
-1,956964
-0,2227077
-0,5146317
2,052713
0,1208528
-0,5312835
-0,3740746
-0,06617778
1,340552
0,03790126
0,2078604
0,09222745
0,9360223
-1,122583
-0,1071398
0,2150637
-0,8719533
0,7725183
0,5665679
-1,173076
-1,249844
-0,2529017
0,03247992
0,1651016
0,1904003
1,044824
0,05812458
-0,05189451
0,03713468
0,06645457
0,2556475
-0,4001339
-0,7892547
-0,7334286
-0,09049268
0,04061668
0,4080901
-0,1236436
0,08204655
0,5003942
-0,6621045
1,958199
-0,4617879
0,4267341
-0,05920537
-0,07932395
0,2591708
0,02803192
2,391895
-0,3576483
-0,4806328
-0,7939289
0,822998
-0,9778405
-0,7637774
-1,196912
4,76647
-0,8115231
1,020999
-0,2589917
-0,05322357
0,1415292
-1,062699
0,9183261
0,1094306
-0,6294181
1,88515
0,187243
-0,0460419
0,3929756
-1,361539
0,8632038
0,05990976
0,525799
-0,1600553
-0,02026483
0,6982819
-0,4203109
-0,06824481
-0,6450337
1,713389
-0,02056548
0,07347692
0,8892092
-0,04439116
0,2820896
-1,704725
-1,103001
-0,6614695
0,4508105
0,2196701
0,2902477
0,4923055
-0,09228754
0,1459941
-0,1261466
0,9446291
0,8260721
0,5853449
0,4680873
-1,497431
1,416471
-0,01478468
-0,6552
-1,530621
0,1400428
0,01298198
-0,2512267
-0,01758415
-1,814832
-0,009567124
0,3642468
-1,618555
0,3123803
-0,5926352
0,1170741
0,1306134
0,4352587
1,50189
0,4174259
0,2454077
-0,03744535
-0,05191099
-0,390165
-0,4220697
0,1206626
0,01877644
-0,007482513
-0,3260801
-0,02278964
0,2692043
-0,5034779
0,1788806
0,01392225
0,3195814
-0,1879792
-0,03366513
-0,08653058
-0,4511787
-0,09974832
-0,266277
-1,201415
-0,06372909
0,6056619
0,09196273
1,441048
0,4623258
-0,04881347
-0,4608822
-1,201428
0,04177718
0,06739271
0,2755684
-1,639017
0,8443111
0,3567356
0,3311284
0,3378273
-1,481638
1,029135
-0,09809772
0,103287
0,1739145
-1,144536
-0,9883989
0,3460526
0,695214
-0,02511589
-0,5902295
-0,1493747
-0,8449321
0,2240137
-1,226469
0,2005272
0,1631839
0,1934776
1,021021
-1,353213
-0,1268506
-1,219687
-0,05210993
0,1454004
0,0001954388
-0,5072857
0,188315
0,1488009
-0,2731423
0,7164616
-1,007115
0,3850902
0,05365082
-0,004618436
-0,8474189
-0,4158438
-1,753467
0,03681452
-0,07377419
0,2625917
-0,03099944
0,9690267
0,1449841
-0,1994419
0,1458416
-0,9943328
-1,116211
-0,01301778
-0,5400406
0,2751676
0,03689843
-0,1986999
-0,2407961
-0,3480799
-0,09589776
-0,2556396
0,03315556
-0,3303612
-0,1412457
-0,03387055
0,06551903
0,02413729
0,2923539
0,1987276
-0,2306885
0,7710903
1,773893
-0,1016203
-0,9956626
0,9138668
0,271659
-0,4004903
0,1163314
-1,142849
-0,6445979
0,1010058
-0,8902985
0,2452775
0,0322961
0,06154609
-0,8613586
-0,03875119
-1,473689
1,792314
-0,4649741
0,5987704
0,7348565
-1,37409
4,516647
-0,6483007
1,684351
-0,2364836
0,1431759
-0,4736813
-0,1345185
-0,2957222
-0,5250465
0,5877126
0,4135878
-0,05485384
0,1599105
-0,258361
-0,03365215
-0,4757786
-0,3956186
-0,6047544
-1,336451
-0,1841503
0,2015961
-1,562497
2,477213
0,08425889
0,2316829
0,02639784
-0,6129127
0,1371847
0,6366178
-0,4927117
-0,8804536
1,011423
-1,486781
-1,034536
0,1737812
-1,481813
-1,474326
-1,12019
1,963613
0,1234503
0,3347916
0,04202593
-1,407711
-0,1484853
0,3697718
-0,2223272
-1,814556
-0,3298418
1,539223
-0,4999263
