-0,002770246
0,001832392
0,00160729
-0,00163459
0,001658189
-0,001826921
0,001173006
0,0001697349
0,0005320699
-0,002200601
0,002894832
-0,0008430809
-0,0006938199
-0,002536238
0,002752064
-0,002214145
0,001751652
0,0002781296
0,002899091
0,000932416
-0,0007020933
-0,002254173
-0,001335061
-0,000484775
0,0001306776
0,00174795
0,002174644
0,002167092
0,002934323
-0,001047623
0,002843885
-0,002845296
-0,001054673
-0,002637576
0,0005455888
-0,001604745
0,0007501002
0,00167033
-0,0008917525
-0,001660678
-0,002858225
-0,002166372
0,0003235214
-0,00167934
-0,00276736
-0,0001263064
-0,001191448
-0,001830792
-0,002364114
0,00196338
0,0002909162
0,001119312
-0,002065593
-0,001929194
-0,002887503
0,002544533
0,0001674522
-0,0009079354
0,001295338
0,002970846
-0,0009409588
0,002066521
0,0002960184
-0,001420307
-0,00198388
0,002740128
-0,002788408
-0,001056244
-2,12205E-05
0,001356809
9,636096E-05
-0,002918678
-0,001830118
0,001559769
0,0007906412
-0,001535722
0,0004829115
-0,002655721
-0,0007174147
-0,002743016
-6,060254E-05
0,001005436
0,001531206
-0,002029057
0,001722067
-0,001275427
0,002280903
-0,002125479
-0,002750073
0,001061662
0,001288409
-0,001341964
-0,002625009
-0,000801992
0,002340887
-0,00186414
0,0005982159
-0,001256172
-0,002695459
-0,002446882
-0,0003378987
0,002925402
0,001251034
-0,000660317
-0,001132981
0,000209594
-5,056995E-05
-0,0005647558
0,0003407706
0,001708825
-0,0009383783
-0,0001768269
0,002870085
0,001038354
3,144809E-05
0,001114211
-0,002464685
-0,0006749242
-8,176763E-05
0,002352153
-0,002540776
0,002397677
-0,001306171
0,001977724
-0,0029316
-0,001561675
0,002766937
0,00203248
0,002279489
-0,000345219
0,0009266686
-0,001260917
-0,002960261
-0,001270533
0,0006554888
7,4601E-05
0,002815008
-0,0008084771
0,00216453
-0,001487527
0,001835749
-0,0001543409
0,0005943564
-0,001398292
-0,00099996
-0,001534764
-0,001151444
-0,000602757
0,002227166
-0,001773325
-0,002399454
-0,00172686
0,001886202
-0,001987006
-0,002906106
0,00032503
0,001231573
0,002333916
-0,0007287171
-0,002571306
0,0005032631
0,000977556
0,0002163615
-0,00231401
-0,002217843
-0,002677462
-0,0002165654
0,001140618
-0,002617134
0,003017453
0,001359809
0,001404398
0,0002211523
-0,00159424
-0,002483597
0,0006741714
-0,001196679
-0,002907878
-2,231612E-05
0,001663771
0,002650375
0,0003696939
0,00286592
0,001052813
-0,0009457647
-0,0003464714
-8,651274E-05
0,002087351
-0,001364426
-0,002669541
0,001903634
-0,002518908
0,002980846
0,001735836
0,001069816
-0,002141807
0,002689904
-9,163325E-05
-0,002180449
-0,001322499
0,001742407
0,0007685442
-0,0009856225
0,002270319
-7,252759E-05
-0,0007432462
0,001112594
0,0004804424
-0,00250341
-0,0005196716
-0,001478291
0,001139452
-0,0006437675
0,0006681184
-0,002161075
-0,002866431
0,001172242
0,002224154
0,00169236
0,001189234
0,0004696573
0,00075669
-0,0004949555
-0,002947593
-0,001886181
0,0008787173
0,001484158
0,001545922
0,0003965499
0,002718817
0,001044874
0,00195556
0,002333177
-0,001699818
0,002981969
-0,001118169
-0,001644684
-0,002404399
-0,001874659
0,002858087
0,001601541
0,002493651
0,00159076
0,002215851
0,001869356
-0,002235818
0,001185465
-0,0006872724
0,0008969115
0,0009362464
-0,0002534426
-0,00253425
0,001276612
-0,0003090769
0,00126845
-0,002014283
-0,0017365
-0,001038029
0,001156499
0,002109361
0,0008332021
0,002627277
-0,002916107
-0,00216162
0,001496061
-0,0003732452
0,001866881
-0,00194395
0,0007467549
0,0020177
0,001838859
0,0005766407
0,001098813
0,001894879
0,002648299
0,001036612
0,002226536
0,0003497994
-0,001756343
-0,002650363
0,002753858
-0,0008285698
-0,002350989
0,00252091
-2,774101E-05
0,0005791241
-0,002321052
-0,0003577464
9,23383E-05
0,001996252
-0,002381669
0,002453952
-0,0005002922
-0,0009234141
-0,0009751145
0,002034869
0,002409759
0,0007523801
-0,002280209
-0,000757399
-0,001042093
0,0001294151
0,001626579
0,001939818
0,002157994
0,002230523
-0,0005724574
0,002442339
0,0001032299
-0,002768162
-0,001180213
0,0009743063
-0,002281686
0,0008068623
0,002416109
-0,001338228
0,001978267
-0,002376411
0,0009267272
-0,002083063
-0,001052193
-0,0007753726
0,001024318
0,001811109
0,001399368
0,002445513
-0,001923067
-0,0009777729
-0,0001300065
-0,00238657
0,00168746
-0,001525844
-0,000369991
0,002061662
0,001452336
-0,0003755571
0,0006054575
-0,001230201
-0,002637084
0,0008023423
-0,001848418
-0,001702786
0,00259963
-0,0001394994
0,000176465
-0,0002953689
0,001735638
0,001753452
-0,0002789172
-0,002636886
-0,002943397
0,001786169
0,002886259
0,00286346
-0,002705206
0,002793886
0,002165703
0,002876076
-0,00245955
0,002773087
0,00115359
-0,002594685
-0,0004276539
-0,0005102
-0,001395016
-0,002654368
-0,001655703
-0,001282742
0,002415132
-0,0002083338
0,00111692
0,0002084677
-0,002739327
-0,002875615
0,002825961
-0,002349407
-0,0003143964
-0,001836183
-0,001365356
-0,001305263
-0,002290125
-0,0006159127
0,00236175
-0,0004931202
-0,002443173
0,002961897
-0,001351497
-0,0001728448
0,001766868
0,001719056
0,0005193457
0,0007899874
-0,001770651
-0,002349564
0,002709359
-0,002253734
0,001785474
0,0001098299
-0,001744483
-0,0001691667
-0,001639666
1,838032E-05
0,002398925
0,002990023
-0,0006932007
-9,125884E-05
0,001525496
0,002761874
-0,002962501
0,002704808
0,0001082824
0,001001886
0,001241433
0,001906319
0,002063211
-0,001230497
-0,001895829
-0,002934534
-0,001067027
-0,001296307
0,001757735
0,001577748
1,099584E-05
-0,002303924
0,002332926
-0,002673067
-0,001020881
0,002670844
-0,002524368
0,002079695
-0,001074276
0,00263638
0,002968906
0,001864416
-0,002665597
0,000752101
4,576827E-05
0,002432334
-0,00279992
0,000708692
-0,001563599
-0,001052765
-0,0002103436
0,002122666
-0,001389226
0,002578066
0,002609161
-0,0006163635
-0,001352169
0,0009398559
0,002702701
0,001720008
-0,001823143
0,00261243
0,001133704
-0,0001568082
-0,002992615
0,001702849
-0,002342904
-0,001020134
-0,002070378
0,001915259
0,002286241
-0,00198159
0,0007790832
0,0005325087
0,001093586
0,002437622
0,001571915
-0,00168889
0,00178434
-0,001267557
0,002925992
0,001284887
-0,002732708
-0,0001894999
-0,001211908
0,0009489354
0,002145909
0,002815467
-0,002221622
0,002656088
0,001023013
-0,0004036174
0,0024376
0,0002663224
0,001459523
-0,002643524
-0,002269288
0,0005518175
0,0007447165
0,001403525
0,001775237
0,00128082
-0,0002209306
-0,0004182519
-0,0002784005
-0,001228754
-0,001656417
0,001138871
-0,00151552
-0,002828461
0,000872327
-0,002663279
0,002216122
0,0009702578
0,001854622
-4,742393E-05
0,002345138
-0,001676796
-0,0019449
-0,0008809449
0,002617546
-0,002097765
-0,001798512
-0,001665859
-0,002107754
-0,0003101411
-0,001358584
-0,002487239
0,002133592
0,0007371099
0,00170691
-0,001979902
0,0006269997
-0,002619185
1,781194E-05
-0,001354828
-0,001494183
0,0007461499
-0,002911099
-0,002983155
-0,0003946479
-0,001992962
0,001330987
-0,002393161
-0,001216239
0,0006862924
0,0004408669
-0,001532658
0,001472306
-0,001493053
-0,001928056
0,002468114
-0,0005032826
-0,001374339
0,001846586
0,0008730023
7,933185E-05
-0,001555071
-0,001310498
-0,002968259
-0,00287017
-0,002169177
0,002065885
0,0008079758
-0,001474765
-0,0001477709
-0,0002296731
0,001835307
-0,002047554
0,0002094507
-0,001553242
-0,001401011
-0,001765696
-0,001961745
0,002574309
0,001610508
-0,0003681461
-0,002405351
0,002610985
0,0002665595
0,002309598
-0,002825926
-0,0008989392
0,0006266452
-0,0003348337
0,002299402
0,001583987
-0,0009986616
-0,001405165
0,002205416
0,001626446
-0,002939111
-0,0009433524
-0,00294284
0,002947621
-0,00122547
-0,0009982415
-0,002476989
0,002142211
0,001992138
-0,002084034
0,001666166
-0,002485104
-0,001737145
-0,002939812
0,002533561
0,00123381
-0,001541537
-0,0008880417
-0,002763923
-0,001758852
-0,000515317
-0,00110545
0,001483549
-0,002217252
0,003016362
0,001790368
-0,00156076
-0,001857191
-0,0007135617
0,001328848
-0,002231011
0,0002404716
-0,001192364
0,001643611
-0,00161413
0,002602947
-0,001822856
-0,001848761
0,0007997796
-0,0003912502
-0,0008911575
-0,001486956
-0,002381153
-0,0006494059
-0,002356568
0,002719784
-0,002161795
0,0005664569
0,0001922112
-0,001934408
0,0001255239
0,002949986
-0,001641242
0,0009642674
-0,0008582372
0,001226945
0,0006337048
0,002335018
0,002991866
4,476773E-05
-0,002437482
0,002440808
-0,0001442273
-0,00233671
-0,002853023
-0,001574306
0,001767866
-0,0003201494
0,001734925
0,00299122
5,666675E-05
-0,002692777
0,001372785
0,0006879334
0,002192912
-0,002028361
-0,001724298
-0,0008670451
-0,002860683
-0,002703423
0,0009521624
0,0009333893
0,001011204
-0,001779154
-0,001796675
-0,002120391
-0,001118287
0,000903975
-0,0004981519
0,0002195306
-0,001030758
-0,001097268
-0,00178002
-0,002244988
-0,0009537686
-0,0002713595
0,001717877
0,003016164
-0,0007963829
0,002278344
-0,002048081
0,001218961
0,001892138
0,0002615969
0,001069531
-0,0001816995
-0,001422799
0,0007314308
0,001831961
-0,001829876
-4,875699E-05
-0,00149925
0,002195701
0,002695289
0,002153211
-0,0003102648
-0,001570396
-0,001365074
0,002520571
0,002327974
0,002604587
-0,002136109
-0,002821998
-0,001484606
0,001021978
-0,001846065
0,00214785
0,0006177729
-0,001358298
-0,0005357286
-0,0006856323
-0,001679855
0,002989944
-0,002078421
0,002405265
0,002793808
0,002101857
-0,002250393
0,0002119209
0,00144563
0,002363013
0,001210889
0,00213262
-0,001668276
-0,002731713
-0,002531508
-0,0002323632
-0,001414703
-0,001337593
0,002417102
-0,001700963
8,295095E-05
-0,002504407
-6,375118E-05
0,002734363
-0,002911972
0,001040958
0,0003767445
0,002300225
-8,440346E-05
0,0007310568
0,001020035
-0,0009102713
-0,00063231
0,001916362
-0,001368902
-0,001428588
0,001274122
-0,002709976
0,00242001
0,0006484843
-0,002320004
0,001483612
-0,001925059
0,003025567
-0,001606302
-0,001208123
0,001906884
-0,001752894
0,0005534861
0,001446904
0,0005625527
-0,001044634
-0,0007147941
-0,001834765
0,002292023
-0,002175448
5,369492E-05
-0,001752178
0,002317237
-0,001247151
-0,001274888
-0,001490011
-0,002703676
-0,002285427
-0,001657021
-0,0008788399
-0,0002350704
-0,0005240319
0,001697795
0,001957686
0,00155412
-0,001704727
-0,000696997
-0,001231382
-0,002380959
0,001659945
0,002481258
-2,871225E-05
0,001340665
0,001356756
0,00219468
-0,0008703617
-0,001253261
0,001529298
-0,002831496
-0,0009353317
0,002865129
-0,001797545
0,002684945
-0,002193453
0,001578323
2,63003E-05
-0,001966607
0,0006671604
-0,001076628
0,002230613
0,001187287
-0,002639632
0,001682588
0,002333144
0,002087554
-0,0005690838
-0,0003900829
0,001656406
0,00295339
-0,0007327207
0,002712969
-0,002483412
-0,002453806
-0,002367923
-0,0015961
-0,002917593
-3,223657E-05
-0,002039519
-0,0003812248
0,00265608
0,002823856
-0,001172368
-0,002453931
0,002338917
-0,0006833627
-0,001437526
-0,0001483713
0,0008912488
-0,002620638
-0,00147218
-0,002738119
0,001696449
0,002905852
-0,001550967
-0,002527342
0,00212089
0,001349306
0,002068127
0,002329809
-0,0002362361
0,002580327
0,0001509384
0,001636515
0,0009618309
-0,0005876949
0,002348541
-0,002343739
0,002052868
0,002463252
0,001495916
-0,002941463
-0,002927088
-0,001951615
-0,0006721022
0,002467363
-0,0006403447
0,002874905
0,002404278
1,65069E-05
0,0005250796
0,002639894
0,001779274
0,001277044
0,00142557
-0,0009946013
-0,001983479
-0,002328658
0,002157767
-0,002840581
-0,0006563837
-0,001206292
0,0009602429
-0,001308722
0,002915618
-0,002924247
-0,0003270822
0,0002517231
-0,0003551556
-7,338847E-05
2,870244E-05
-0,002093787
0,0008593667
0,001488602
-0,001055948
-0,001530717
-0,002811031
0,0006480634
0,0005779543
-0,0009577245
0,001173609
0,9999624
